# gradients (DV/DL) for lambdas: 0.0 0.1 0.2 0.3 0.4 0.5 0.6 0.7 0.8 0.9 1.0
0.000000 -0.803600 -1.930900 -1.348600 -1.978700 -0.604000 -2.253400 -1.534300 -3.680500 -1.244600 -5.728400 -5.321400 
0.002000 -0.851100 -1.558300 -0.630900 -1.063800 -5.099800 -2.080000 -0.881700 -3.115700 -1.403100 -2.716500 -2.534300 
0.004000 -0.623100 -1.757500 -0.551800 -2.533700 -0.538600 -2.409000 -3.167000 -1.539400 -1.708300 -4.854600 -1.327300 
0.006000 -1.968800 -1.048000 -1.779400 -3.700700 -0.898600 -0.782800 -3.220800 -1.843900 -5.316200 -3.454200 -6.373600 
0.008000 -1.127200 -1.195400 -0.810800 -1.110000 -2.634500 -1.405800 -2.289300 -0.610200 -3.660900 -3.700500 -11.534900 
0.010000 -0.753200 -1.668300 -0.946900 -1.817800 -2.871200 -1.408300 -3.534900 -1.556200 -2.327500 -3.681500 -2.479300 
0.012000 -1.088400 -1.616500 -1.665000 -0.644600 -2.141500 -1.591100 -0.807400 -2.368900 -1.941300 -4.181900 -6.909600 
0.014000 -0.907300 -0.902900 -1.197400 -1.464100 -1.385400 -1.700500 -2.110500 -2.350100 -1.209100 -6.963100 -7.956200 
0.016000 -2.420600 -1.280700 -4.259700 -1.709600 -1.344600 -0.613100 -1.273900 -1.001800 -3.111500 -3.205300 -2.617300 
0.018000 -2.175700 -1.307600 -2.088600 -1.150800 -3.106800 -1.329400 -1.981300 -0.531900 -0.801600 -1.033700 -1.575500 
0.020000 -0.573800 -0.850200 -1.377700 -1.528200 -3.026300 -0.989600 -3.531100 -2.112700 -1.383800 -1.398500 -7.557200 
0.022000 -0.868100 -1.121000 -1.261900 -2.758600 -1.808000 -1.057900 -1.951900 -1.249600 -2.090900 -7.092700 -4.887400 
0.024000 -1.840300 -2.070400 -2.249600 -2.243400 -0.824300 -3.147300 -1.344500 -1.923700 -3.937200 -2.041700 -3.775400 
0.026000 -2.607600 -2.091500 -1.402800 -0.939500 -2.532100 -1.693800 -3.041900 -1.990400 -5.924300 -3.042000 -4.425200 
0.028000 -1.290100 -0.998400 -1.319300 -3.161700 -2.714700 -1.197000 -4.335000 -2.879500 -3.085500 -2.527100 -3.695600 
0.030000 -0.916700 -1.416900 -0.418300 -1.855900 -0.269500 -0.858500 -1.170500 -2.083300 -1.089000 -4.270500 -4.804700 
0.032000 -1.334900 -1.669000 -0.193600 -2.110500 -2.186800 -0.719000 -2.082500 -1.906200 -2.127500 -1.613900 -1.359900 
0.034000 -1.318100 -1.186500 -0.959300 -2.884600 -1.676500 -1.426200 -2.580500 -2.306900 -1.990400 -1.969100 -2.513600 
0.036000 -2.374200 -1.881500 -0.597900 -1.693500 -2.117100 -1.920100 -1.033000 -0.806800 -2.764700 -4.794300 -2.376800 
0.038000 -1.323200 -1.302900 -2.472600 -2.246500 -2.507800 -1.757800 -1.484100 -1.342300 -2.698300 -1.830400 -4.360200 
0.040000 -1.908900 -1.113000 -0.909100 -2.983300 -2.299900 -1.173600 -2.575300 -0.495700 -4.199600 -4.288900 -4.014300 
0.042000 -1.940600 -1.052500 -0.916000 -1.823000 -1.618100 -4.500900 -0.665700 -3.878000 -1.430700 -4.607100 -7.713800 
0.044000 -4.880000 -1.468600 -0.492900 -0.875800 -3.453000 -2.899200 -3.713500 -0.749400 -7.245000 -5.186200 -5.459500 
0.046000 -1.292400 -0.941600 -1.116500 -2.356400 -3.208600 -2.137300 -1.415200 -2.192000 -4.125900 -3.722800 -4.107000 
0.048000 -1.012700 -1.611400 -1.932700 -1.932900 -1.117700 -5.350600 -1.075300 -1.806500 -2.991100 -3.859400 -3.301100 
0.050000 -0.742200 -1.027700 -2.613300 -1.942800 -1.719900 -2.329000 -1.864200 -2.312200 -4.477800 -2.663900 -4.303600 
0.052000 -0.385600 -1.570700 -0.345200 -3.270800 -5.186200 -0.993900 -1.990300 -2.621500 -1.165900 -1.496400 -2.449700 
0.054000 -0.938400 -2.259200 -2.514200 -1.159300 -0.168400 -2.110000 -3.836300 -1.970300 -10.982800 -0.832200 -8.576500 
0.056000 -0.909200 -0.433100 -0.969300 -2.536200 -1.406900 -4.611900 -2.164100 -2.291400 -3.757500 -3.410800 -1.640300 
0.058000 -2.754000 -2.119200 -0.410600 -1.498500 -1.220800 -1.443600 -1.213800 -3.730200 -2.053700 -1.864400 -1.661000 
0.060000 -1.153600 -0.724100 -0.524200 -1.627500 -1.641900 -2.955800 -1.218700 -1.744700 -4.265200 -1.787300 -3.941400 
0.062000 -2.440400 -0.377500 -0.451000 -2.502400 -3.983100 -2.046800 -3.887200 -3.031100 -0.348400 -3.340300 -2.663300 
0.064000 -2.140400 -1.765000 -2.368600 -2.497300 -0.491300 -2.266800 -2.653300 -1.724200 -4.820200 -2.887900 -4.230900 
0.066000 -0.876600 -1.881200 -0.563100 -0.738700 -0.715100 -1.058600 -2.392100 -0.820400 -4.061900 -5.043400 -3.458600 
0.068000 -1.456300 -1.712600 -1.380600 -1.854400 -0.480300 -1.770400 -1.741500 -2.023600 -0.601300 -1.645000 -1.236100 
0.070000 -0.841200 -0.940400 -0.560200 -1.255800 -2.061000 -2.080900 -2.086100 -1.671300 -1.326100 -8.960700 -4.501400 
0.072000 -0.474500 -1.732100 -2.556400 -1.283700 -3.247400 -3.771800 -0.862500 -4.399900 -3.633800 -3.335500 -13.315900 
0.074000 -1.607800 -2.917200 -0.911500 -1.614400 -1.959500 -3.634800 -1.101600 -2.413500 -4.431300 -3.775500 -4.540700 
0.076000 -2.761600 -1.145200 -0.610500 -1.126400 -0.534600 -0.284200 -1.776400 -3.141500 -3.811500 -10.939400 -2.005500 
0.078000 -1.901400 -1.799800 -1.644200 -1.347300 -1.997600 -2.824200 -1.576900 -4.879200 -3.132800 -3.190400 -1.889000 
0.080000 -0.994200 -0.916400 -1.260700 -1.618600 -0.703000 -0.733400 -3.078400 -4.637600 -1.925700 -3.379300 -1.402300 
0.082000 -0.644100 -1.767800 -1.980200 -1.305100 -1.097700 -1.590700 -2.235100 -2.478700 -1.904600 -3.233300 -3.975100 
0.084000 -0.835900 -1.854600 -1.400600 -1.690300 -2.713200 -3.486800 -1.900000 -2.201200 -2.813300 -6.307700 -6.299500 
0.086000 -2.201500 -0.587900 -1.196500 -1.756100 -2.060000 -1.678600 -2.954500 -1.646000 -6.836200 -5.283800 -7.219600 
0.088000 -0.583600 -1.857100 -1.796600 -2.798300 -3.045900 -1.188600 -2.746500 -2.701600 -2.789100 -4.543600 -2.012100 
0.090000 -1.707000 -3.293300 -2.935300 -0.955600 -1.162100 -1.291700 -2.982400 -2.486500 -0.818000 -5.302200 -5.265700 
0.092000 -1.546100 -1.440200 -1.301400 -2.040200 -2.022800 -3.721600 -1.726100 -3.115300 -1.905000 -4.584400 -5.949200 
0.094000 -1.146600 -0.915200 -1.149300 -1.280700 -0.589200 -0.965200 -1.956500 -2.835700 -2.416300 -4.531200 -3.009600 
0.096000 -1.463000 -1.206800 -0.384600 -1.576700 -0.183600 -1.860600 -2.961700 -1.358200 -2.424400 -1.185800 -0.910800 
0.098000 -0.765400 -1.809900 -1.842600 -0.536400 -2.022500 -0.748800 -3.285400 -2.114500 -1.089200 -1.231700 -6.781200 
0.100000 -1.129900 -0.865000 -0.707800 -1.317000 -0.568100 -6.002000 -2.197100 -7.958800 -1.499800 -2.171000 -1.809100 
0.102000 -0.650200 -0.979800 -1.717000 -1.050300 -1.473700 -0.318100 -2.636600 -7.949100 -4.451000 -0.870500 -1.324700 
0.104000 -0.394100 -0.636100 -0.590100 -1.231200 -1.311900 -3.797900 -2.140900 -3.305000 -1.736300 -4.825300 -1.156200 
0.106000 -1.642600 -2.185600 -3.081200 -0.518600 -1.219100 -2.420800 -2.895100 -2.168000 -2.706400 -6.243800 -6.643000 
0.108000 -1.142200 -1.615500 -1.054500 -1.346700 -0.838400 -3.406500 -2.702300 -3.996800 -0.708100 -2.354800 -9.024900 
0.110000 -1.246400 -1.110000 -1.616600 -1.708300 -0.472500 -1.056400 -5.006900 -5.661200 -4.304500 -1.821500 -12.397400 
0.112000 -0.470100 -1.474600 -1.959200 -1.546900 -0.653300 -1.929400 -0.845600 -2.235100 -6.102500 -2.814800 -4.290500 
0.114000 -1.010900 -0.602600 -0.873100 -1.395000 -1.041300 -1.619400 -1.615500 -3.133700 -3.867800 -3.658300 -12.319100 
0.116000 -1.474200 -1.963200 -0.900200 -1.452200 -1.642600 -2.611100 -0.505700 -2.205200 -1.197900 -4.696900 -7.021000 
0.118000 -2.360100 -0.558600 -1.888200 -2.429900 -1.962600 -3.140200 -1.640300 -0.982400 -2.969300 -3.761500 -2.606800 
0.120000 -1.548400 -1.464700 -1.383400 -2.095300 -2.386200 -2.305100 -1.126400 -5.259200 -3.687800 -7.473000 -2.784000 
0.122000 -2.008500 -0.828500 -0.924500 -2.315500 -1.660200 -2.480900 -2.286300 -1.317700 -2.584200 -5.405700 -7.173300 
0.124000 -0.752000 -1.246900 -1.520900 -1.686700 -1.115900 -3.099700 -0.800700 -5.404000 -6.096900 -5.554100 -5.931600 
0.126000 -1.387300 -1.561800 -0.536300 -1.520600 -1.414800 -3.348700 -3.308300 -2.682200 -5.630100 -6.847300 -3.704700 
0.128000 -1.055200 -0.588300 -1.920900 -2.056800 -2.334500 -2.393400 -1.292100 -3.483600 -3.599900 -3.793700 -2.133700 
0.130000 -1.082100 -2.746600 -1.539700 -1.375500 -1.956000 -1.300000 -2.663400 -2.308500 -2.992600 -3.807300 -6.492900 
0.132000 -1.914900 -1.000000 -3.133300 -1.816900 -1.481500 -2.180200 -2.377100 -3.277000 -3.602800 -4.307300 -4.730100 
0.134000 -1.024600 -1.434400 -3.241200 -0.460000 -1.411800 -3.323800 -2.127600 -0.763300 -3.984000 -4.083500 -6.736900 
0.136000 -0.803100 -1.258900 -1.460400 -1.075200 -1.755800 -1.743600 -1.203400 -1.408900 -0.516900 -4.900600 -3.160700 
0.138000 -2.492600 -1.631800 -1.013100 -0.911700 -0.952000 -0.642400 -1.474500 -1.873700 -2.294500 -4.035600 -2.661600 
0.140000 -1.120900 -1.286700 -2.623000 -1.271300 -1.447200 -2.789400 -0.856700 -0.869200 -3.973700 -1.458900 -2.607000 
0.142000 -1.500000 -1.561900 -1.269000 -2.393000 -1.682800 -5.972100 -1.196400 -3.214500 -3.501400 -19.328300 -6.794300 
0.144000 -1.341600 -0.678600 -1.778400 -1.426400 -1.814400 -0.844800 -3.249400 -2.053500 -3.864400 -4.340400 -2.252300 
0.146000 -0.597700 -0.810400 -0.427200 -0.811900 -0.257100 -4.132800 -1.653700 -1.224600 -0.801300 -4.098100 -3.795000 
0.148000 -1.365000 -1.202600 -1.567600 -0.964000 -2.549800 -2.421900 -2.710500 -3.155300 -2.064800 -2.597700 -2.336000 
0.150000 -1.764800 -0.945300 -0.833900 -1.565300 -0.546800 -1.600800 -2.069400 -1.697800 -3.060800 -2.201900 -2.243200 
0.152000 -2.062500 -1.109100 -1.672000 -2.337500 -1.080000 -3.680100 -1.423400 -2.388600 -3.263200 -2.278600 -1.181900 
0.154000 -1.542800 -2.388600 -0.754700 -2.041000 -2.048100 -4.666700 -2.395300 -4.944100 -3.864800 -1.104700 -6.704600 
0.156000 -0.655300 -1.365500 -2.220700 -1.773500 -2.716200 -1.707000 -2.017500 -1.775800 -1.104400 -6.714400 -7.031700 
0.158000 -1.801900 -1.989700 -0.726300 -1.516000 -1.223300 -1.390400 -1.203600 -1.802100 -4.438600 -3.329300 -2.685000 
0.160000 -1.355400 -1.305100 -4.249200 -1.236900 -1.456300 -4.445800 -1.675400 -1.172400 -3.842200 -4.569000 -2.382900 
0.162000 -1.410100 -0.910300 -2.658200 -1.508400 -2.478500 -2.267400 -8.068600 -2.213400 -2.894700 -3.045500 -5.440300 
0.164000 -0.911900 -1.643100 -1.156500 -1.926800 -0.431600 -2.268600 -3.069700 -1.808200 -2.491900 -4.115900 -5.765500 
0.166000 -2.041200 -1.404200 -1.793700 -3.951700 -1.921400 -0.723900 -4.467400 -2.961900 -1.436900 -1.953800 -1.915400 
0.168000 -0.682200 -0.999700 -1.366900 -2.886400 -1.991400 -0.780700 -4.709000 -4.956400 -0.625400 -2.611200 -1.058100 
0.170000 -1.512700 -1.099800 -1.826300 -2.414800 -3.228200 -2.263000 -3.619800 -1.999200 -6.961200 -2.407600 -2.487900 
0.172000 -1.023400 -0.700000 -1.827600 -2.918800 -2.274400 -1.347100 -2.055700 -3.584900 -0.963100 -0.819700 -2.734900 
0.174000 -1.689400 -1.719200 -0.864700 -3.596100 -0.838700 -1.961100 -2.563700 -0.471300 -1.821500 -1.748300 -2.651000 
0.176000 -1.639900 -1.331800 -2.249300 -2.549100 -1.896100 -2.281600 -1.787300 -2.618000 -2.666600 -5.242400 -2.521700 
0.178000 -0.548600 -2.156300 -0.375900 -3.309400 -2.924800 -2.021200 -1.298100 -2.688300 -5.108500 -6.706400 -1.384100 
0.180000 -1.260300 -1.344900 -1.725300 -1.895300 -0.965000 -2.446500 -1.627200 -3.072000 -2.432800 -1.961700 -2.447700 
0.182000 -1.898500 -1.080400 -1.052000 -1.719000 -2.167900 -1.938300 -0.880600 -1.229200 -1.866600 -3.220800 -2.233500 
0.184000 -0.687700 -0.780800 -1.738400 -1.165900 -1.389200 -1.079400 -1.174600 -2.821500 -4.518400 -3.635200 -7.270400 
0.186000 -0.675700 -1.250500 -2.658900 -1.977100 -1.408300 -3.861600 -0.974000 -2.206900 -3.285300 -2.989100 -3.054300 
0.188000 -0.981000 -0.392800 -1.119500 -1.357100 -2.936600 -1.945300 -1.988100 -2.410600 -6.636200 -2.518900 -1.149000 
0.190000 -0.134800 -1.781800 -3.000800 -2.217200 -5.881800 -2.638300 -2.320100 -2.613000 -3.816100 -8.410500 -8.558500 
0.192000 -1.497600 -1.254900 -2.441900 -2.814500 -2.334300 -2.008400 -2.048100 -2.190500 -2.865700 -7.232300 -3.393900 
0.194000 -0.884600 -0.916000 -1.037200 -2.427800 -1.904100 -1.873300 -1.196900 -4.138000 -1.559600 -11.782600 -1.207500 
0.196000 -1.963100 -0.715500 -2.155400 -2.678400 -2.598400 -0.792800 -7.217000 -4.451300 -5.282500 -4.640600 -4.392000 
0.198000 -1.431000 -3.860200 -1.264700 -1.601800 -2.595100 -1.796600 -0.624300 -3.395700 -2.334300 -3.601300 -10.815200 
0.200000 -0.958500 -1.562900 -1.629200 -1.485000 -3.413400 -2.193800 -1.648600 -2.434200 -3.552500 -1.984500 -1.186600 
0.202000 -2.105300 -2.514900 -0.690700 -1.985500 -1.542000 -0.583600 -1.461400 -9.473400 -1.573700 -5.058900 -5.422800 
0.204000 -0.610600 -0.578600 -1.938800 -2.091500 -1.941500 -3.824800 -4.665600 -2.255900 -2.852000 -2.610300 -1.552300 
0.206000 -1.939700 -0.720800 -1.006700 -1.328800 -0.847700 -0.767900 -1.753700 -2.561500 -1.244000 -3.571200 -1.526500 
0.208000 -1.736000 -0.317500 -1.116300 -1.167900 -1.254700 -2.768300 -0.686700 -0.541000 -2.722000 -17.408500 -0.485200 
0.210000 -0.501400 -0.236300 -0.933000 -1.878300 -0.670400 -2.514800 -4.393100 -4.990700 -1.178300 -11.026900 -8.135600 
0.212000 -0.350100 -2.529300 -2.352500 -0.761400 -0.818800 -0.972500 -3.366300 -1.756900 -1.441900 -7.667600 -4.926400 
0.214000 -1.023200 -1.381900 -1.546100 -3.401100 -1.343700 -2.697100 -2.602400 -8.598300 -2.892900 -9.065500 -3.603700 
0.216000 -2.002300 -1.384900 -1.799600 -2.278600 -4.462300 -1.148300 -2.905900 -1.432600 -2.385500 -5.689100 -8.098000 
0.218000 -2.156300 -1.451300 -1.515200 -2.826300 -1.941600 -1.157700 -0.559500 -1.466300 -1.453200 -13.238900 -5.086700 
0.220000 -2.235300 -0.537100 -0.541200 -1.146000 -1.782000 -1.701600 -2.142500 -2.931600 -7.581900 -6.365600 -2.797000 
0.222000 -2.372000 -0.971100 -1.614400 -2.482400 -2.103600 -0.880400 -1.005700 -1.662600 -5.956600 -14.216300 -2.142200 
0.224000 -1.362600 -1.146100 -1.390200 -0.859600 -2.592700 -1.693600 -3.631900 -1.854200 -1.799300 -18.023300 -17.852700 
0.226000 -2.928900 -0.959200 -2.359800 -3.970000 -2.879200 -1.601900 -1.906400 -1.495400 -3.847500 -8.778000 -6.575200 
0.228000 -1.234900 -1.176400 -1.661100 -1.599800 -2.018500 -0.471600 -1.519900 -3.196400 -4.008500 -5.301900 -2.462100 
0.230000 -0.437700 -0.958300 -1.547600 -1.702600 -1.236300 -1.598400 -2.185300 -1.388700 -2.089300 -11.142300 -10.396600 
0.232000 -0.525400 -0.873600 -2.640400 -2.330200 -1.695500 -0.523100 -1.730300 -2.554400 -1.221200 -6.419200 -2.973000 
0.234000 -1.806500 -1.266400 -1.954600 -0.108300 -1.904600 -1.977900 -2.761300 -2.676700 -5.091700 -15.441000 -2.538300 
0.236000 -0.510700 -1.104700 -0.389600 -1.872900 -1.447700 -3.388900 -5.040300 -2.997700 -5.197700 -5.138900 -0.737500 
0.238000 -1.127700 -1.352800 -1.462700 -1.171200 -0.828300 -1.084000 -1.155300 -4.568800 -5.378400 -7.593900 -5.593300 
0.240000 -0.719800 -0.632200 -1.225400 -3.326700 -2.719200 -3.206100 -2.112200 -1.833700 -1.901300 -5.061000 -18.783400 
0.242000 -0.862000 -1.019100 -1.401900 -0.615100 -1.173600 -2.784000 -1.358400 -2.811200 -1.921200 -6.054700 -8.280000 
0.244000 -1.287600 -0.762300 -1.524400 -2.326200 -2.597800 -1.430300 -1.011200 -1.685800 -6.665900 -8.695500 -8.035600 
0.246000 -1.289500 -0.842100 -1.011200 -1.096700 -1.540000 -2.348500 -1.530200 -3.419000 -1.458500 -5.110300 -3.180600 
0.248000 -1.780800 -0.518500 -0.487400 -0.588000 -2.001900 -1.343500 -3.663600 -2.614900 -1.317800 -3.518000 -6.370200 
0.250000 -1.835400 -1.753200 -0.773800 -2.209000 -1.501100 -1.173500 -2.579200 -4.973000 -2.448600 -6.291200 -5.813500 
0.252000 -1.280100 -1.460600 -0.707000 -1.825300 -2.834100 -2.102500 -2.503000 -2.574700 -5.628600 -3.455100 -2.321600 
0.254000 -0.354500 -0.765300 -0.200400 -1.175200 -3.454500 -2.029300 -2.206100 -4.373100 -4.104400 -1.869000 -1.930300 
0.256000 -1.229100 -0.621500 -0.253400 -0.914000 -1.106600 -2.385900 -1.197200 -1.414300 -3.081800 -2.045600 -4.448800 
0.258000 -1.935000 -1.667900 -2.625700 -3.127000 -1.292500 -5.112900 -2.209200 -4.210500 -1.088400 -6.020500 -4.969900 
0.260000 -1.133300 -1.785800 -0.306100 -1.703100 -2.959500 -2.087000 -2.323200 -1.642600 -11.299300 -3.044600 -12.457200 
0.262000 -0.478400 -1.313600 -0.569200 -1.062400 -2.908500 -2.303800 -4.042000 -2.717900 -2.065600 -5.256300 -2.847600 
0.264000 -0.452700 -1.596400 -0.306300 -2.233600 -2.607500 -2.759000 -0.902900 -6.150200 -8.082400 -7.120700 -2.786200 
0.266000 -1.604500 -1.153900 -1.514500 -1.187200 -0.343200 -2.223400 -1.362900 -6.049300 -1.911800 -0.958300 -4.665200 
0.268000 -0.855400 -1.028000 -0.656200 -3.225400 -2.000900 -1.373400 -2.604900 -2.345500 -1.168900 -1.260300 -3.803200 
0.270000 -0.469300 -1.038600 -1.325000 -2.172900 -2.506200 -0.640800 -3.528200 -3.762800 -0.505200 -3.195100 -1.806200 
0.272000 -0.486100 -3.587300 -0.673800 -0.974800 -2.057400 -4.137600 -2.540700 -1.704500 -2.568100 -4.235200 -0.997500 
0.274000 -1.125400 -3.097200 -0.887400 -0.809700 -0.465100 -2.041500 -0.717000 -2.960800 -2.587600 -1.374900 -1.140400 
0.276000 -1.428600 -0.644100 -1.795700 -0.736800 -0.956500 -3.391900 -1.689500 -1.272900 -4.851200 -1.512000 -1.487800 
0.278000 -1.640800 -1.030800 -0.891200 -1.276700 -0.540700 -0.968100 -3.290400 -3.105000 -2.414500 -1.932500 -10.928800 
0.280000 -0.433000 -1.327300 -2.081900 -2.501100 -1.648300 -2.427400 -1.483500 -3.075100 -7.397100 -3.154200 -1.767400 
0.282000 -0.392600 -2.330100 -0.437600 -1.396700 -1.663600 -0.602500 -3.095700 -0.970000 -3.961700 -6.351100 -2.303400 
0.284000 -3.105000 -1.223700 -1.442800 -1.524800 -2.579300 -1.101100 -1.589300 -2.958000 -3.348800 -4.405600 -2.667700 
0.286000 -0.875800 -1.755400 -4.032300 -1.066300 -3.718400 -1.524300 -2.787700 -4.260900 -1.864900 -5.840100 -5.648500 
0.288000 -0.553700 -0.971000 -0.744700 -1.062000 -1.017400 -2.318300 -4.503800 -2.253900 -2.057900 -5.236600 -1.978200 
0.290000 -0.450100 -2.044900 -0.548700 -2.577400 -1.278000 -2.288300 -2.169300 -4.841300 -0.506800 -2.209700 -3.965100 
0.292000 -0.910100 -2.566400 -2.056600 -1.126700 -0.669000 -2.405300 -0.480800 -6.518800 -1.414800 -2.993500 -2.050300 
0.294000 -0.480500 -2.404900 -0.672200 -1.563800 -0.854600 -2.419100 -3.677200 -3.335500 -0.722900 -2.954700 -1.168800 
0.296000 -1.399400 -1.123200 -0.966300 -1.024800 -1.606800 -1.449800 -0.736900 -2.383700 -8.651100 -2.312800 -7.825000 
0.298000 -0.880000 -1.824300 -1.642900 -2.011500 -1.915500 -2.365100 -1.067400 -1.224000 -1.178800 -1.401500 -7.250100 
0.300000 -1.171200 -1.469300 -1.406800 -1.365000 -3.678400 -0.927400 -3.084200 -1.707500 -0.420700 -1.497200 -3.383800 
0.302000 -0.275600 -1.762200 -1.389400 -1.037500 -1.621500 -1.106600 -3.108900 -3.109400 -2.435800 -2.761600 -1.733100 
0.304000 -0.318700 -1.505900 -0.701800 -0.579400 -0.697300 -0.765200 -1.992800 -0.673100 -1.195900 -5.714300 -0.777100 
0.306000 -1.717200 -0.816800 -1.139100 -1.178200 -1.388300 -4.460700 -1.651800 -2.047200 -1.671700 -2.405100 -6.281600 
0.308000 -3.831100 -1.770800 -1.511800 -1.125400 -1.371200 -0.956500 -2.069900 -1.050800 -2.442000 -2.300200 -2.883300 
0.310000 -1.934500 -1.662700 -0.931700 -0.711200 -2.166800 -2.509800 -1.335200 -2.779200 -5.144400 -6.988800 -7.717200 
0.312000 -0.805900 -1.499700 -1.922500 -2.801800 -2.404800 -2.171400 -0.949200 -1.634200 -0.592900 -3.376400 -4.101300 
0.314000 -0.182600 -0.878500 -0.518700 -2.184700 -2.423900 -1.451700 -2.252900 -9.618000 -1.614900 -1.414300 -4.052500 
0.316000 -1.560700 -2.547100 -0.856800 -0.341800 -1.705000 -2.167300 -1.744700 -2.549100 -1.523200 -0.500500 -4.656700 
0.318000 -3.185200 -2.423300 -0.349000 -1.711000 -2.306300 -2.378100 -2.243400 -0.309000 -2.668200 -2.699900 -10.939000 
0.320000 -0.621400 -2.033500 -0.885800 -0.714500 -0.978300 -2.914800 -1.061700 -4.874500 -3.149600 -2.761000 -5.214200 
0.322000 -1.489800 -1.755200 -0.845500 -4.494200 -2.693400 -2.534900 -1.577000 -1.643600 -1.526000 -1.736900 -12.162300 
0.324000 -1.799900 -2.739800 -1.444600 -1.222900 -1.851800 -1.603300 -1.398800 -2.854200 -5.486500 -2.575000 -2.027200 
0.326000 -0.732700 -1.093500 -1.753400 -3.972700 -1.502300 -1.344100 -1.829100 -2.417200 -1.412600 -7.245100 -1.338300 
0.328000 -1.469700 -0.653100 -1.338700 -1.137900 -2.392100 -5.147100 -1.865300 -1.755600 -2.280700 -1.271300 -5.030300 
0.330000 -0.342600 -0.911100 -0.822100 -2.117500 -1.288100 -1.972600 -2.357500 -1.679800 -3.934000 -5.063600 -3.763800 
0.332000 -0.961400 -1.460400 -0.473700 -1.182200 -0.989800 -2.293300 -1.683800 -1.677000 -1.775000 -5.492900 -8.634000 
0.334000 -2.467900 -2.319400 -1.841400 -2.221900 -2.842200 -2.628400 -3.090700 -3.024300 -2.002500 -1.364900 -5.888600 
0.336000 -1.536100 -1.233400 -0.863800 -1.180100 -3.392000 -1.236100 -3.327200 -2.302700 -1.703200 -2.823000 -0.908400 
0.338000 -1.082800 -1.783000 -0.371300 -1.517700 -1.424400 -2.625300 -1.830300 -2.053800 -8.787200 -3.505300 -6.050700 
0.340000 -1.071400 -2.517900 -0.662100 -1.040700 -2.995700 -0.755700 -1.911600 -0.813800 -2.109700 -3.143200 -4.563200 
0.342000 -1.265000 -2.851300 -1.428400 -1.127600 -0.519300 -1.368700 -1.316400 -0.561600 -7.773200 -2.943800 -7.201800 
0.344000 -0.898100 -2.015700 -1.258100 -1.036200 -0.979800 -0.999400 -1.525300 -1.426300 -3.604900 -1.809800 -12.894500 
0.346000 -1.117700 -1.669500 -1.370300 -0.411500 -1.470700 -1.731000 -1.970900 -1.242300 -2.695800 -2.727200 -5.253200 
0.348000 -2.421000 -0.665500 -1.764100 -2.500100 -0.901300 -1.884600 -3.829200 -2.161400 -4.006800 -0.665200 -2.338100 
0.350000 -0.821800 -2.329900 -1.504100 -2.545700 -1.368900 -1.429000 -4.744500 -2.977900 -2.841100 -4.580600 -2.551400 
0.352000 -0.879000 -1.400000 -1.856200 -0.891100 -0.597600 -1.333400 -1.929800 -2.116000 -2.159500 -6.520100 -10.361900 
0.354000 -2.221000 -1.989600 -1.343200 -0.496900 -1.903200 -2.254700 -1.838900 -2.530700 -3.574800 -4.024400 -10.865200 
0.356000 -0.630700 -1.498500 -2.260700 -1.740800 -2.836100 -1.758300 -0.688200 -4.063800 -7.179000 -2.865700 -1.936100 
0.358000 -1.773300 -1.007800 -0.496800 -1.849100 -1.470900 -1.464800 -1.868000 -3.463800 -3.928700 -4.702500 -1.416800 
0.360000 -1.270800 -1.522000 -0.503900 -0.594400 -2.143600 -1.623500 -2.094800 -3.191400 -3.342700 -4.018100 -8.304800 
0.362000 -2.584600 -1.492700 -1.266600 -1.767300 -0.661000 -1.869900 -1.879200 -2.534500 -0.611100 -2.114100 -11.004300 
0.364000 -1.377900 -2.554500 -0.881500 -2.293100 -0.894700 -2.562900 -1.055000 -2.817900 -3.185800 -3.559100 -2.246600 
0.366000 -0.832200 -0.800900 -1.422400 -4.303300 -3.323200 -1.982700 -1.831500 -2.120200 -2.154600 -1.704800 -6.193200 
0.368000 -1.483700 -1.017300 -1.608100 -1.899900 -3.621300 -1.857500 -1.585400 -1.126600 -6.411000 -5.555000 -1.425800 
0.370000 -2.409400 -0.977700 -1.882500 -1.253100 -2.963800 -3.582800 -4.577900 -2.303200 -3.117900 -1.517400 -8.305800 
0.372000 -2.620700 -1.333900 -0.313900 -1.925200 -2.684000 -1.676000 -3.099700 -1.258800 -2.218100 -1.400900 -9.830500 
0.374000 -1.301300 -1.412100 -1.197200 -1.218700 -2.059000 -1.906900 -1.798900 -2.853000 -0.693300 -3.689000 -2.965200 
0.376000 -2.178800 -2.922600 -1.401100 -2.999000 -1.243600 -1.611200 -2.270400 -3.244500 -3.953700 -6.846600 -1.834200 
0.378000 -0.165400 -1.540200 -0.714100 -1.744000 -1.888700 -1.126100 -3.930300 -4.116800 -1.727500 -6.440100 -1.837900 
0.380000 -1.284800 -0.488300 -0.642300 -0.698000 -2.048600 -2.823000 -2.405400 -2.614900 -1.640100 -6.985800 -7.590500 
0.382000 -2.136900 -1.068100 -0.751500 -2.671500 -1.684500 -1.088300 -2.173500 -2.657600 -2.453800 -1.791800 -2.756900 
0.384000 -1.332500 -1.870500 -1.280100 -0.710000 -3.992500 -0.520900 -1.841300 -2.681400 -3.893100 -3.955400 -3.444600 
0.386000 -1.878000 -1.256400 -0.818600 -2.391900 -1.437200 -1.126400 -3.423800 -1.748700 -1.283200 -1.763600 -2.107400 
0.388000 -1.099200 -3.431300 -1.265200 -3.749000 -2.607500 -3.114700 -3.253400 -3.507000 -2.604400 -6.971400 -1.795200 
0.390000 -1.721700 -1.250500 -0.463000 -1.827200 -3.625100 -1.075500 -1.102200 -2.891800 -0.565200 -10.355400 -2.691500 
0.392000 -0.547300 -0.983900 -0.692300 -1.475800 -3.200600 -1.469700 -2.184400 -2.750100 -1.366000 -2.473200 -1.284700 
0.394000 -2.776300 -1.318500 -0.771700 -0.917200 -2.063800 -1.376500 -1.233500 -2.180400 -4.213400 -1.714900 -4.004500 
0.396000 -1.182200 -0.843900 -0.704900 -0.934400 -2.578700 -1.794700 -6.055300 -2.621700 -1.415400 -2.847900 -4.087800 
0.398000 -0.928700 -0.605200 -0.393700 -2.806500 -1.246000 -0.618400 -1.846700 -4.239200 -8.574600 -1.519500 -5.196500 
0.400000 -1.154200 -1.047300 -0.811200 -1.715000 -1.272100 -0.974100 -1.851400 -2.810500 -0.757300 -3.661900 -4.570400 
0.402000 -1.316100 -0.582300 -0.874300 -1.305900 -0.583200 -1.771900 -2.340000 -1.367500 -1.099900 -2.456500 -5.183000 
0.404000 -0.975900 -2.213300 -0.265200 -3.151100 -3.469700 -0.648200 -1.247900 -1.560100 -2.093900 -0.834400 -2.324500 
0.406000 -1.124600 -0.762800 -0.636600 -1.436200 -1.741600 -1.284600 -1.385700 -2.622400 -3.630600 -0.551400 -4.210700 
0.408000 -1.944300 -1.820900 -0.558900 -2.771900 -0.963800 -0.397800 -2.462300 -3.534400 -2.110200 -1.553600 -1.415300 
0.410000 -2.602200 -2.099100 -2.782700 -0.659100 -1.703900 -2.452900 -2.410400 -3.797100 -4.541500 -2.523600 -1.689400 
0.412000 -1.032100 -2.421500 -1.640900 -0.938200 -1.147600 -2.765800 -0.728700 -6.047800 -2.365800 -1.505500 -4.217400 
0.414000 -2.184100 -1.526600 -1.996300 -1.482100 -3.396300 -0.428100 -3.454500 -4.116500 -1.993100 -3.159900 -0.532200 
0.416000 -2.226200 -1.638800 -1.744300 -0.810300 -2.029600 -2.936700 -1.260000 -2.193200 -1.190200 -0.663200 -2.231800 
0.418000 -2.377100 -0.994400 -0.679600 -1.315500 -1.562500 -2.313100 -5.513700 -0.978100 -5.953100 -1.451700 -2.429200 
0.420000 -0.654900 -2.838200 -0.935200 -3.697300 -3.335600 -2.604700 -1.476500 -2.865500 -1.109500 -8.406100 -3.079800 
0.422000 -1.090200 -3.934100 -0.144500 -2.195300 -1.710900 -1.518400 -3.657800 -1.839900 -2.522100 -2.036700 -1.990500 
0.424000 -1.847000 -4.385700 -2.128700 -0.456600 -3.305800 -1.490700 -2.649800 -1.428300 -2.781300 -5.675700 -4.713200 
0.426000 -0.410600 -2.107100 -0.855900 -1.656600 -3.577300 -1.516000 -2.368400 -2.638900 -2.176000 -14.733600 -1.022100 
0.428000 -1.158000 -1.200500 -2.796500 -1.560900 -2.787300 -0.581100 -0.680200 -1.332800 -3.733400 -4.320300 -1.866000 
0.430000 -0.852100 -2.024600 -2.079100 -2.813800 -3.278800 -1.906700 -1.178200 -2.788400 -1.801100 -2.843900 -4.705800 
0.432000 -0.570600 -1.404400 -1.040700 -0.708300 -3.172700 -1.365200 -1.908900 -1.704400 -5.199400 -4.312600 -3.573900 
0.434000 -1.982200 -1.944000 -2.114600 -0.576300 -2.676300 -2.963900 -1.480400 -5.065000 -2.230400 -2.850800 -7.907500 
0.436000 -1.670800 -1.649000 -1.355700 -3.172000 -1.694200 -2.399600 -0.743100 -2.254900 -0.998300 -5.477300 -4.131400 
0.438000 -1.428500 -2.563300 -0.703800 -1.055300 -1.372200 -1.444700 -2.261600 -3.098000 -1.563100 -1.295300 -3.292700 
0.440000 -4.024400 -1.126100 -0.793300 -1.629900 -2.248300 -1.734200 -1.970200 -3.069000 -1.202700 -1.997000 -5.865600 
0.442000 -1.221300 -1.662300 -3.191700 -1.103100 -2.479600 -2.034400 -1.755000 -2.312100 -2.772000 -4.598300 -16.484500 
0.444000 -0.455200 -0.344300 -3.166500 -2.163700 -3.523000 -1.764200 -1.554800 -2.417300 -1.422100 -1.249400 -2.287800 
0.446000 -0.745500 -0.647800 -1.383800 -3.076000 -5.631700 -2.110400 -0.892800 -3.143200 -6.214200 -2.300400 -1.677000 
0.448000 -0.640900 -1.192500 -1.651500 -1.608300 -1.801200 -2.119100 -3.413200 -8.073700 -5.118300 -0.498900 -12.158800 
0.450000 -2.010700 -0.747600 -1.996400 -0.606500 -0.618700 -1.831000 -4.491200 -3.590800 -4.234500 -4.374900 -1.143200 
0.452000 -1.506100 -0.537400 -0.871100 -2.388600 -0.974500 -0.715200 -5.565000 -2.748800 -0.878700 -1.519200 -1.984500 
0.454000 -1.002600 -2.302300 -1.972900 -2.385600 -1.608300 -2.176600 -2.583800 -4.905000 -2.896700 -1.364000 -10.508200 
0.456000 -1.686000 -0.876600 -0.900900 -2.012000 -0.940100 -0.900600 -2.061000 -2.695700 -2.725500 -1.794700 -9.979700 
0.458000 -2.425700 -1.443500 -0.313700 -2.952700 -1.991400 -2.572000 -2.734900 -2.996800 -1.734200 -3.635800 -2.158900 
0.460000 -2.417100 -0.641300 -0.747600 -2.605300 -1.240500 -2.949700 -0.766300 -2.026300 -1.859000 -1.513500 -4.036300 
0.462000 -0.660400 -1.117100 -0.907000 -1.217200 -3.093400 -0.706400 -2.759900 -0.954200 -1.563000 -0.922800 -3.404800 
0.464000 -1.604400 -2.657000 -0.260500 -2.070100 -3.072700 -1.023800 -1.699700 -3.303900 -0.746500 -1.884200 -1.476800 
0.466000 -0.653700 -0.264900 -0.180900 -3.551200 -1.392600 -1.920600 -1.518200 -1.299400 -0.846700 -6.305000 -4.510400 
0.468000 -0.842600 -0.684700 -0.183900 -1.768300 -1.853500 -2.573800 -3.700300 -3.637400 -4.199500 -1.321100 -2.843800 
0.470000 -1.151700 -2.345000 -1.185200 -1.965400 -0.657300 -0.842100 -4.442400 -0.946600 -1.450100 -1.701300 -5.242300 
0.472000 -1.033700 -3.018500 -1.135600 -2.201700 -1.259600 -2.192500 -3.144500 -2.459700 -1.333400 -3.049700 -10.777200 
0.474000 -1.935500 -0.571800 -1.757700 -2.419800 -2.465700 -1.724600 -1.577400 -1.814100 -1.816000 -3.598300 -4.828900 
0.476000 -0.713100 -1.065400 -1.033900 -2.058400 -3.037100 -0.790000 -7.205200 -3.616000 -1.628100 -5.173700 -4.420300 
0.478000 -0.552700 -1.403400 -0.950900 -3.204600 -2.027100 -2.707500 -1.591100 -1.230700 -1.812000 -1.253100 -12.788200 
0.480000 -1.463800 -1.443700 -1.404100 -0.902200 -1.293300 -2.478700 -0.533500 -4.557300 -2.276900 -1.071400 -3.175200 
0.482000 -0.320900 -1.830800 -0.896000 -2.700900 -2.859500 -3.361500 -1.500800 -3.417900 -2.414000 -5.264300 -3.202900 
0.484000 -1.386900 -1.099200 -3.049100 -0.670400 -1.042700 -1.475800 -0.211100 -2.612700 -7.814200 -11.626600 -5.905000 
0.486000 -0.799600 -1.454500 -1.102800 -1.021800 -3.667700 -0.730800 -3.464800 -1.970800 -1.954600 -5.572400 -5.574900 
0.488000 -1.341100 -0.317800 -1.060200 -2.047700 -2.867400 -1.082400 -2.387700 -2.788800 -0.927900 -2.814100 -1.368500 
0.490000 -1.071500 -1.251100 -1.347400 -0.580200 -2.230200 -3.165900 -1.803100 -3.884100 -5.384300 -4.009200 -1.400100 
0.492000 -0.704400 -1.259900 -1.590800 -1.263700 -1.379200 -1.531900 -1.229000 -3.066600 -2.144600 -4.106800 -2.027500 
0.494000 -1.124600 -1.102400 -1.093200 -2.491900 -3.398800 -0.951900 -1.130800 -1.737700 -1.406600 -1.830300 -2.681600 
0.496000 -0.825100 -2.186300 -0.746300 -2.845500 -2.691100 -1.722400 -3.623100 -0.626200 -0.347700 -3.580200 -2.165300 
0.498000 -1.099500 -0.903700 -1.287100 -1.859700 -1.320000 -1.433700 -3.683100 -3.290700 -2.753100 -2.621600 -2.509900 
0.500000 -1.462200 -1.196200 -0.720900 -1.590400 -1.044200 -1.003600 -3.576900 -2.639100 -2.283200 -1.732900 -5.243300 
0.502000 -0.180500 -1.133200 -0.583200 -1.175100 -2.611200 -1.915700 -3.206000 -3.465600 -2.467000 -2.275100 -3.753700 
0.504000 -1.935600 -1.135900 -4.518300 -2.234400 -0.949700 -1.727500 -2.533100 -1.962600 -1.453400 -1.442200 -4.253700 
0.506000 -1.757000 -1.468700 -0.533000 -2.381700 -1.057100 -0.706200 -1.074500 -0.618800 -3.061000 -3.786300 -4.138400 
0.508000 -1.446800 -1.692800 -1.902400 -2.671100 -1.227300 -1.840000 -0.838100 -2.354100 -2.888500 -3.675200 -2.216100 
0.510000 -1.662600 -2.080400 -0.938100 -1.274900 -1.090500 -1.093600 -2.448800 -1.128200 -3.979500 -1.437700 -2.301100 
0.512000 -0.800500 -0.680100 -2.120800 -0.642000 -2.093800 -2.252100 -2.772600 -1.959200 -1.291800 -4.419500 -11.327900 
0.514000 -1.700100 -0.554200 -1.579900 -0.946500 -2.374800 -1.506500 -2.970000 -2.835400 -1.276200 -2.780000 -2.622600 
0.516000 -1.294600 -1.507800 -1.173000 -2.711900 -0.806700 -1.917600 -2.350800 -1.011100 -1.374900 -5.383900 -4.091200 
0.518000 -1.060700 -1.559800 -1.892400 -1.826500 -2.925800 -1.388600 -2.045400 -3.921100 -1.798000 -1.533100 -2.066900 
0.520000 -0.478400 -0.693500 -1.539200 -2.908500 -1.849600 -1.132700 -5.739900 -6.708600 -2.136100 -3.673800 -5.093300 
0.522000 -1.103800 -1.108300 -1.240700 -2.675500 -1.580800 -2.747700 -3.152600 -2.289600 -3.964400 -2.629100 -7.501300 
0.524000 -0.960400 -0.917200 -1.507800 -1.546700 -1.149200 -3.701100 -1.082300 -0.917800 -3.199200 -3.679400 -3.687500 
0.526000 -2.177100 -2.856800 -1.571200 -1.945500 -1.500600 -3.872800 -1.171000 -2.961800 -6.430600 -3.363200 -4.056600 
0.528000 -0.640800 -1.128700 -0.672800 -1.486000 -1.083100 -1.787300 -1.468200 -5.592900 -5.514300 -1.781500 -3.987800 
0.530000 -2.829100 -2.044800 -0.867600 -1.400900 -0.664600 -2.028100 -4.137200 -4.933900 -2.319500 -2.543000 -2.172700 
0.532000 -1.659800 -0.463900 -1.428800 -0.507200 -2.274500 -0.606100 -2.333700 -5.045200 -2.787300 -5.020800 -3.691100 
0.534000 -1.696000 -1.674100 -1.993600 -1.401100 -1.104500 -1.817600 -4.909600 -2.900700 -5.472500 -1.167700 -2.412400 
0.536000 -0.529400 -1.963500 -1.018500 -2.029800 -2.010400 -3.429600 -1.690800 -3.635600 -4.218100 -1.927100 -2.710900 
0.538000 -1.816500 -0.924900 -0.576300 -1.317500 -3.009400 -0.222000 -3.967900 -4.605200 -4.164700 -2.333400 -6.898400 
0.540000 -0.814300 -3.444500 -1.406800 -2.448900 -1.882300 -1.919100 -2.333500 -1.751600 -1.603300 -0.915900 -7.506500 
0.542000 -0.757100 -3.904500 -1.490000 -0.958900 -4.567800 -3.033500 -3.308600 -3.700000 -1.961000 -5.218300 -3.106700 
0.544000 -1.120700 -1.022700 -0.958800 -1.632200 -2.994700 -1.040600 -2.486100 -2.741300 -3.933000 -3.365000 -7.956600 
0.546000 -2.712000 -1.144800 -0.795600 -1.354100 -2.144300 -0.950900 -1.403800 -2.938700 -2.074800 -2.669700 -11.986100 
0.548000 -0.744000 -1.971800 -0.732900 -2.375200 -0.836300 -1.005700 -1.984700 -1.412600 -3.392100 -1.354100 -5.391700 
0.550000 -1.216000 -0.549400 -2.149200 -3.498700 -2.716400 -3.313200 -2.526200 -0.749200 -2.246600 -2.637000 -2.828000 
0.552000 -1.005600 -1.932700 -1.242700 -1.312500 -2.064700 -0.237000 -1.783500 -3.151200 -2.186100 -6.383100 -7.528300 
0.554000 -2.023400 -1.637000 -1.999300 -0.790600 -1.307600 -0.813000 -1.177400 -2.597800 -7.213900 -19.830600 -2.548400 
0.556000 -1.614600 -1.456700 -2.115400 -4.102900 -0.754300 -0.645700 -1.147700 -3.705300 -1.565600 -2.837900 -2.416500 
0.558000 -0.865200 -3.342200 -2.076900 -2.189700 -2.605200 -2.538200 -1.210800 -3.005300 -1.406400 -1.675300 -3.288800 
0.560000 -0.719600 -3.311200 -0.954400 -1.477800 -1.744400 -2.224100 -5.897900 -3.582400 -3.184400 -2.954100 -22.770700 
0.562000 -1.187400 -0.421900 -1.741900 -2.263600 -2.346700 -2.218600 -1.886200 -1.407000 -1.204800 -1.938700 -10.101500 
0.564000 -0.908600 -2.314500 -1.298500 -2.310900 -1.359400 -2.982800 -2.177400 -4.915700 -3.742700 -4.374900 -3.524000 
0.566000 -2.289100 -0.973400 -2.826000 -2.065200 -1.036800 -2.623700 -4.823600 -3.150400 -4.850400 -3.895400 -4.377200 
0.568000 -2.073100 -1.612400 -2.173100 -0.783500 -0.564600 -2.825000 -2.168400 -6.594800 -1.832200 -4.439500 -3.564600 
0.570000 -1.750900 -0.962700 -1.062600 -2.684200 -2.181000 -1.357000 -2.634900 -2.376100 -5.691900 -3.419800 -6.455500 
0.572000 -0.742700 -1.413200 -1.154900 -1.793400 -1.282300 -1.932600 -2.295000 -2.645900 -4.460700 -6.040500 -2.322400 
0.574000 -2.268600 -0.900100 -2.171400 -0.603700 -1.406100 -2.952400 -1.544500 -4.813800 -2.045800 -3.434600 -7.373300 
0.576000 -1.469000 -2.032000 -2.034600 -0.758800 -1.722800 -4.402200 -2.231900 -2.018000 -3.104700 -3.164600 -8.940000 
0.578000 -2.429500 -0.631300 -3.704100 -1.208300 -2.130500 -0.907000 -1.066000 -0.489400 -7.733600 -3.543500 -3.660100 
0.580000 -1.428500 -1.985900 -0.717600 -1.622900 -1.760200 -2.811300 -1.216800 -2.797100 -9.124900 -5.446500 -2.426800 
0.582000 -0.778500 -1.281000 -3.032100 -0.851000 -2.293100 -1.616500 -1.238100 -1.356200 -3.839400 -3.494900 -2.780300 
0.584000 -0.952600 -1.636400 -2.759500 -1.791600 -3.267800 -1.719900 -1.222100 -3.333400 -1.591900 -1.693200 -2.961100 
0.586000 -1.632500 -1.840700 -1.153800 -1.555600 -3.630800 -3.068700 -1.934200 -2.847500 -4.219500 -1.458200 -1.918700 
0.588000 -0.960500 -1.672100 -1.319600 -0.670500 -1.209500 -2.830800 -2.231600 -3.351600 -2.911900 -1.810400 -4.709100 
0.590000 -2.585600 -0.408400 -1.470300 -1.405300 -1.068100 -2.144400 -2.120300 -2.469700 -1.388400 -1.617800 -3.487000 
0.592000 -1.780500 -1.594300 -2.193000 -1.307200 -0.856900 -1.271100 -1.613300 -1.851300 -3.710400 -5.198400 -1.081600 
0.594000 -1.357900 -6.659300 -0.846300 -2.572100 -1.132900 -0.258700 -1.542600 -1.217500 -2.933000 -4.537700 -1.019200 
0.596000 -0.187900 -1.827200 -1.135400 -0.732400 -1.524000 -1.267800 -1.470400 -1.547100 -6.933800 -4.947500 -2.244200 
0.598000 -2.150700 -1.676800 -0.977200 -2.685800 -3.098500 -1.829700 -1.521300 -2.617700 -11.345800 -1.971700 -2.239800 
0.600000 -0.614200 -2.710400 -0.735100 -2.355400 -0.888000 -1.789900 -2.348200 -1.733600 -2.972800 -1.793300 -5.516400 
0.602000 -2.478100 -1.580500 -2.782300 -0.727900 -1.757100 -1.999200 -2.592400 -0.900800 -1.804300 -1.027300 -5.034900 
0.604000 -1.584700 -1.126700 -2.188800 -2.737100 -5.691000 -0.893500 -1.483500 -2.379100 -2.293400 -2.427600 -2.598600 
0.606000 -0.577100 -2.549900 -0.794300 -3.531200 -1.304100 -1.953000 -0.368400 -5.024200 -3.720100 -1.971500 -2.132100 
0.608000 -2.894300 -0.752500 -2.786200 -0.621100 -1.377800 -3.592500 -1.329200 -2.894100 -3.610400 -12.627400 -3.274900 
0.610000 -1.369900 -0.820100 -1.234600 -2.433500 -3.190800 -1.705100 -2.213800 -1.704100 -2.491800 -2.595100 -6.873300 
0.612000 -2.551400 -1.370000 -2.506900 -2.424600 -1.352100 -2.219600 -1.108900 -4.905800 -1.392700 -1.040800 -3.857600 
0.614000 -0.823100 -2.718300 -1.121000 -2.262600 -0.787700 -0.880800 -0.884300 -1.516700 -2.877900 -16.824500 -14.712200 
0.616000 -1.105600 -1.237500 -1.263800 -0.870600 -2.041900 -2.435000 -3.009700 -2.866100 -1.817700 -3.968500 -3.176900 
0.618000 -0.999400 -1.861800 -1.036500 -0.527700 -3.879400 -1.707900 -2.827700 -2.714300 -3.340800 -3.106100 -5.878000 
0.620000 -0.443500 -1.306900 -1.289800 -0.246600 -3.937700 -4.033800 -5.282700 -2.934000 -2.718400 -11.340400 -2.036700 
0.622000 -1.840300 -1.381900 -1.223400 -1.441100 -3.641100 -1.556200 -1.588600 -2.760800 -2.760400 -4.996200 -3.794900 
0.624000 -0.929400 -1.303800 -0.599800 -0.784300 -1.971400 -1.069600 -1.645300 -1.425200 -1.992500 -3.936400 -5.560000 
0.626000 -0.903900 -1.459700 -0.405400 -1.927800 -0.798400 -0.468200 -1.227000 -2.454700 -3.218600 -4.725500 -1.978000 
0.628000 -0.815400 -1.931800 -2.689200 -1.382600 -3.117700 -2.447400 -0.712300 -1.197600 -3.066200 -3.149200 -2.028900 
0.630000 -0.812200 -2.141400 -1.771400 -1.609100 -2.209800 -1.633100 -1.904300 -3.111000 -4.687600 -0.752400 -1.508300 
0.632000 -1.568300 -1.541900 -1.758700 -0.527600 -1.370200 -2.564100 -1.039700 -2.441000 -4.031500 -4.006200 -3.744400 
0.634000 -1.493100 -2.912100 -0.476600 -2.278300 -1.799100 -0.679900 -2.098700 -1.040200 -3.938600 -1.292000 -1.989800 
0.636000 -0.870200 -1.680300 -1.193600 -1.152100 -1.620000 -0.669100 -2.418700 -3.309700 -2.825000 -12.322800 -4.693300 
0.638000 -0.780400 -0.568700 -0.911600 -1.912700 -1.962900 -4.200600 -1.226500 -1.399500 -3.626100 -0.847200 -3.974900 
0.640000 -3.342800 -1.706900 -0.989300 -1.434300 -2.567000 -2.075600 -3.216200 -1.044500 -3.088400 -5.307500 -3.257600 
0.642000 -1.127700 -1.439500 -0.760300 -1.333600 -2.255700 -0.782700 -2.892300 -0.959100 -2.264700 -2.034100 -5.551600 
0.644000 -1.363200 -5.382600 -1.637700 -0.389400 -2.003900 -1.013100 -4.224100 -3.470900 -2.009400 -5.911100 -9.960400 
0.646000 -1.440700 -0.331800 -3.766800 -1.982200 -1.368600 -2.690800 -2.287800 -1.838200 -4.254700 -2.393800 -8.211800 
0.648000 -1.327900 -2.304300 -0.897400 -2.646500 -2.377200 -0.521900 -4.907500 -1.305700 -4.206700 -2.335600 -2.058600 
0.650000 -0.708100 -1.214700 -1.287400 -1.224300 -1.835100 -1.938600 -1.015000 -6.228900 -1.556700 -0.852100 -7.150700 
0.652000 -0.509400 -1.011300 -1.110600 -0.797900 -4.318800 -1.148500 -3.443900 -1.751800 -3.075800 -4.098600 -0.967500 
0.654000 -0.365400 -1.221200 -3.172600 -0.946400 -2.316900 -3.039600 -1.607200 -4.578300 -2.031800 -0.819600 -3.722400 
0.656000 -1.530700 -1.419300 -1.084400 -1.852800 -1.020600 -0.935100 -1.976100 -7.577000 -5.070300 -1.814900 -2.852000 
0.658000 -2.130500 -2.298200 -2.418100 -0.434000 -1.288500 -2.256200 -0.984100 -2.202000 -4.311000 -3.924900 -1.318200 
0.660000 -0.619700 -1.815000 -1.393100 -2.138200 -0.895500 -2.032400 -3.194600 -1.581700 -4.864200 -11.033500 -1.215500 
0.662000 -0.705400 -1.680400 -0.974600 -0.970100 -1.693700 -3.019700 -1.511400 -4.772300 -3.231600 -2.376600 -4.195100 
0.664000 -2.351800 -3.094900 -1.029500 -1.509400 -0.576300 -1.676400 -1.256100 -1.206900 -2.747500 -2.265600 -6.694700 
0.666000 -1.659800 -1.002500 -0.808200 -2.614200 -2.317500 -1.942500 -0.645200 -2.192800 -1.716000 -2.527300 -4.163600 
0.668000 -1.763900 -1.414900 -2.009200 -1.220700 -1.495000 -1.044400 -5.068700 -1.040000 -4.388600 -3.564700 -3.419000 
0.670000 -0.614200 -1.392400 -2.368400 -3.710200 -1.529600 -5.928000 -0.915500 -1.892500 -5.286300 -8.944600 -3.761300 
0.672000 -1.481600 -0.690100 -1.224900 -2.232300 -2.662700 -0.687100 -1.019000 -7.483800 -3.352900 -7.244400 -3.192300 
0.674000 -0.839800 -1.736100 -0.957600 -0.896300 -2.085300 -2.006200 -2.441000 -2.965000 -5.983400 -18.331100 -1.779600 
0.676000 -1.443800 -1.082400 -2.876200 -2.261000 -2.322000 -2.069400 -3.317900 -3.555600 -0.943600 -6.794400 -2.084200 
0.678000 -1.533500 -1.018700 -1.229200 -3.024300 -1.888800 -4.512100 -1.924400 -2.179100 -3.937300 -7.334400 -0.939700 
0.680000 -1.954500 -1.434200 -2.068400 -0.471700 -0.351200 -2.304900 -1.339700 -3.783000 -2.979500 -0.859400 -5.648500 
0.682000 -1.003100 -0.909700 -0.877800 -2.481800 -1.637300 -2.515500 -0.731200 -1.599200 -2.039600 -4.260100 -3.560500 
0.684000 -0.756000 -0.065000 -0.672300 -1.970200 -1.756500 -2.009100 -1.983100 -4.294300 -2.003000 -1.205700 -8.475700 
0.686000 -1.643000 -0.737000 -1.641400 -1.468300 -1.142300 -1.509900 -1.561300 -8.767000 -2.567000 -2.583600 -5.546500 
0.688000 -1.035700 -2.205300 -0.651800 -1.519000 -2.127300 -2.550200 -1.309200 -3.896500 -2.208800 -3.336300 -5.446100 
0.690000 -0.810700 -0.557200 -0.577800 -0.977400 -3.019500 -2.564400 -2.990200 -3.268800 -5.844100 -3.438500 -5.245800 
0.692000 -2.043300 -0.808000 -1.921500 -0.783000 -0.910700 -1.360000 -2.636700 -1.624600 -1.439800 -3.151400 -3.621100 
0.694000 -1.893500 -1.261400 -0.963000 -3.432800 -0.632700 -1.120800 -1.373000 -1.558800 -5.048100 -6.958500 -3.839200 
0.696000 -1.217200 -1.659700 -0.994700 -1.337300 -2.003400 -3.117900 -1.393800 -3.748000 -0.654200 -8.933200 -4.424100 
0.698000 -1.487000 -1.368200 -0.668200 -1.074700 -2.193400 -4.617300 -2.746200 -3.036300 -2.036600 -28.855900 -0.945000 
0.700000 -0.249000 -2.694800 -0.704200 -0.839100 -2.787800 -2.829800 -1.932100 -0.443300 -2.442200 -5.514900 -7.990700 
0.702000 -0.750900 -1.043700 -0.284200 -1.413200 -1.420300 -1.572900 -2.225700 -1.431700 -4.026700 -6.078400 -11.241700 
0.704000 -0.865800 -0.993200 -1.654000 -0.671600 -3.280800 -6.153700 -1.407600 -1.365400 -7.288800 -5.803900 -2.095600 
0.706000 -0.350700 -1.424500 -3.031200 -1.152300 -0.730700 -1.295800 -1.710900 -2.013200 -0.848500 -4.758500 -5.047200 
0.708000 -1.036700 -1.778000 -2.018900 -1.297500 -1.169600 -2.096100 -2.403300 -1.788600 -2.144700 -1.869600 -4.187200 
0.710000 -1.357200 -0.603000 -0.796800 -3.360700 -3.322100 -1.732300 -2.784400 -1.670400 -2.219800 -4.843900 -4.615800 
0.712000 -1.060000 -1.229000 -1.919300 -2.750200 -1.230800 -1.745400 -1.724600 -1.413100 -4.189600 -0.972300 -0.950900 
0.714000 -2.365900 -1.615400 -1.923400 -0.694600 -1.126400 -2.475700 -1.797100 -3.639600 -2.315000 -1.449300 -15.942500 
0.716000 -0.883500 -1.908900 -1.168800 -2.007900 -0.524300 -1.404800 -0.949000 -2.032100 -4.947500 -2.543900 -2.086400 
0.718000 -1.583400 -2.991300 -1.635800 -0.416200 -2.606800 -0.834500 -2.048300 -1.499100 -2.666800 -1.428300 -4.079900 
0.720000 -1.499200 -1.552100 -2.804400 -0.145300 -4.650100 -1.142500 -0.715800 -3.150600 -5.309800 -6.183800 -0.799200 
0.722000 -0.929700 -4.711500 -1.640700 -1.941100 -1.268500 -0.854000 -1.184700 -0.871500 -10.248500 -3.230500 -5.840700 
0.724000 -1.942500 -0.581700 -0.268100 -0.601400 -2.277600 -0.643100 -1.540400 -4.028700 -5.919800 -0.634900 -6.471100 
0.726000 -0.695200 -3.301100 -0.672800 -0.912700 -4.611500 -2.556400 -4.631600 -0.865500 -6.165500 -1.564400 -9.617700 
0.728000 -1.282000 -1.470800 -0.431600 -1.492500 -1.760300 -2.069600 -2.313700 -1.529100 -1.258700 -2.992000 -7.472400 
0.730000 -1.076300 -1.683400 -1.902300 -3.183000 -2.022100 -1.245500 -3.397600 -2.370500 -2.734500 -0.720900 -2.019700 
0.732000 -1.474800 -1.625800 -1.770700 -1.192300 -1.094600 -1.106400 -1.885400 -1.846600 -3.301400 -0.632400 -5.857800 
0.734000 -2.049100 -0.884300 -1.417900 -0.696100 -3.569000 -1.553100 -3.626200 -1.001000 -3.916500 -1.524400 -6.315800 
0.736000 -1.109800 -2.457400 -1.225600 -0.399200 -1.419900 -1.636700 -0.572900 -1.516600 -1.623500 -2.094100 -10.614300 
0.738000 -3.083700 -2.244200 -0.780600 -1.302700 -0.953000 -2.476200 -5.120900 -7.802400 -5.353400 -3.306300 -5.603800 
0.740000 -0.924700 -1.283500 -3.253900 -1.062800 -2.824700 -4.403000 -3.098300 -1.354200 -2.848700 -7.243100 -1.186800 
0.742000 -2.024300 -0.772000 -1.959800 -0.887500 -1.231000 -2.076700 -5.354100 -3.198000 -2.622800 -6.954200 -4.122500 
0.744000 -1.673700 -2.004800 -2.251400 -1.515700 -1.023100 -1.785000 -2.654500 -9.229400 -1.404100 -0.891800 -3.384100 
0.746000 -0.582300 -1.877700 -3.389100 -0.836200 -2.651500 -2.046600 -2.029700 -1.672500 -2.041100 -3.591100 -4.693600 
0.748000 -1.674200 -1.373800 -0.957900 -1.566700 -2.917500 -2.454900 -3.068900 -1.801400 -6.960100 -3.789200 -1.408900 
0.750000 -0.520500 -1.276500 -3.762200 -1.387200 -1.938300 -1.935800 -3.214000 -2.747300 -3.116100 -1.063900 -3.020200 
0.752000 -0.850400 -0.990800 -0.572100 -2.115800 -3.447500 -2.832400 -2.912900 -1.542900 -10.428900 -2.287300 -3.642200 
0.754000 -2.047600 -0.793500 -1.141100 -1.303500 -1.315000 -2.568400 -1.538800 -4.261500 -4.489000 -4.627900 -2.054400 
0.756000 -1.226200 -1.027300 -0.784600 -2.254800 -0.996700 -1.823000 -4.181900 -1.093300 -4.217300 -4.018100 -21.941900 
0.758000 -1.441500 -1.708100 -1.921700 -0.451300 -1.944600 -0.961000 -5.658700 -1.815700 -3.799400 -3.966500 -7.741000 
0.760000 -0.810900 -3.573100 -2.110800 -2.588700 -2.198400 -1.114200 -1.904300 -1.038700 -2.599100 -3.659600 -1.532700 
0.762000 -2.529200 -1.842900 -2.770100 -1.791500 -2.319300 -0.516300 -2.257600 -1.062700 -4.245300 -7.954700 -3.622200 
0.764000 -1.740800 -2.152500 -1.643200 -1.672600 -2.503400 -1.879600 -3.645300 -2.209100 -2.367200 -1.670000 -14.270500 
0.766000 -0.936100 -2.315500 -2.069600 -1.564600 -4.423100 -2.036800 -2.747900 -1.872400 -3.433800 -3.535000 -20.544400 
0.768000 -2.146400 -1.482600 -2.230600 -0.477900 -1.050200 -2.814500 -0.172700 -3.399400 -2.774100 -2.102100 -12.355200 
0.770000 -0.772200 -2.171400 -0.942100 -1.055100 -1.512700 -1.673100 -1.227200 -1.357700 -3.227600 -3.300900 -11.388100 
0.772000 -0.629600 -0.686000 -2.704800 -0.435500 -1.706100 -2.841300 -4.627200 -1.194000 -1.521700 -4.180600 -3.315300 
0.774000 -0.238000 -0.790200 -0.849100 -1.965500 -3.206400 -1.441900 -2.868000 -1.670000 -4.377000 -1.220700 -3.608100 
0.776000 -0.857100 -2.062800 -0.359900 -0.436700 -1.633400 -2.238500 -0.719900 -2.776200 -2.697200 -7.346900 -6.328900 
0.778000 -0.760700 -1.945000 -1.799400 -1.922900 -4.211300 -2.052500 -0.520300 -1.039200 -3.097800 -1.439900 -11.888700 
0.780000 -0.781900 -2.482200 -0.970000 -3.696800 -0.619100 -0.526800 -1.375900 -1.338500 -1.832500 -3.739800 -1.036200 
0.782000 -1.043400 -2.639600 -1.544900 -2.842500 -2.310400 -3.940100 -2.430900 -3.080500 -1.131300 -1.309700 -7.822900 
0.784000 -1.401600 -2.244300 -1.093900 -0.705900 -1.921200 -1.957500 -1.781800 -0.948300 -3.968500 -3.844000 -0.979000 
0.786000 -0.448600 -0.926500 -3.004100 -0.942900 -1.357200 -2.606400 -1.461000 -2.701300 -0.987900 -1.401200 -4.072100 
0.788000 -0.542400 -1.326700 -1.686600 -0.406600 -0.834600 -1.669100 -5.897200 -1.718000 -1.979800 -1.278200 -6.172200 
0.790000 -0.832400 -0.420100 -1.568600 -1.424600 -1.460300 -1.525300 -1.813100 -2.146100 -2.001200 -2.510400 -1.091800 
0.792000 -0.609900 -1.069100 -2.166100 -3.839100 -1.697400 -2.086100 -1.109600 -2.794100 -1.116100 -2.950900 -4.261100 
0.794000 -1.998300 -1.090200 -0.878800 -1.971700 -1.594900 -2.410300 -3.242400 -1.302100 -1.081100 -6.529000 -1.123200 
0.796000 -0.100000 -1.575200 -0.480200 -1.856700 -2.608900 -0.762600 -0.375500 -4.115700 -2.251000 -1.999100 -1.186900 
0.798000 -0.731700 -1.426700 -2.988200 -1.280900 -1.532000 -1.920800 -1.600600 -5.588500 -5.075400 -1.394300 -9.117100 
0.800000 -0.785500 -0.580300 -3.022200 -2.375900 -2.778100 -1.167900 -1.256100 -0.929100 -2.253800 -4.626200 -2.205800 
0.802000 -2.059800 -1.882000 -0.664800 -2.359700 -1.384500 -1.625900 -2.103700 -1.689300 -3.340500 -2.747800 -8.485400 
0.804000 -1.942500 -2.839100 -0.587800 -1.509400 -1.133600 -3.409500 -2.771900 -4.223000 -2.309300 -7.214900 -0.268900 
0.806000 -1.013200 -0.785000 -1.093700 -1.584500 -1.471500 -1.934900 -3.547300 -4.123100 -1.838700 -2.238700 -2.793100 
0.808000 -1.527900 -2.400600 -0.645400 -1.531400 -1.166800 -1.788200 -2.489300 -2.649600 -2.068800 -0.474800 -3.440600 
0.810000 -1.727400 -3.047000 -0.599600 -0.540200 -2.004200 -2.161300 -1.783700 -2.679500 -3.586000 -3.030500 -3.253600 
0.812000 -1.074400 -3.638400 -3.980000 -2.630900 -2.390900 -1.667100 -0.741600 -4.401500 -1.606900 -12.349200 -3.575700 
0.814000 -1.413900 -0.857000 -3.425400 -2.981700 -0.817200 -2.740100 -1.168000 -1.019500 -2.167400 -6.150700 -12.520400 
0.816000 -1.258300 -1.226300 -1.512100 -0.860500 -1.796700 -1.148400 -2.561700 -3.700100 -1.891600 -10.423500 -4.809500 
0.818000 -1.746600 -0.698800 -0.428900 -1.806200 -1.169800 -2.112000 -5.541000 -2.762900 -2.556400 -5.050800 -1.179600 
0.820000 -1.139700 -0.518400 -0.605700 -1.538200 -2.353700 -3.468600 -5.141100 -1.530000 -3.199200 -6.077400 -4.970600 
0.822000 -2.548300 -1.746700 -0.443500 -3.320100 -2.787800 -1.685600 -3.558100 -6.112300 -5.901600 -3.574300 -1.202400 
0.824000 -1.388300 -1.395800 -1.253300 -1.909900 -1.117400 -1.155300 -4.819700 -0.705000 -1.241400 -7.153600 -6.328600 
0.826000 -1.359400 -1.651300 -1.742400 -1.330500 -1.923000 -3.394100 -1.953700 -4.300400 -2.438700 -0.719000 -2.074400 
0.828000 -1.758100 -1.441400 -0.618800 -2.377200 -2.406400 -1.520400 -1.703600 -1.616800 -4.817400 -4.624300 -1.751200 
0.830000 -1.226000 -0.973000 -0.798500 -0.800400 -0.989100 -2.459100 -1.096200 -2.377200 -0.807100 -9.204000 -2.571000 
0.832000 -0.475400 -2.139000 -1.400800 -1.534500 -2.298300 -1.392400 -2.920100 -4.152900 -2.015600 -1.972400 -1.582800 
0.834000 -0.663500 -2.494800 -0.595000 -3.049700 -2.912200 -2.285800 -2.732700 -3.487200 -2.305400 -4.398900 -4.905200 
0.836000 -1.571400 -2.333500 -3.145100 -2.603900 -1.035900 -1.549700 -1.213600 -1.714800 -3.789800 -3.057500 -9.556600 
0.838000 -1.224400 -1.193400 -0.692500 -0.478400 -5.426300 -0.242300 -1.038600 -2.576300 -1.885300 -2.376700 -4.640200 
0.840000 -0.513100 -1.606800 -0.949800 -1.267400 -1.663000 -4.486600 -5.698400 -4.458100 -0.928600 -2.111500 -3.733900 
0.842000 -1.110000 -0.947800 -2.258400 -1.126500 -2.515300 -3.619500 -2.164800 -7.205100 -6.270200 -6.941300 -2.243200 
0.844000 -0.888500 -2.305800 -0.838400 -1.187900 -0.594600 -2.438800 -2.242300 -2.343600 -2.145600 -4.165400 -0.781900 
0.846000 -1.528700 -2.115200 -1.542100 -1.699400 -1.680900 -2.878100 -3.345800 -2.157500 -4.013000 -3.872400 -1.614000 
0.848000 -1.696000 -2.030900 -0.546100 -2.811500 -0.575200 -2.976600 -2.251400 -6.288400 -2.743000 -6.409000 -5.017100 
0.850000 -2.401200 -1.102800 -3.170900 -1.346400 -2.833800 -1.594900 -3.189300 -1.589700 -1.362900 -3.751900 -3.509000 
0.852000 -0.471300 -2.579700 -0.500100 -0.724200 -1.789200 -4.446600 -1.387000 -0.497600 -2.142100 -3.382600 -5.257600 
0.854000 -1.620600 -1.988300 -0.591500 -1.111600 -0.657300 -5.346000 -1.946500 -1.566300 -3.248800 -1.086000 -3.116100 
0.856000 -1.243900 -1.530500 -1.344900 -1.462100 -1.565000 -0.959100 -3.370100 -1.867200 -3.451400 -1.691600 -11.767800 
0.858000 -0.970300 -0.949600 -0.780500 -2.894700 -1.320700 -1.617600 -3.968600 -1.581100 -4.085500 -2.822800 -1.427100 
0.860000 -0.213100 -2.072200 -0.690900 -1.176200 -2.199000 -0.980500 -2.645800 -1.196900 -0.971600 -13.360300 -9.078600 
0.862000 -0.894900 -2.730800 -0.491300 -0.224600 -1.818500 -3.894200 -1.923200 -0.460300 -3.901500 -4.108800 -6.650800 
0.864000 -1.320900 -1.527800 -2.205800 -1.519500 -0.362000 -3.107900 -0.913400 -4.133400 -1.774900 -2.468900 -4.075300 
0.866000 -1.656700 -1.830900 -0.959400 -1.002300 -1.019600 -1.740500 -1.552100 -3.177200 -5.334400 -4.304300 -9.419400 
0.868000 -1.336200 -2.550300 -1.183600 -1.018600 -0.976000 -1.172900 -2.402600 -0.841700 -3.980100 -3.381100 -22.440300 
0.870000 -0.950000 -3.218300 -2.687500 -1.385900 -1.080500 -2.509600 -4.857300 -0.757700 -8.968400 -4.030800 -5.076600 
0.872000 -0.804600 -1.930300 -2.075000 -0.906800 -1.983500 -0.696000 -2.006400 -2.117400 -4.513000 -6.561500 -1.482300 
0.874000 -1.721900 -1.638900 -2.204000 -1.137100 -3.450400 -1.940000 -1.121000 -1.447800 -2.556000 -2.649400 -3.964200 
0.876000 -0.915100 -2.031000 -1.259700 -1.053500 -2.092900 -3.410500 -1.503000 -0.868700 -1.731700 -5.462400 -4.205200 
0.878000 -1.124900 -2.088100 -0.770200 -1.226200 -2.060100 -1.396200 -0.783400 -1.475600 -1.927000 -2.286700 -16.456900 
0.880000 -0.476500 -1.910500 -2.206800 -1.799200 -2.658600 -1.711500 -0.904700 -1.433300 -2.463100 -6.241700 -9.486700 
0.882000 -2.800600 -1.296500 -0.569100 -1.511800 -2.068300 -1.296000 -2.292000 -3.634700 -2.087500 -3.405300 -13.105400 
0.884000 -0.924900 -1.208000 -1.380200 -1.566300 -1.286000 -4.807300 -1.709500 -1.090000 -1.353000 -3.764700 -2.400900 
0.886000 -2.005200 -0.798400 -0.974100 -0.613800 -1.633800 -2.214200 -1.517900 -3.351600 -3.286700 -2.688400 -1.238000 
0.888000 -1.004200 -1.412300 -1.846400 -0.973700 -1.995900 -1.961200 -1.333700 -1.073300 -2.424500 -6.784500 -2.176100 
0.890000 -1.088300 -1.607000 -1.488600 -1.207000 -2.573000 -2.910600 -1.866500 -4.836600 -3.118400 -1.280500 -1.470500 
0.892000 -1.777200 -1.048800 -3.871600 -2.695800 -4.272600 -2.539800 -1.197900 -2.668200 -2.937900 -11.326100 -4.875700 
0.894000 -4.825200 -1.865600 -0.408100 -0.982900 -0.403900 -1.757100 -2.425900 -1.736900 -2.670200 -1.969300 -7.931000 
0.896000 -0.566900 -2.607400 -0.635700 -1.552000 -1.139700 -0.779400 -2.467300 -4.437300 -0.599000 -5.915900 -5.191500 
0.898000 -1.669000 -1.320800 -0.821700 -0.595800 -1.862900 -2.727700 -2.796800 -4.398400 -2.813800 -5.356800 -3.483100 
0.900000 -0.786200 -1.670100 -1.039000 -1.042000 -4.381500 -3.353500 -2.710500 -3.580500 -1.694900 -2.712100 -6.192400 
0.902000 -2.506200 -1.205300 -0.959100 -2.148600 -1.813100 -1.424500 -0.788600 -0.841700 -1.993000 -1.457800 -5.337700 
0.904000 -1.707100 -2.359800 -2.474900 -1.513800 -1.152000 -3.430900 -4.523900 -1.651600 -1.343300 -0.799500 -7.726600 
0.906000 -0.833200 -1.463800 -0.836900 -1.832400 -1.322200 -4.171500 -1.900200 -2.728500 -1.712300 -1.573300 -1.665200 
0.908000 -1.738900 -1.315400 -0.827800 -4.274600 -0.630600 -3.605400 -1.985600 -2.283800 -3.577800 -9.436000 -2.724900 
0.910000 -0.879800 -1.483700 -0.889300 -0.406600 -2.486300 -2.193900 -1.451500 -0.624600 -2.135000 -4.114400 -4.129100 
0.912000 -0.647000 -1.837100 -3.305600 -1.236700 -3.035100 -0.866200 -0.991400 -4.290500 -2.191300 -9.654900 -3.358800 
0.914000 -1.785300 -1.133900 -1.042000 -2.774000 -1.946300 -1.400300 -1.671800 -3.384500 -2.015200 -10.747700 -1.610500 
0.916000 -0.468800 -1.870200 -2.562400 -2.220200 -1.826100 -1.646500 -5.973400 -4.568400 -0.770300 -8.588400 -1.091000 
0.918000 -1.651400 -4.030400 -1.716400 -0.912300 -0.880200 -2.379700 -3.197200 -1.938700 -2.116400 -5.710600 -9.622300 
0.920000 -1.497100 -2.286200 -1.567300 -1.935800 -1.227100 -0.931500 -1.887400 -3.267600 -7.561000 -2.138500 -16.700900 
0.922000 -0.633400 -1.973500 -0.514700 -2.485500 -1.704200 -4.912700 -1.692500 -0.924300 -2.706100 -1.882600 -5.030100 
0.924000 -0.992300 -1.053000 -1.588500 -1.062700 -1.002900 -1.858300 -1.305700 -3.011900 -4.676700 -3.996100 -2.237600 
0.926000 -1.766500 -1.378300 -0.956700 -1.679500 -1.822900 -0.955000 -3.661500 -1.073300 -2.764500 -0.668200 -6.782000 
0.928000 -0.943300 -0.781300 -1.194200 -1.121900 -1.055900 -1.969700 -2.174300 -4.909900 -2.878000 -6.249700 -2.244800 
0.930000 -1.372200 -3.455400 -0.699500 -2.246900 -1.952700 -2.321100 -2.016500 -1.886400 -0.888800 -3.040000 -0.895300 
0.932000 -0.939400 -0.269600 -2.912400 -1.762000 -1.208500 -3.390800 -1.878700 -2.979900 -1.655600 -3.647400 -10.454800 
0.934000 -2.150200 -1.720700 -1.297100 -1.261900 -1.217000 -2.128500 -1.528000 -1.999200 -5.407800 -1.700500 -15.796400 
0.936000 -1.440300 -1.668900 -1.279800 -1.120100 -1.048800 -2.130600 -2.181000 -2.270500 -4.594000 -16.179300 -6.160400 
0.938000 -0.993800 -1.553500 -2.526000 -1.426300 -1.687400 -3.911600 -2.434900 -1.090100 -4.710800 -6.275600 -9.346100 
0.940000 -1.096400 -1.910600 -1.250700 -0.693700 -1.324800 -4.529100 -1.596900 -1.181200 -1.811700 -5.014300 -2.849400 
0.942000 -1.624100 -1.391000 -1.499200 -0.695000 -2.494400 -1.728700 -1.974500 -1.748400 -7.964800 -3.038500 -1.973800 
0.944000 -1.597000 -0.999300 -1.126100 -1.194100 -6.019700 -2.649500 -1.707700 -1.842700 -0.988200 -3.549900 -2.346300 
0.946000 -1.646200 -1.687300 -0.861300 -0.629800 -2.011100 -1.771700 -0.526400 -2.569200 -2.687000 -1.403700 -4.104700 
0.948000 -1.469800 -2.783700 -0.797400 -1.834500 -2.007500 -3.149000 -1.375400 -2.561900 -9.357200 -3.942500 -2.601800 
0.950000 -1.496600 -3.685900 -1.622800 -2.046300 -1.374500 -1.951700 -3.277000 -1.392900 -4.158900 -3.068900 -6.397400 
0.952000 -0.774000 -1.512600 -1.590200 -1.899100 -1.636100 -1.578400 -3.341900 -3.289000 -2.007700 -3.075000 -14.142300 
0.954000 -1.508800 -2.195000 -2.093800 -0.131500 -2.318500 -0.602100 -3.312900 -1.502900 -2.763600 -4.655900 -1.030100 
0.956000 -3.788600 -1.554300 -1.077800 -2.016100 -1.832100 -1.418600 -2.605000 -4.987100 -1.864400 -3.869200 -1.913200 
0.958000 -1.707800 -1.286900 -0.989400 -3.870000 -1.436800 -0.938200 -2.759300 -2.785500 -1.302400 -10.794900 -4.187700 
0.960000 -2.683300 -2.377000 -1.089600 -1.041300 -1.672500 -2.942900 -2.988900 -5.465000 -3.656600 -6.183800 -5.674900 
0.962000 -1.607500 -1.602300 -0.634700 -1.062800 -1.496400 -1.991800 -1.925300 -1.006100 -1.991300 -1.208300 -3.421600 
0.964000 -2.201800 -1.615900 -1.169000 -0.799900 -1.463600 -2.254800 -1.278400 -0.695800 -2.918500 -2.872800 -13.158000 
0.966000 -1.363900 -2.214100 -0.902000 -2.940400 -1.271700 -1.425200 -1.517600 -1.263500 -4.272500 -5.796300 -9.401000 
0.968000 -1.796100 -1.740900 -1.956100 -1.788700 -0.567900 -1.311600 -1.867300 -2.378700 -3.505700 -14.647200 -9.937300 
0.970000 -2.435500 -1.654100 -0.871700 -0.759900 -2.943100 -1.306500 -1.928700 -1.786300 -2.637200 -3.361400 -8.890600 
0.972000 -0.649600 -1.486400 -0.702900 -0.836100 -0.677900 -1.955600 -1.124400 -4.163800 -2.700400 -4.298800 -3.739400 
0.974000 -2.670600 -1.727500 -1.169200 -1.498200 -1.261600 -1.887400 -2.312300 -3.350400 -1.981600 -4.488100 -4.153700 
0.976000 -1.567000 -0.466700 -1.330500 -1.560800 -1.571700 -1.962400 -0.615600 -2.785900 -1.864000 -3.211200 -0.529700 
0.978000 -0.691000 -0.784500 -1.512200 -0.818600 -3.022600 -2.086100 -3.324300 -2.993400 -1.603900 -4.115600 -3.067900 
0.980000 -2.322200 -3.726400 -0.966000 -2.151200 -1.770900 -0.695400 -2.963100 -3.977300 -3.268500 -3.419200 -2.676200 
0.982000 -1.599000 -0.812400 -2.147700 -1.245700 -0.524700 -3.682200 -3.383000 -6.595600 -2.096600 -2.634300 -2.625400 
0.984000 -0.920900 -2.232600 -0.597900 -0.655900 -0.440300 -0.732200 -1.632700 -1.127800 -3.029200 -1.214200 -1.884000 
0.986000 -0.656100 -1.424400 -0.783500 -1.026700 -0.331100 -0.911400 -2.393300 -1.307100 -3.484900 -4.060700 -2.950100 
0.988000 -1.088000 -1.131300 -1.356300 -1.803500 -1.396200 -1.961200 -3.768800 -5.262300 -3.135300 -4.438300 -1.310500 
0.990000 -2.900000 -1.575700 -5.752100 -1.022500 -4.337100 -2.619000 -3.368000 -3.153500 -2.500600 -3.418100 -2.414300 
0.992000 -1.843200 -1.830200 -1.299000 -2.909600 -0.857200 -2.071500 -2.595200 -2.117000 -3.475500 -2.271700 -4.898000 
0.994000 -1.289400 -0.401800 -2.817500 -0.619900 -0.625500 -1.360000 -1.317900 -5.436100 -2.349800 -2.437900 -2.694400 
0.996000 -1.608500 -0.480300 -2.252500 -2.070000 -2.007600 -3.034400 -1.519100 -2.210600 -2.668100 -1.904500 -4.997800 
0.998000 -0.977900 -3.602100 -1.424500 -1.493700 -1.842500 -1.851400 -3.660200 -3.014500 -1.655400 -4.232000 -3.147700 
