# gradients (DV/DL) for lambdas: 0.0 0.1 0.2 0.3 0.4 0.5 0.6 0.7 0.8 0.9 1.0
0.000000 -1.911200 -4.039000 -1.640600 -5.796600 -7.053900 -6.787300 -3.990800 -1.989800 -9.320000 -15.777200 -44.003400 
0.002000 -2.858000 -2.072700 -1.388600 -2.388500 -8.006200 -7.269700 -2.298500 -2.147000 -3.855800 -20.647600 -55.119300 
0.004000 -2.225400 -2.166800 -0.390400 -4.149400 -4.111800 -6.308000 -2.782200 -3.226700 -7.232700 -14.264700 -72.718800 
0.006000 -2.562100 -3.894900 -0.867300 -4.205300 -4.937800 -7.096200 -3.327100 -4.468400 -7.683900 -18.639800 -46.486400 
0.008000 -1.821800 -1.372500 -1.001700 -4.674400 -7.501100 -5.097600 -5.195800 -2.297700 -4.635900 -9.080300 -53.934800 
0.010000 -0.502800 -1.272800 -1.974300 -5.300300 -4.670800 -3.301000 -3.422300 -9.775400 -15.713200 -28.999200 -34.295900 
0.012000 -1.011500 -2.755000 -0.901200 -3.247800 -6.080100 -4.925700 -6.439200 -1.778000 -16.656300 -12.964000 -111.326700 
0.014000 -1.318300 -2.357300 -2.377000 -4.939300 -4.566000 -6.432900 -5.039900 -1.651900 -11.102600 -16.158500 -27.185300 
0.016000 -1.913000 -1.654500 -1.009200 -8.726300 -5.413700 -7.344400 -7.176400 -3.548500 -13.675500 -17.093100 -40.894700 
0.018000 -3.176200 -4.674700 -0.413500 -5.579100 -5.628800 -8.784200 -5.892400 -3.946400 -12.048900 -8.758700 -56.611300 
0.020000 -3.003200 -1.996700 -0.409000 -6.065700 -4.932500 -2.234900 -3.494800 -4.016600 -15.872200 -22.876300 -80.827700 
0.022000 -2.043700 -1.025100 -1.094000 -5.871800 -6.236600 -4.166300 -2.291600 -2.302600 -9.992400 -29.675800 -31.856000 
0.024000 -2.747100 -3.704900 -0.775900 -5.120300 -6.278700 -2.925400 -2.992300 -3.392000 -7.173200 -17.108000 -48.523100 
0.026000 -1.578300 -1.738100 -0.986200 -6.284900 -5.173800 -5.912400 -2.871200 -3.336000 -9.443400 -15.257000 -42.318600 
0.028000 -1.308000 -1.943200 -0.753100 -8.965400 -4.734000 -4.320700 -2.667500 -2.854000 -7.425800 -21.146400 -26.766900 
0.030000 -0.790100 -1.961100 -0.386200 -3.039800 -7.100500 -6.871300 -2.133700 -3.063500 -6.431600 -19.988700 -23.789100 
0.032000 -1.121200 -4.470000 -1.433800 -5.999900 -5.730100 -3.411300 -4.983500 -3.943000 -8.248100 -13.934900 -10.527900 
0.034000 -0.474200 -2.626300 -1.553700 -4.249600 -2.818200 -9.002400 -5.481500 -3.717500 -15.913700 -16.972700 -13.316200 
0.036000 -1.076100 -2.010100 -2.752500 -4.660000 -3.765100 -8.376700 -9.629000 -2.771800 -5.776500 -17.905000 -15.962700 
0.038000 -3.785700 -5.181300 -2.183500 -7.959400 -4.931700 -8.562300 -4.373400 -5.388900 -13.304800 -21.057400 -43.467700 
0.040000 -2.637600 -3.746700 -1.116700 -5.259200 -5.973500 -3.526200 -3.759200 -3.763700 -8.242600 -24.363000 -39.408100 
0.042000 -2.527800 -4.161900 -1.646400 -4.946600 -2.289000 -6.012500 -5.433300 -4.753800 -9.833300 -20.168900 -73.608800 
0.044000 -3.385400 -4.021600 -3.217000 -5.695400 -2.959300 -6.772500 -4.547200 -2.513400 -8.351800 -19.252600 -49.947400 
0.046000 -2.613800 -5.858300 -0.939800 -6.844700 -5.439200 -4.060600 -3.268500 -3.799700 -5.878200 -15.599800 -58.964300 
0.048000 -2.315000 -3.232400 -0.492100 -7.521000 -5.144200 -4.755300 -4.260300 -2.798700 -9.207400 -11.403700 -66.125600 
0.050000 -1.518000 -5.088000 -2.086900 -6.693500 -8.156100 -10.176700 -8.487600 -3.256300 -6.022400 -23.427700 -66.707200 
0.052000 -1.591900 -1.229400 -0.622500 -5.673200 -5.865100 -4.703700 -3.299400 -1.994000 -5.417700 -26.909800 -69.867600 
0.054000 -4.025300 -5.065000 -2.958800 -7.345400 -6.309300 -6.477500 -3.091400 -10.457000 -8.568800 -6.266100 -45.705500 
0.056000 -3.281900 -3.979400 -1.003900 -5.863700 -6.202200 -3.907300 -3.237100 -3.715200 -5.879800 -14.601300 -69.092300 
0.058000 -2.108600 -3.212900 -0.824800 -7.096700 -1.577600 -4.261600 -2.159600 -2.009300 -12.174100 -20.866500 -49.435900 
0.060000 -5.921300 -1.859600 -0.619900 -8.497800 -4.328900 -8.739900 -6.736900 -4.247000 -4.679700 -15.547200 -45.372000 
0.062000 -2.170300 -2.618800 -1.384100 -2.960900 -4.042200 -4.344700 -2.866800 -2.435300 -9.170600 -10.604000 -28.950100 
0.064000 -3.168800 -4.273300 -0.716500 -2.731700 -4.117300 -5.345500 -4.719300 -5.679600 -3.543000 -27.677300 -36.724400 
0.066000 -3.457800 -2.368000 -2.109300 -4.131400 -6.564700 -5.930900 -9.840600 -9.403500 -3.349000 -20.977800 -42.844100 
0.068000 -5.183300 -2.974900 -0.230500 -2.544700 -3.699600 -10.952900 -3.218800 -3.900100 -5.502600 -19.199100 -32.612200 
0.070000 -1.903500 -3.420300 -0.839000 -1.815500 -2.723500 -7.452300 -3.526600 -4.519700 -4.089900 -12.997800 -37.638500 
0.072000 -5.700600 -2.119000 -1.406900 -2.512500 -3.141700 -9.044400 -2.559000 -4.994800 -8.872700 -15.772700 -46.240500 
0.074000 -5.271100 -1.486300 -1.202500 -3.019600 -1.416900 -4.051300 -11.096300 -3.630900 -6.150500 -20.086100 -64.258300 
0.076000 -3.681200 -2.014300 -1.315100 -1.790500 -4.663900 -6.011400 -3.077700 -2.991300 -4.841200 -16.153100 -39.019800 
0.078000 -3.643100 -1.592100 -0.404100 -6.395000 -3.103800 -1.841700 -3.491900 -3.928500 -5.292400 -29.577000 -78.282200 
0.080000 -5.676800 -2.109500 -0.386300 -6.348100 -3.711300 -6.231300 -5.725300 -6.873300 -4.030600 -24.296000 -57.295800 
0.082000 -5.566700 -0.721000 -1.149300 -3.962800 -1.439800 -6.121500 -2.608000 -4.493300 -5.170700 -18.979000 -71.057500 
0.084000 -2.934200 -2.068100 -1.328200 -7.667700 -2.486200 -2.106800 -4.311600 -3.392100 -8.601700 -8.811700 -58.810500 
0.086000 -3.627200 -2.956900 -0.299200 -4.237200 -5.044200 -3.863600 -3.817100 -0.823900 -11.471200 -20.675700 -70.429000 
0.088000 -3.041600 -1.396800 -0.288800 -5.159500 -6.647200 -4.563800 -3.033600 -5.059200 -2.917700 -9.782400 -65.108400 
0.090000 -1.461800 -1.528800 -1.785800 -7.830900 -5.050800 -5.333000 -4.012700 -5.704900 -4.839100 -21.495800 -59.923100 
0.092000 -2.807800 -2.865000 -2.067900 -5.901900 -5.070700 -6.722400 -5.278100 -4.579700 -2.736200 -29.582100 -45.291900 
0.094000 -2.973800 -3.046600 -1.560800 -3.557000 -6.287200 -8.150900 -6.857700 -4.597600 -7.743400 -20.126800 -35.686900 
0.096000 -3.724600 -3.088600 -0.757900 -6.690600 -3.732300 -5.514900 -3.707600 -6.172100 -7.592900 -13.254700 -65.237000 
0.098000 -2.584400 -3.669400 -2.456200 -5.732500 -5.729600 -7.268800 -4.015200 -3.598400 -6.395300 -21.317500 -52.894200 
0.100000 -2.098600 -3.864500 -1.615700 -5.702500 -7.660000 -4.486600 -1.892700 -5.650700 -2.590500 -28.786400 -69.299300 
0.102000 -2.120000 -2.666800 -0.436500 -4.830100 -5.104200 -7.193400 -1.927800 -5.738300 -12.135000 -37.289100 -47.293800 
0.104000 -5.258900 -1.472500 -2.531700 -9.503000 -8.751000 -7.755800 -2.964800 -5.130300 -3.263000 -18.068300 -57.646600 
0.106000 -4.472200 -3.771700 -2.039200 -11.885200 -5.174300 -4.138100 -6.284300 -6.711700 -5.689100 -17.303700 -70.682200 
0.108000 -3.255200 -1.849700 -1.667800 -3.081500 -6.446800 -3.175900 -3.585600 -4.328600 -8.167000 -21.929900 -57.264100 
0.110000 -3.807200 -3.950100 -2.108000 -6.938700 -5.180100 -2.352900 -4.624700 -4.379000 -3.821200 -21.791600 -60.145700 
0.112000 -4.321000 -1.593900 -1.077000 -5.921000 -5.789700 -5.068300 -4.883100 -4.599200 -13.446900 -13.881300 -75.999000 
0.114000 -4.619500 -1.360500 -1.475000 -3.560300 -5.737700 -4.873300 -3.549000 -4.768100 -5.075700 -17.506300 -57.260900 
0.116000 -2.045400 -0.860100 -1.014700 -6.856700 -5.730400 -3.603900 -2.296400 -2.717500 -5.236100 -18.492900 -57.494000 
0.118000 -3.115300 -0.993500 -0.533600 -4.754600 -5.583600 -4.885500 -9.068800 -4.034300 -6.766800 -24.066700 -52.581700 
0.120000 -2.973200 -2.516100 -1.569700 -3.548700 -2.970200 -3.730100 -4.385100 -3.895800 -2.882900 -19.658400 -92.886500 
0.122000 -5.452000 -4.262500 -3.019100 -8.956200 -7.315800 -5.005100 -3.691500 -1.950200 -4.134400 -23.153400 -63.485300 
0.124000 -4.356400 -1.271300 -0.941000 -5.460400 -4.207500 -3.801900 -3.628600 -5.299800 -9.325100 -30.222600 -67.753700 
0.126000 -4.720500 -1.002400 -0.517200 -3.239400 -7.297900 -4.392300 -5.261700 -3.892400 -4.979300 -21.168300 -78.932400 
0.128000 -1.437500 -2.080700 -0.842600 -5.308400 -7.695300 -5.626100 -2.562200 -4.356000 -8.142300 -26.172200 -83.020100 
0.130000 -1.440700 -2.053500 -1.049800 -5.028400 -3.368400 -9.269800 -5.294800 -4.066700 -3.157100 -20.289900 -119.570800 
0.132000 -2.400600 -1.041600 -1.580700 -7.500500 -5.196000 -2.679400 -3.001300 -5.888400 -12.217800 -13.442800 -55.738300 
0.134000 -1.456800 -3.251200 -2.409700 -2.555600 -8.276900 -7.492300 -6.091200 -6.406200 -6.828300 -10.083600 -64.494200 
0.136000 -3.102000 -1.134100 -2.317200 -7.790700 -6.098900 -2.142800 -4.187400 -4.168300 -6.317000 -15.879500 -60.107500 
0.138000 -3.304400 -3.698500 -1.905800 -6.893000 -6.530200 -6.355400 -4.840300 -3.535800 -5.377100 -13.675500 -62.171600 
0.140000 -2.220700 -5.043000 -3.237000 -5.123000 -4.204000 -3.757100 -9.664300 -5.638500 -2.886400 -18.435100 -79.383600 
0.142000 -2.144800 -1.752200 -2.447100 -4.734700 -5.884900 -1.691100 -2.093200 -2.728600 -4.563600 -15.486300 -71.741900 
0.144000 -4.488500 -4.801100 -1.717800 -3.642300 -8.203900 -1.475800 -1.744600 -3.995800 -11.490700 -27.120000 -79.710500 
0.146000 -2.658900 -3.724100 -1.873300 -7.275400 -6.844900 -3.722700 -2.118800 -5.671400 -4.898300 -23.705500 -102.857600 
0.148000 -1.282900 -1.867700 -2.858800 -2.315700 -8.106800 -3.573800 -4.288300 -5.589900 -5.290200 -11.987000 -46.120300 
0.150000 -1.856900 -3.605700 -1.844900 -7.289200 -12.937200 -5.303300 -1.173000 -3.095300 -8.603300 -17.275700 -58.388000 
0.152000 -1.777800 -2.920700 -0.617300 -5.707300 -4.316100 -6.179300 -4.081200 -2.641600 -9.838300 -7.460600 -62.121100 
0.154000 -1.684500 -3.442000 -0.644400 -10.585500 -6.961300 -2.258700 -2.726200 -2.907400 -7.483400 -4.405000 -62.348200 
0.156000 -1.689200 -3.429600 -0.367600 -3.380600 -5.919400 -5.342100 -4.547800 -6.509200 -9.250000 -11.709400 -68.807800 
0.158000 -2.909500 -2.814000 -0.569800 -2.450300 -6.012100 -8.697200 -2.684000 -3.045400 -6.024800 -19.843900 -51.485600 
0.160000 -1.971700 -2.799600 -0.941300 -0.952100 -9.869400 -6.643500 -3.066800 -4.403400 -12.521900 -25.429100 -51.538900 
0.162000 -5.952700 -3.340000 -0.614800 -3.168100 -4.664100 -5.688400 -2.640700 -5.115700 -8.151700 -21.515100 -58.454000 
0.164000 -2.991800 -2.082500 -1.148400 -3.137800 -9.197200 -4.995200 -2.052500 -5.170700 -10.514200 -26.205300 -59.205100 
0.166000 -1.913500 -3.951900 -1.490800 -1.886800 -7.656700 -3.371400 -4.995500 -2.472400 -9.109800 -16.435700 -72.776900 
0.168000 -0.508900 -4.078100 -3.298000 -6.058200 -8.822100 -6.242400 -1.839500 -4.089200 -2.864000 -19.289600 -80.089800 
0.170000 -2.834000 -5.113800 -0.525300 -2.479300 -5.985900 -3.204700 -7.631800 -5.612800 -5.859200 -15.746500 -57.377800 
0.172000 -2.676800 -4.355300 -0.930500 -2.774100 -6.274500 -7.453500 -2.091300 -3.917900 -7.867000 -12.507400 -51.364800 
0.174000 -4.278900 -4.382600 -1.092100 -3.550500 -3.377400 -3.908700 -5.101400 -3.014800 -7.044500 -19.520400 -89.592500 
0.176000 -3.138200 -1.549500 -0.790200 -2.674300 -5.054200 -6.799600 -8.310600 -1.931000 -6.164000 -7.674200 -80.069200 
0.178000 -1.931500 -3.088800 -2.500300 -5.136000 -3.650100 -6.854000 -2.499800 -3.038800 -3.553700 -3.169700 -71.103500 
0.180000 -2.478500 -2.306500 -1.157500 -6.554200 -5.622400 -8.170100 -1.825100 -7.045500 -5.710900 -6.975500 -35.142000 
0.182000 -2.137900 -1.628600 -0.539500 -6.290200 -5.173700 -5.058900 -4.409400 -3.861300 -6.627000 -5.866800 -60.115900 
0.184000 -2.550000 -3.271000 -0.615300 -3.203400 -4.348700 -7.743600 -5.200400 -8.861900 -4.471500 -5.850300 -28.602400 
0.186000 -2.027400 -1.795000 -1.334700 -4.025300 -5.718300 -4.249100 -5.221200 -5.532600 -7.575200 -11.016800 -56.274900 
0.188000 -6.760100 -0.726900 -1.336900 -3.732200 -7.658300 -4.751200 -2.306500 -2.301400 -8.202700 -5.298900 -42.741200 
0.190000 -4.406200 -1.511400 -0.570900 -5.256000 -3.723800 -5.400600 -5.946500 -2.391100 -5.450100 -17.786500 -53.900200 
0.192000 -4.303500 -4.262800 -2.145200 -2.938900 -5.814000 -3.414600 -4.442700 -5.527500 -5.671000 -9.321700 -84.352900 
0.194000 -2.326600 -2.609300 -0.315500 -2.197800 -2.999600 -5.234300 -6.099800 -5.835000 -5.716400 -16.945400 -68.609500 
0.196000 -5.691000 -2.028300 -1.421000 -4.099700 -3.334100 -4.605400 -0.942900 -1.588300 -7.041500 -10.307900 -68.576700 
0.198000 -5.631700 -1.252500 -1.358500 -3.906800 -4.229500 -2.572100 -1.828000 -5.378700 -5.183300 -16.101400 -68.194700 
0.200000 -6.371400 -2.010100 -1.070900 -0.945200 -2.647300 -5.133600 -6.238500 -3.509100 -11.588400 -7.608100 -70.821200 
0.202000 -3.408100 -1.140700 -1.072000 -1.294900 -3.989100 -1.369000 -3.907400 -4.010200 -6.149900 -11.467000 -48.926000 
0.204000 -1.754300 -7.060700 -0.364400 -1.396400 -2.781000 -8.897600 -6.125000 -4.939700 -6.991100 -7.962100 -28.857300 
0.206000 -3.202900 -4.704800 -0.425300 -3.691400 -6.206400 -4.584600 -0.806700 -2.663700 -9.202400 -4.591000 -79.918000 
0.208000 -3.560700 -2.155200 -0.528300 -3.092200 -5.684700 -1.467100 -3.165200 -2.315400 -12.428300 -3.598600 -71.347100 
0.210000 -5.969400 -1.853000 -0.109200 -1.625000 -2.622100 -9.067100 -1.778300 -2.131400 -3.888100 -2.915900 -79.778800 
0.212000 -3.871300 -3.914800 -0.654800 -1.707900 -4.182400 -3.676400 -6.059600 -1.530700 -14.323000 -11.848300 -83.242700 
0.214000 -6.094300 -2.108900 -0.791200 -5.653300 -6.749400 -4.416900 -1.003200 -4.825500 -9.111200 -8.205600 -75.416000 
0.216000 -3.543000 -2.483600 -0.269900 -2.725000 -4.871500 -2.942000 -1.322100 -5.205800 -7.693100 -12.995800 -74.380600 
0.218000 -7.180100 -2.041800 -0.348700 -0.819800 -3.956000 -3.549000 -3.355600 -2.420500 -9.382100 -7.176400 -76.411300 
0.220000 -3.940100 -4.500800 -1.973300 -1.738900 -5.725700 -5.374300 -1.321100 -2.229500 -12.537600 -8.988900 -49.057500 
0.222000 -4.959700 -3.582600 -0.851500 -5.603900 -5.992200 -5.581800 -3.059500 -5.558000 -8.473700 -5.699400 -54.434500 
0.224000 -6.275300 -4.457100 -0.388600 -3.969400 -4.833300 -6.295000 -5.092100 -8.115200 -8.646400 -9.281500 -50.232300 
0.226000 -2.910500 -3.439800 -1.042700 -3.226500 -5.754200 -3.173600 -4.746500 -4.628700 -3.662100 -10.250900 -96.962700 
0.228000 -4.017700 -1.300800 -0.898700 -1.425600 -6.966000 -5.630300 -2.219900 -4.770000 -12.406700 -10.124500 -69.156600 
0.230000 -2.609600 -1.581600 -0.217400 -3.937300 -9.675900 -2.185200 -3.482900 -3.343200 -6.176400 -19.342500 -83.295300 
0.232000 -2.844400 -3.023900 -0.351100 -3.368400 -2.283800 -3.836800 -5.277200 -4.321100 -7.702500 -17.348300 -99.856800 
0.234000 -3.158700 -2.726500 -1.639100 -6.807200 -4.449300 -3.273500 -5.631300 -3.677800 -7.572900 -9.159400 -73.664300 
0.236000 -5.724400 -4.225600 -3.408600 -0.911400 -7.180700 -4.555000 -3.843500 -7.788000 -5.066900 -4.531200 -72.002900 
0.238000 -4.330600 -3.910700 -0.476900 -3.109500 -5.687500 -3.359700 -5.307100 -7.500300 -6.646300 -13.422900 -72.948100 
0.240000 -2.733000 -1.738600 -1.135500 -3.482500 -2.855400 -5.501100 -5.012000 -5.139300 -12.156700 -1.752800 -73.603700 
0.242000 -3.199200 -3.671700 -0.781400 -1.534700 -7.901200 -5.555600 -3.869800 -2.734900 -7.442200 -7.663900 -130.200400 
0.244000 -7.199100 -6.823200 -1.557600 -4.769400 -3.332700 -5.166300 -2.966000 -5.362100 -8.308900 -10.677900 -79.426700 
0.246000 -5.137100 -3.407700 -0.907900 -1.642200 -4.712600 -7.516800 -3.750000 -7.433000 -8.142600 -5.806000 -71.959400 
0.248000 -6.530300 -2.296100 -1.761100 -1.785900 -6.090700 -10.612000 -3.216700 -3.047800 -8.489300 -22.161000 -72.121700 
0.250000 -6.027300 -3.138000 -1.168100 -2.375500 -4.877500 -7.432600 -1.913100 -4.425100 -4.660500 -17.066600 -74.786800 
0.252000 -4.571800 -5.137400 -2.339000 -3.822100 -4.914500 -2.510100 -0.883000 -4.876000 -6.766700 -18.681100 -90.200100 
0.254000 -1.126100 -0.882500 -1.402300 -4.024200 -4.721000 -5.993300 -3.903200 -4.710700 -6.685800 -12.837300 -89.500300 
0.256000 -4.814300 -0.920200 -0.875100 -4.897300 -8.941100 -4.805600 -8.630600 -2.018500 -15.131700 -12.873600 -51.334800 
0.258000 -1.899900 -1.412600 -0.328600 -6.484600 -5.959900 -7.415600 -3.640300 -2.365400 -6.666900 -13.741900 -91.350700 
0.260000 -3.736200 -1.410200 -1.542500 -4.027700 -5.669500 -5.580700 -2.839500 -1.227400 -10.228100 -28.887900 -101.449600 
0.262000 -2.440000 -1.783000 -0.751400 -5.030600 -6.243000 -3.353300 -4.925800 -12.418900 -3.954200 -37.668900 -53.344900 
0.264000 -3.926700 -2.916000 -1.768700 -5.961800 -3.002600 -4.709700 -2.441200 -5.933600 -6.372800 -29.950200 -68.205000 
0.266000 -1.857100 -3.230500 -4.878400 -3.696900 -6.893100 -3.160600 -2.772600 -6.579400 -6.899700 -28.427700 -64.461500 
0.268000 -3.719900 -4.244700 -1.215600 -4.155300 -5.444200 -3.415400 -1.586900 -2.681000 -4.647400 -29.992200 -53.308500 
0.270000 -6.591700 -3.039700 -0.338600 -7.446200 -5.495500 -3.518300 -1.812800 -5.904100 -9.025500 -13.130600 -113.085900 
0.272000 -2.977100 -1.366300 -0.707700 -4.128200 -4.716900 -1.131500 -1.547700 -3.436000 -2.992900 -19.745000 -99.123900 
0.274000 -5.180700 -2.730100 -1.856800 -3.246800 -3.437300 -5.707000 -1.185800 -3.849500 -12.168800 -26.548100 -121.958000 
0.276000 -4.181500 -1.483200 -0.857800 -3.138400 -6.563900 -8.521000 -1.151800 -3.261800 -5.250400 -37.738900 -63.636000 
0.278000 -2.972300 -5.056700 -1.855300 -5.142500 -6.124300 -4.133000 -2.812700 -4.768800 -4.521200 -32.010700 -61.294400 
0.280000 -6.754200 -4.133100 -0.553800 -5.732800 -6.211400 -3.901700 -1.595200 -4.669300 -9.985900 -20.831900 -74.605300 
0.282000 -7.197200 -2.009900 -1.245600 -5.987600 -11.609900 -5.799500 -3.306800 -1.596300 -11.462400 -13.874800 -74.871400 
0.284000 -4.185300 -1.664000 -0.537400 -4.141900 -7.344100 -3.616900 -5.734300 -3.993300 -7.165100 -20.425900 -92.899600 
0.286000 -2.644900 -3.237600 -0.683100 -2.786500 -4.489600 -4.929700 -2.409000 -2.910900 -9.806400 -16.275100 -71.171700 
0.288000 -4.588200 -1.898900 -3.606600 -5.524300 -3.434500 -7.469800 -1.947200 -3.408100 -17.210500 -18.922100 -56.813100 
0.290000 -3.996900 -1.787100 -2.114300 -6.345500 -5.831400 -9.234300 -2.386800 -6.696600 -7.146200 -13.731700 -66.471800 
0.292000 -4.703700 -2.200500 -3.476100 -1.838500 -8.134900 -4.431900 -4.218700 -5.621700 -7.965300 -26.750300 -54.009100 
0.294000 -2.917400 -1.161900 -1.008400 -5.014500 -4.300500 -6.701600 -3.385500 -2.882600 -15.716000 -12.783800 -83.919500 
0.296000 -3.077000 -2.706200 -1.663800 -3.536200 -3.982600 -4.935900 -3.342800 -6.292900 -12.417400 -15.859100 -23.832800 
0.298000 -5.870100 -1.742400 -2.000300 -2.946100 -5.559200 -10.021100 -0.828700 -3.787600 -4.897300 -12.760300 -59.158300 
0.300000 -1.737400 -2.132300 -0.431100 -6.868800 -3.767400 -9.442600 -4.298100 -2.741300 -9.680500 -12.649700 -68.404900 
0.302000 -2.612400 -2.846500 -0.571900 -4.437200 -2.430800 -8.750700 -3.441300 -2.720800 -11.841800 -7.035000 -43.339400 
0.304000 -2.713200 -1.218000 -1.074100 -5.650600 -3.684300 -7.103700 -5.860200 -7.899100 -14.360700 -14.096600 -54.148600 
0.306000 -3.480500 -3.435100 -0.926800 -2.364200 -5.487400 -7.049300 -1.732100 -3.207300 -11.605600 -5.787500 -33.449700 
0.308000 -4.894700 -3.845300 -1.109900 -3.650300 -5.464800 -8.920600 -0.815800 -3.924900 -13.674500 -23.361700 -58.444700 
0.310000 -2.219600 -2.790500 -0.427900 -2.188200 -5.108900 -8.105500 -3.614800 -5.447600 -6.707400 -43.783000 -53.992900 
0.312000 -3.999600 -2.708900 -0.546900 -5.876900 -1.553600 -6.617800 -4.636100 -3.982000 -5.856900 -10.774900 -52.216200 
0.314000 -3.301300 -5.196800 -0.774800 -3.163400 -2.956200 -8.093600 -5.803100 -3.912900 -5.010300 -8.482500 -41.932800 
0.316000 -4.475200 -3.790100 -2.602600 -4.260600 -4.830900 -7.149200 -2.788900 -3.517200 -15.984300 -14.228800 -26.766500 
0.318000 -2.802500 -1.853000 -0.586700 -3.259200 -9.029300 -8.051100 -4.266500 -2.251900 -10.317500 -20.977100 -52.530600 
0.320000 -4.141800 -3.834500 -0.493200 -6.900500 -5.041400 -8.061800 -3.610500 -3.631000 -7.277400 -9.826000 -60.062900 
0.322000 -6.151200 -2.550700 -1.435900 -5.407900 -6.374000 -9.786400 -4.636500 -2.298700 -5.279100 -8.886900 -52.772700 
0.324000 -2.752500 -1.935900 -3.109100 -7.150000 -3.680600 -8.454300 -2.347500 -2.950300 -4.920500 -20.868300 -45.544200 
0.326000 -8.638500 -2.878400 -0.755600 -8.788600 -4.034200 -5.179600 -2.658200 -0.714000 -10.456700 -13.374100 -51.971000 
0.328000 -1.938100 -3.205900 -1.436400 -3.545900 -4.663900 -6.525100 -7.809200 -2.810700 -6.946200 -8.344000 -29.788700 
0.330000 -3.059100 -2.023700 -0.874100 -3.596600 -5.685100 -5.044100 -4.530700 -3.435000 -17.470800 -9.228200 -27.555600 
0.332000 -5.220400 -1.663900 -2.176200 -4.863500 -5.005200 -6.456100 -2.182200 -3.118700 -3.507900 -8.877000 -49.645300 
0.334000 -2.172300 -1.321900 -2.791400 -4.101600 -4.642600 -8.307000 -1.484000 -4.640600 -11.151300 -16.608800 -61.943500 
0.336000 -3.643800 -2.117300 -1.873600 -7.146800 -1.512700 -5.484900 -6.101000 -2.152400 -9.839900 -11.804700 -28.989700 
0.338000 -4.481500 -1.699700 -1.422900 -3.753800 -6.692000 -15.345700 -3.674900 -2.086900 -11.885500 -11.005500 -47.362600 
0.340000 -6.303900 -2.468100 -0.332200 -4.876400 -11.196100 -8.288600 -2.858800 -3.012200 -12.140600 -15.122400 -73.183000 
0.342000 -4.455300 -2.569300 -3.030600 -3.061900 -4.718900 -10.464900 -2.589600 -1.500700 -9.464900 -11.029200 -59.796800 
0.344000 -3.828200 -1.738400 -0.664100 -2.903600 -4.977300 -5.622100 -0.802400 -6.254900 -9.670100 -10.471600 -76.091000 
0.346000 -5.622500 -3.619400 -1.463200 -2.165600 -4.854000 -6.727100 -3.975000 -4.655500 -16.928600 -5.556100 -55.479600 
0.348000 -4.154500 -2.069400 -0.955700 -4.802100 -5.955700 -5.284600 -6.095500 -2.866000 -17.519000 -12.478100 -55.257200 
0.350000 -7.195700 -4.173200 -0.968700 -5.818000 -4.888900 -11.936100 -3.416100 -6.033900 -9.258600 -19.875900 -79.438200 
0.352000 -4.149900 -3.916900 -0.882200 -4.531900 -7.764300 -10.001900 -4.494800 -4.713000 -5.526700 -14.442600 -43.233200 
0.354000 -4.407900 -4.044700 -1.345400 -6.074600 -3.992200 -4.852000 -4.031600 -4.121500 -8.660000 -18.386100 -51.745200 
0.356000 -2.628300 -3.072600 -2.886600 -8.290800 -4.521700 -9.116900 -4.034200 -2.617600 -10.255400 -19.567700 -42.666800 
0.358000 -2.288500 -1.382200 -1.480800 -4.825700 -5.089500 -11.827100 -3.802700 -1.991900 -7.066000 -16.726700 -52.247300 
0.360000 -1.370400 -0.620500 -1.966300 -4.317700 -3.458400 -9.407900 -2.791600 -1.306400 -10.942200 -32.452900 -54.482900 
0.362000 -4.332100 -2.745600 -3.098000 -7.658700 -5.268500 -8.412300 -3.737700 -2.791200 -9.860900 -19.765200 -68.985100 
0.364000 -1.804000 -3.761900 -0.685100 -5.113800 -6.154900 -12.341000 -1.592000 -2.351400 -7.659800 -12.021500 -34.412900 
0.366000 -3.058900 -2.962900 -0.627200 -2.754700 -4.834400 -5.938100 -2.227400 -2.474400 -3.800300 -15.025100 -60.715700 
0.368000 -1.981800 -3.146600 -0.967600 -6.162700 -6.517100 -7.579300 -4.162800 -2.254200 -7.073600 -10.658700 -49.962200 
0.370000 -2.189300 -1.510600 -1.121000 -7.142300 -4.806500 -10.507700 -4.854400 -3.011100 -17.173200 -12.004200 -31.747200 
0.372000 -1.514500 -4.233600 -0.867300 -4.866600 -8.456900 -8.053800 -4.121000 -4.272900 -13.813500 -18.105100 -35.834700 
0.374000 -2.902000 -2.426900 -1.930500 -5.436600 -4.886400 -6.950100 -4.476900 -5.413100 -6.057500 -19.140700 -33.828900 
0.376000 -3.941300 -1.264800 -2.238800 -2.123700 -6.117800 -5.651800 -2.925500 -4.711200 -9.375200 -16.306300 -37.880500 
0.378000 -2.163600 -2.471000 -1.378500 -3.687400 -3.910900 -9.952600 -2.606300 -6.983600 -2.535900 -14.062600 -41.773400 
0.380000 -2.554600 -1.639300 -0.290700 -7.178500 -8.208600 -10.217300 -2.218200 -2.797000 -5.369100 -10.401200 -51.003200 
0.382000 -4.768600 -2.235800 -1.442000 -4.591800 -4.440200 -9.264000 -5.677300 -3.195300 -16.013400 -9.787400 -46.259200 
0.384000 -2.311300 -3.755800 -0.374500 -12.278800 -6.347200 -7.244000 -2.311600 -7.501900 -15.864000 -13.864600 -50.609300 
0.386000 -1.703200 -2.708800 -0.699200 -2.501800 -4.413600 -6.619500 -3.905400 -3.944500 -11.893300 -7.954100 -59.036800 
0.388000 -5.535200 -0.974000 -0.660500 -6.141200 -2.581600 -7.409900 -3.968400 -4.021800 -5.041000 -21.964800 -54.951000 
0.390000 -1.856800 -3.138500 -2.490800 -7.357300 -4.895300 -7.780900 -1.920100 -3.480100 -9.118800 -11.781300 -38.625700 
0.392000 -2.597800 -1.805600 -2.288700 -3.958200 -3.525200 -5.155200 -3.215700 -2.105900 -10.242700 -18.098100 -49.637900 
0.394000 -4.090400 -2.454000 -1.343400 -3.080200 -5.259700 -9.283900 -6.266000 -1.367500 -22.575400 -14.355600 -29.860900 
0.396000 -1.986000 -1.286500 -1.245700 -2.440600 -5.504800 -6.896300 -2.174100 -2.547200 -8.905900 -13.363200 -53.275100 
0.398000 -3.004900 -0.760800 -1.066500 -5.845400 -2.742300 -8.402400 -3.372300 -3.725900 -9.957700 -21.341400 -92.799100 
0.400000 -0.930200 -1.513500 -0.734900 -5.428600 -4.762200 -5.643400 -8.390900 -7.965700 -11.504600 -15.863200 -54.211700 
0.402000 -3.119800 -1.666900 -0.423700 -5.766000 -4.182500 -12.145900 -4.594400 -2.927400 -14.439400 -14.192000 -46.354600 
0.404000 -1.852400 -1.869600 -0.805000 -2.519300 -8.800200 -11.120500 -3.421200 -3.303400 -9.799700 -16.417300 -88.381100 
0.406000 -2.047100 -4.160700 -3.754400 -6.995700 -3.401200 -6.933100 -6.934700 -6.157400 -9.287900 -17.139700 -38.698700 
0.408000 -0.478000 -3.751100 -0.936300 -6.947700 -1.681200 -4.887700 -2.403100 -3.318300 -13.641900 -8.116700 -45.388600 
0.410000 -2.680700 -1.095600 -1.190100 -8.211100 -1.812800 -6.237100 -4.097300 -7.170600 -9.093300 -7.925200 -78.499400 
0.412000 -1.317000 -1.505900 -1.393600 -11.086600 -5.455100 -8.904200 -0.546100 -4.644800 -4.683000 -3.675200 -121.933000 
0.414000 -1.517100 -1.482000 -0.609800 -4.332100 -5.303800 -8.817900 -2.254700 -5.981500 -7.757100 -10.617500 -85.567600 
0.416000 -1.210000 -3.368000 -1.324200 -5.388900 -8.548600 -12.302500 -3.070100 -4.859800 -10.114800 -10.533800 -57.086800 
0.418000 -4.320900 -1.029300 -2.128700 -6.731600 -4.126100 -8.694500 -2.731600 -4.427600 -4.643900 -11.421200 -67.792600 
0.420000 -0.296600 -0.990700 -0.458300 -9.914700 -1.903700 -5.543000 -5.813000 -5.270100 -7.227300 -9.737300 -67.357200 
0.422000 -2.138700 -2.413000 -2.788500 -3.736400 -3.702500 -6.131600 -5.705100 -2.392600 -7.869100 -21.996700 -51.159200 
0.424000 -2.779300 -0.149100 -4.642200 -6.209000 -4.191300 -6.914300 -5.674700 -5.187200 -14.363100 -10.538100 -46.947900 
0.426000 -4.071000 -1.233100 -1.470900 -5.345400 -3.019000 -4.216100 -2.353300 -2.911700 -4.850600 -17.201300 -37.233300 
0.428000 -3.405000 -3.082400 -1.510100 -5.952400 -6.564200 -6.034200 -2.395400 -4.289000 -8.287500 -14.720500 -57.712000 
0.430000 -3.489800 -1.667000 -1.736000 -4.055300 -4.394700 -6.708900 -3.278500 -2.859600 -14.050100 -7.711100 -114.519100 
0.432000 -3.623700 -1.146500 -0.818300 -2.436700 -2.449900 -9.731900 -2.771000 -1.827200 -3.786300 -11.192400 -119.526200 
0.434000 -3.746400 -1.811900 -0.369100 -5.036300 -4.634300 -7.041600 -2.621300 -1.772400 -2.177900 -6.578800 -56.890800 
0.436000 -1.080200 -3.806200 -1.233100 -6.353500 -2.791800 -5.554500 -2.602800 -4.088900 -15.352500 -16.139000 -46.467200 
0.438000 -1.489500 -1.605700 -0.813200 -5.986200 -3.079800 -8.004300 -2.399200 -3.225500 -14.325100 -11.401700 -56.007600 
0.440000 -3.912200 -2.252100 -0.453900 -5.331900 -7.441700 -6.460900 -2.526100 -3.028200 -11.194500 -22.046700 -89.794000 
0.442000 -1.733500 -1.431700 -0.733400 -3.332600 -1.487000 -7.400000 -2.701400 -4.587100 -7.337400 -7.547600 -91.386200 
0.444000 -1.649800 -4.083900 -0.869100 -7.990600 -2.269300 -8.938200 -2.914500 -6.192000 -7.952500 -15.099400 -94.178700 
0.446000 -2.627900 -1.128900 -1.938600 -6.444400 -9.831100 -8.903500 -10.849800 -5.158200 -8.972200 -16.612900 -66.128100 
0.448000 -2.728100 -1.167400 -0.788100 -3.959000 -2.118800 -5.969600 -3.945500 -3.861100 -5.804500 -24.034400 -85.858500 
0.450000 -2.531000 -0.809200 -0.373700 -2.998600 -4.636900 -11.401800 -3.506800 -4.981200 -5.172400 -12.382900 -92.921700 
0.452000 -3.527800 -2.419000 -1.388900 -5.809400 -4.328100 -4.360000 -4.758700 -1.661400 -6.905000 -12.402800 -54.200900 
0.454000 -2.056100 -2.213000 -0.519800 -4.712800 -1.549800 -6.287600 -2.958900 -3.569000 -7.926300 -15.357900 -63.636200 
0.456000 -2.451800 -1.259900 -3.390700 -8.230700 -3.136300 -4.283600 -3.508700 -4.396500 -6.847200 -34.519300 -77.109400 
0.458000 -1.530000 -5.428400 -1.143300 -6.136500 -2.351900 -6.095400 -1.260800 -3.680200 -6.896000 -20.453700 -107.188300 
0.460000 -4.069700 -0.967400 -2.678100 -5.899600 -3.442900 -6.481400 -6.037300 -3.141100 -13.269700 -28.322800 -66.721100 
0.462000 -2.601500 -2.220600 -1.270800 -4.652000 -5.709700 -6.350800 -1.760000 -3.195600 -6.483900 -21.643400 -75.111300 
0.464000 -3.034900 -1.360100 -1.113100 -4.903600 -4.148300 -5.766500 -8.211500 -4.489900 -9.989400 -19.057500 -67.130300 
0.466000 -4.338500 -2.339000 -0.684200 -4.568600 -3.779000 -6.619400 -2.226400 -6.402000 -14.153900 -22.417700 -45.943900 
0.468000 -1.589100 -1.379600 -0.955500 -4.203500 -2.573500 -9.018900 -3.044700 -3.504700 -8.516100 -20.768100 -76.749400 
0.470000 -5.080200 -2.777200 -0.745600 -5.381400 -3.404900 -5.861900 -5.357200 -3.716000 -6.771200 -25.947000 -45.861300 
0.472000 -1.691300 -2.596300 -0.726600 -6.249200 -1.412600 -7.343100 -2.373000 -4.871800 -9.120200 -26.425300 -90.793700 
0.474000 -2.311300 -1.550300 -1.862000 -5.667100 -2.082900 -4.243000 -2.643400 -4.654500 -14.563100 -30.761000 -86.377600 
0.476000 -1.770200 -1.795400 -0.748900 -2.403700 -4.705200 -6.024600 -6.919800 -5.119800 -8.785700 -18.510100 -63.325400 
0.478000 -3.514400 -1.147000 -0.546500 -4.891400 -2.369600 -7.794400 -6.398100 -4.949400 -9.153000 -22.853000 -115.046300 
0.480000 -3.033000 -1.705200 -1.441000 -2.978000 -4.195500 -6.630400 -1.254400 -4.511900 -8.274900 -20.408200 -65.636900 
0.482000 -3.636300 -1.527000 -0.332700 -6.460700 -2.309200 -8.086000 -4.434600 -7.355800 -9.088900 -14.848500 -68.805200 
0.484000 -1.752800 -3.266200 -0.948700 -6.576700 -4.147200 -3.582900 -2.852800 -4.147200 -7.132700 -22.563800 -121.349000 
0.486000 -3.393900 -0.828000 -1.742500 -5.452200 -2.895900 -5.548700 -4.108900 -2.034100 -8.191200 -23.319100 -93.105300 
0.488000 -4.600800 -3.743800 -0.365000 -4.007800 -3.778000 -10.018800 -3.847000 -3.627300 -10.601700 -36.153400 -89.895600 
0.490000 -4.975400 -4.336600 -1.070300 -3.738400 -1.546100 -9.907100 -5.888100 -3.741100 -10.272700 -20.548900 -59.058100 
0.492000 -3.402800 -1.418900 -0.808200 -4.387700 -4.341200 -10.766000 -4.434800 -4.637400 -7.253500 -30.841600 -53.566300 
0.494000 -2.979900 -3.293400 -0.282800 -7.209100 -3.011600 -10.236600 -5.025000 -6.279400 -15.073300 -29.232800 -86.864200 
0.496000 -3.335300 -4.013600 -0.247500 -2.307400 -3.649500 -12.952000 -4.184000 -4.405000 -11.510000 -28.262500 -64.803500 
0.498000 -3.777500 -3.493800 -0.933400 -4.949700 -4.412300 -8.451400 -5.533800 -4.263800 -14.209300 -25.001600 -68.179200 
0.500000 -5.482200 -2.146600 -2.866600 -3.609700 -3.564100 -3.902100 -2.967200 -2.017900 -14.811800 -27.083000 -75.744700 
0.502000 -4.047800 -1.610300 -2.093000 -6.150400 -5.018000 -3.118400 -6.314300 -3.866500 -23.251100 -29.908500 -75.358400 
0.504000 -2.357000 -1.417500 -2.807700 -2.234400 -4.087900 -8.865000 -2.224600 -9.167700 -11.882000 -33.420100 -62.870500 
0.506000 -2.808700 -2.414400 -1.483800 -2.618700 -5.369800 -8.748600 -4.133100 -4.440400 -6.902800 -36.666300 -73.247500 
0.508000 -4.005200 -2.216000 -1.546200 -6.162500 -4.465800 -3.663300 -7.145000 -5.438700 -9.939300 -19.424100 -61.193500 
0.510000 -2.980200 -2.667800 -0.818000 -6.001100 -5.376600 -7.439000 -4.021300 -4.695800 -20.956300 -29.509300 -54.058600 
0.512000 -3.897400 -1.300300 -0.524200 -3.849600 -2.336500 -4.873900 -3.330000 -5.918000 -8.643100 -20.026600 -74.884800 
0.514000 -3.737300 -2.356900 -1.292400 -7.598000 -4.918400 -4.072300 -4.528600 -2.981000 -17.551600 -19.221900 -53.137300 
0.516000 -3.991100 -1.782300 -3.989000 -4.953100 -3.185600 -7.780100 -4.180500 -3.658000 -2.736700 -23.410600 -61.828300 
0.518000 -2.837200 -2.264900 -0.479400 -4.502600 -2.867700 -4.315900 -3.384000 -6.515800 -17.216000 -18.457400 -73.897000 
0.520000 -3.125000 -1.499600 -2.808200 -6.131000 -3.495700 -11.158900 -5.159600 -5.884100 -14.665900 -21.658100 -100.396600 
0.522000 -3.528300 -7.421600 -0.970300 -3.279200 -3.233800 -6.980100 -7.570800 -5.760800 -21.358700 -18.037700 -118.199100 
0.524000 -2.305600 -3.311000 -0.809100 -9.024500 -5.272900 -9.800300 -5.991300 -7.703700 -8.350800 -22.106100 -89.848900 
0.526000 -1.191200 -2.095100 -1.160700 -6.791500 -6.358400 -9.386200 -8.072700 -2.805900 -7.679900 -16.338800 -65.074500 
0.528000 -2.391200 -4.868400 -1.356700 -6.773800 -10.662900 -9.995100 -2.510300 -3.340600 -11.117000 -16.723900 -61.712800 
0.530000 -3.510500 -2.728000 -0.886900 -7.551500 -5.265400 -11.443500 -6.487600 -1.316200 -15.359600 -26.942200 -78.863300 
0.532000 -3.818600 -3.823000 -0.590200 -9.848700 -3.662100 -4.198900 -2.823900 -4.034500 -12.422000 -28.682500 -65.085100 
0.534000 -2.344900 -1.710800 -3.541800 -3.449700 -3.299800 -8.917800 -4.887600 -4.497700 -17.258300 -21.953300 -49.842400 
0.536000 -1.735800 -0.947700 -2.348600 -7.090800 -4.364900 -9.578800 -4.701100 -5.176400 -6.913800 -34.680400 -85.004700 
0.538000 -5.521700 -4.226300 -1.523500 -2.147900 -2.485800 -7.405200 -2.721100 -5.747700 -14.982300 -29.517300 -54.982300 
0.540000 -2.846800 -3.122500 -2.496700 -7.198800 -2.599300 -11.230800 -2.843700 -4.216500 -8.905300 -34.335400 -84.274200 
0.542000 -6.729800 -3.179700 -1.147800 -7.827800 -3.862900 -7.973900 -4.604500 -4.704200 -11.085200 -32.439300 -53.497500 
0.544000 -5.816000 -3.868900 -0.991500 -4.406100 -2.066600 -8.585300 -1.955100 -1.580900 -8.337300 -47.090400 -42.341700 
0.546000 -3.540500 -1.445900 -2.825500 -7.396200 -4.789000 -7.720100 -3.911900 -3.921300 -10.176000 -31.596900 -63.038500 
0.548000 -4.277300 -3.118700 -1.472300 -1.578700 -6.851200 -4.088900 -4.294700 -7.967700 -7.976900 -32.429900 -57.474100 
0.550000 -5.404400 -4.294100 -0.299700 -3.076500 -6.267400 -6.144100 -6.305100 -1.681300 -14.101700 -32.552400 -71.467700 
0.552000 -5.937000 -3.734200 -0.494500 -9.692400 -2.498400 -7.970600 -4.049400 -1.584600 -11.249400 -29.529600 -49.359300 
0.554000 -2.711600 -4.098700 -0.927700 -3.604600 -3.806200 -4.355400 -5.993900 -4.089900 -8.332500 -19.237800 -96.477000 
0.556000 -3.121600 -3.597400 -2.086600 -5.310100 -4.081800 -5.165600 -7.631700 -1.154900 -11.306300 -24.675500 -81.504100 
0.558000 -2.506800 -2.767100 -2.413400 -2.259700 -4.793900 -5.742800 -3.036200 -5.139500 -5.474200 -35.531900 -68.584900 
0.560000 -6.022200 -3.908500 -1.443400 -3.156100 -4.940200 -5.600100 -4.555900 -1.742800 -11.680000 -15.888000 -97.393500 
0.562000 -3.089200 -2.342100 -1.098100 -5.040600 -2.767800 -6.640500 -1.972900 -4.355500 -4.701200 -23.042700 -94.785400 
0.564000 -3.241000 -1.876300 -1.030500 -3.173300 -2.784800 -4.075200 -3.795200 -1.251300 -10.742400 -29.693400 -96.900300 
0.566000 -5.069900 -2.588100 -0.605100 -3.731700 -4.798400 -4.097900 -7.080100 -2.442400 -8.245800 -21.875800 -81.054900 
0.568000 -4.308700 -3.681200 -0.471400 -4.012800 -6.819900 -9.589300 -6.665800 -4.944200 -9.993000 -26.810000 -57.129100 
0.570000 -3.642600 -2.020500 -0.368700 -5.459000 -2.503400 -6.094100 -2.041400 -3.625200 -11.912100 -24.557700 -86.099500 
0.572000 -7.530900 -3.682800 -0.993300 -3.675500 -6.489700 -6.996500 -2.897900 -5.260100 -11.916000 -26.064600 -76.275900 
0.574000 -7.183700 -2.753000 -0.579700 -3.905300 -7.271300 -9.122000 -4.141000 -3.337600 -12.556200 -28.822900 -46.209200 
0.576000 -5.533700 -2.793800 -0.801900 -6.997900 -4.979700 -9.007000 -3.148200 -5.925400 -7.843500 -23.452100 -75.588600 
0.578000 -5.583900 -1.217000 -1.075800 -3.831200 -4.398900 -5.549300 -4.491500 -1.932200 -15.889600 -22.957400 -58.866500 
0.580000 -4.352800 -3.473100 -1.032400 -2.056300 -7.214600 -5.168900 -3.315500 -2.010600 -4.236000 -22.033000 -27.924200 
0.582000 -2.323200 -2.455300 -0.308500 -3.196600 -4.958300 -8.092800 -1.304300 -3.142300 -20.617600 -14.736400 -52.322800 
0.584000 -2.422500 -1.825700 -1.082100 -5.869000 -2.050700 -5.304300 -2.453300 -3.628900 -9.343400 -27.815900 -40.676500 
0.586000 -2.312600 -3.873900 -0.976300 -3.021500 -4.387000 -8.112200 -2.095000 -3.067100 -14.828100 -22.484800 -46.843900 
0.588000 -7.100900 -4.535300 -1.041300 -5.623100 -2.268500 -8.240200 -3.848600 -4.476400 -10.098300 -19.525300 -74.381300 
0.590000 -2.394700 -2.220600 -0.179800 -4.501200 -2.078600 -10.174500 -1.288900 -6.168600 -7.696300 -15.448500 -69.891700 
0.592000 -2.643000 -5.411700 -1.160400 -4.774200 -5.443400 -10.217200 -3.815900 -5.579400 -3.313600 -21.732500 -33.973100 
0.594000 -5.797000 -3.782600 -1.228500 -5.146300 -4.108800 -8.062200 -4.788500 -2.480700 -10.168800 -28.081900 -69.876900 
0.596000 -2.661100 -2.675000 -0.627000 -4.547800 -7.264000 -7.571800 -1.947400 -3.672800 -9.262700 -20.733700 -59.974900 
0.598000 -4.629700 -4.868900 -1.188400 -2.347100 -5.672700 -7.869900 -3.573100 -3.080000 -9.379600 -21.711500 -35.470500 
0.600000 -4.271100 -1.570400 -1.114200 -2.453700 -4.596600 -13.533100 -3.097500 -2.728500 -6.391800 -20.879300 -42.995100 
0.602000 -3.653300 -2.970200 -1.017300 -4.885600 -6.613600 -11.319700 -3.728700 -2.682300 -7.286300 -16.054000 -60.353700 
0.604000 -4.428500 -3.468000 -1.778700 -6.814500 -1.707700 -10.072400 -3.000800 -3.645900 -10.880200 -26.337300 -64.303600 
0.606000 -3.657900 -5.097200 -1.121500 -5.649000 -4.028400 -5.708500 -6.113000 -3.644500 -3.757500 -23.311100 -91.374400 
0.608000 -5.175100 -1.970800 -1.500900 -4.925200 -6.312500 -8.970000 -5.059600 -3.961200 -8.904600 -20.162100 -46.003900 
0.610000 -5.008900 -1.395400 -1.302000 -5.943800 -4.591600 -5.510000 -2.758700 -3.724600 -17.499700 -25.562700 -82.068300 
0.612000 -2.410400 -4.356500 -1.200400 -7.640800 -2.935000 -9.299800 -4.232200 -4.410400 -11.508900 -21.395000 -62.884600 
0.614000 -6.045600 -2.743200 -1.055100 -3.940500 -2.949400 -5.917500 -3.915700 -3.006300 -13.372900 -25.124900 -89.713200 
0.616000 -4.116400 -5.491800 -1.017500 -5.338800 -3.124600 -7.549700 -6.818200 -4.244800 -4.746400 -25.348400 -81.404500 
0.618000 -4.032600 -4.057300 -1.850000 -4.088000 -4.096700 -9.620600 -2.668200 -2.269000 -22.859400 -29.737800 -114.889800 
0.620000 -4.685700 -1.399300 -2.355300 -5.073800 -4.551100 -9.243400 -3.412800 -1.569100 -9.288500 -23.569900 -100.343800 
0.622000 -4.091300 -2.856800 -0.571600 -5.377700 -2.731300 -9.173100 -7.428300 -1.886200 -2.313500 -33.456600 -61.196400 
0.624000 -2.023800 -4.676900 -1.483500 -4.972300 -3.840500 -7.324200 -2.677800 -3.026600 -6.303000 -29.869100 -63.399400 
0.626000 -4.385700 -1.287400 -2.438000 -5.481800 -2.764300 -11.722400 -2.162800 -1.166100 -14.798800 -25.712500 -58.266700 
0.628000 -7.716500 -1.078600 -1.722300 -4.483000 -3.923400 -8.286300 -4.605400 -4.669100 -17.691400 -25.981700 -74.007300 
0.630000 -4.728200 -1.320000 -1.109200 -3.407000 -2.971900 -5.331100 -1.300300 -4.733600 -6.246600 -25.428200 -59.891400 
0.632000 -3.855800 -2.825100 -0.447500 -11.708600 -2.710200 -9.867600 -2.545000 -2.663400 -10.742100 -21.971000 -66.438000 
0.634000 -1.963400 -1.899000 -0.901000 -2.325900 -3.020900 -8.973000 -4.076200 -5.312200 -5.745100 -23.147800 -73.985100 
0.636000 -1.407300 -2.707300 -2.035600 -4.118100 -4.331700 -7.921000 -3.047000 -3.658400 -12.168600 -19.169800 -67.229800 
0.638000 -4.222200 -3.827000 -2.537000 -0.949600 -4.644800 -6.849100 -2.531400 -1.445200 -7.757800 -18.101200 -76.946200 
0.640000 -4.950500 -2.328200 -0.819000 -4.929900 -3.594500 -7.236300 -1.660000 -3.685000 -10.625500 -37.562300 -31.511100 
0.642000 -2.788600 -3.602200 -1.866300 -1.881500 -2.689400 -8.410700 -2.860100 -1.104300 -9.641300 -26.008400 -66.518300 
0.644000 -3.661100 -3.771900 -0.304000 -5.146400 -3.305800 -6.257500 -4.276600 -5.746000 -4.755900 -18.517100 -62.128900 
0.646000 -6.423700 -2.145600 -1.016000 -5.142500 -1.870800 -6.091300 -4.039800 -3.073100 -12.096100 -28.738800 -50.801500 
0.648000 -3.798800 -3.314100 -2.240400 -6.308500 -4.354300 -7.906200 -1.991100 -3.763900 -10.748400 -18.086700 -65.365400 
0.650000 -4.284700 -1.860100 -0.895300 -3.367200 -3.968000 -5.859600 -3.648700 -3.116400 -17.155100 -25.441200 -53.813300 
0.652000 -2.107900 -5.287300 -0.974500 -7.239500 -1.949200 -12.765300 -1.280800 -4.878900 -8.456800 -20.874200 -90.772800 
0.654000 -4.047400 -1.933900 -2.237300 -6.832100 -1.253800 -8.143000 -2.360700 -2.602700 -4.705200 -25.311700 -64.811000 
0.656000 -3.293600 -4.008200 -0.762700 -7.162300 -3.083900 -7.565900 -5.256800 -3.605000 -5.123800 -38.908700 -114.746900 
0.658000 -4.374300 -2.586100 -5.406300 -5.308100 -2.196700 -7.447800 -3.821900 -3.394400 -6.728100 -33.814500 -108.974400 
0.660000 -2.562400 -2.544200 -3.209400 -3.564100 -4.087800 -7.975200 -3.556200 -2.915900 -7.183100 -23.815900 -109.270700 
0.662000 -5.549600 -2.893900 -1.145700 -5.036000 -2.217500 -12.380300 -2.953900 -2.442600 -7.989200 -33.692900 -69.946500 
0.664000 -5.831500 -2.184200 -1.142000 -6.775100 -5.204300 -12.279300 -2.697200 -0.826300 -8.572500 -31.391200 -78.604000 
0.666000 -1.453100 -3.254600 -0.749700 -6.878900 -2.260800 -10.739800 -5.217100 -4.001600 -7.455800 -30.443900 -81.842800 
0.668000 -4.921100 -2.077400 -2.458300 -4.487200 -3.119100 -11.412600 -4.451400 -2.258600 -10.668000 -29.846800 -105.775500 
0.670000 -3.277700 -2.204600 -2.497900 -7.157700 -4.548400 -6.220200 -3.485500 -4.062000 -9.969200 -26.435500 -80.785000 
0.672000 -3.262300 -3.758300 -0.778400 -2.784700 -6.459500 -7.520500 -3.083300 -2.207500 -12.760000 -28.798000 -80.302200 
0.674000 -3.259800 -2.126200 -2.551700 -3.242800 -2.247200 -7.684600 -9.189900 -3.614300 -13.473300 -27.382300 -101.554600 
0.676000 -2.107800 -4.473900 -1.239200 -4.524900 -3.254400 -12.457700 -2.534900 -4.707500 -10.526600 -25.176200 -97.242200 
0.678000 -0.374400 -1.971600 -0.942000 -6.091700 -2.683600 -6.642300 -5.242200 -4.336100 -4.031000 -23.442500 -66.223700 
0.680000 -2.673600 -3.195900 -1.178400 -7.634900 -3.032800 -8.636300 -7.664600 -5.191200 -6.836200 -21.786900 -78.840200 
0.682000 -3.063900 -5.148300 -6.789200 -8.255700 -3.509900 -7.067600 -5.666100 -2.456900 -4.223500 -24.447700 -98.384100 
0.684000 -1.418300 -5.039400 -2.613000 -6.551900 -3.388100 -8.066700 -3.089600 -5.060400 -12.465400 -31.482700 -79.578300 
0.686000 -1.049600 -2.864100 -0.949300 -7.191100 -4.295900 -10.832500 -3.350900 -4.523400 -8.129400 -36.981300 -104.753500 
0.688000 -2.617600 -1.145600 -1.685900 -6.198500 -6.039900 -8.442900 -1.386600 -2.642100 -13.425800 -18.873000 -62.252800 
0.690000 -1.681200 -1.723900 -5.162200 -5.983700 -2.777400 -8.371100 -8.491100 -4.058100 -10.173700 -23.464400 -76.786200 
0.692000 -3.281500 -8.202100 -2.093500 -6.285100 -5.981000 -9.067900 -3.545800 -4.021700 -12.284100 -24.072900 -76.451100 
0.694000 -1.224700 -3.332700 -1.421400 -6.858700 -4.619300 -13.080800 -3.387200 -2.966200 -10.591300 -25.639500 -88.067100 
0.696000 -3.021800 -2.980300 -0.692300 -6.327500 -3.096000 -5.235400 -5.931900 -3.966700 -9.859900 -27.981700 -64.705900 
0.698000 -3.001900 -1.741100 -3.675600 -9.804100 -4.512000 -6.637900 -8.332400 -1.474800 -14.512900 -37.246000 -76.889700 
0.700000 -3.042900 -1.190500 -1.550100 -6.453700 -6.270000 -7.680600 -5.095500 -1.834800 -7.267900 -33.229400 -97.229300 
0.702000 -1.118800 -2.151800 -2.933100 -4.120000 -5.929900 -7.011900 -4.056500 -4.093100 -12.514600 -20.040000 -105.194000 
0.704000 -2.315700 -4.523600 -2.262900 -8.579500 -4.820900 -8.043600 -1.545400 -3.540200 -13.487400 -50.462800 -79.344000 
0.706000 -5.833300 -3.062400 -1.077400 -7.653000 -4.682600 -10.998000 -2.695300 -0.776700 -9.286800 -34.642200 -66.413300 
0.708000 -2.172300 -4.478100 -2.161100 -10.658500 -6.772600 -3.354200 -3.815400 -3.314000 -10.102400 -31.201000 -83.155400 
0.710000 -2.423700 -3.680700 -0.731100 -8.637400 -6.692300 -9.353600 -6.273700 -6.482100 -4.471100 -26.166000 -75.281500 
0.712000 -2.582500 -1.630600 -2.642000 -6.665900 -6.551700 -8.204600 -4.479300 -1.470800 -6.629000 -35.573600 -47.867400 
0.714000 -2.764200 -3.477000 -3.977600 -4.785600 -7.438800 -7.947400 -4.047300 -3.803500 -6.557200 -27.683700 -101.066200 
0.716000 -2.410000 -1.921300 -1.301900 -6.754900 -3.644200 -7.056000 -3.148800 -3.361000 -7.940000 -25.455400 -77.201900 
0.718000 -4.451000 -1.644500 -2.472600 -6.480400 -10.206800 -11.636300 -3.740600 -0.860600 -11.882700 -24.423100 -74.113500 
0.720000 -4.023200 -5.170200 -1.942900 -6.010700 -5.520200 -7.822000 -4.869600 -4.178300 -9.445000 -29.753900 -90.932400 
0.722000 -4.088400 -5.018900 -1.595300 -5.693200 -4.470700 -10.782100 -5.218000 -4.811200 -3.458100 -23.633600 -68.107900 
0.724000 -3.789000 -2.589500 -3.876200 -5.095000 -3.733200 -13.199600 -2.201800 -2.240000 -5.289200 -34.236600 -48.837100 
0.726000 -3.947700 -2.272000 -3.680900 -4.941600 -7.610300 -6.637700 -5.698900 -1.642400 -3.540700 -20.459700 -89.805300 
0.728000 -1.712700 -2.661100 -2.461700 -5.510100 -7.540300 -9.829300 -6.809300 -2.377000 -14.378900 -26.708000 -67.114600 
0.730000 -0.951900 -2.265400 -0.832000 -5.495800 -5.840600 -11.851900 -4.645400 -2.228300 -7.396500 -25.025600 -83.943800 
0.732000 -1.983500 -3.260600 -2.510600 -3.646500 -6.445000 -8.457300 -1.556800 -3.292800 -13.877900 -40.893200 -93.872300 
0.734000 -2.713900 -2.421700 -2.197800 -3.633900 -5.076600 -8.077100 -2.586800 -1.680800 -16.841000 -25.714900 -62.636200 
0.736000 -2.569100 -2.220800 -1.936900 -7.297100 -5.388200 -6.468300 -2.988400 -1.205400 -13.385600 -29.969700 -46.809000 
0.738000 -1.840100 -2.122800 -4.448500 -2.947700 -2.083600 -5.640100 -2.294200 -5.654900 -10.421800 -32.283600 -42.627600 
0.740000 -2.352700 -4.607500 -2.130100 -6.045800 -4.853200 -10.303800 -4.700700 -3.395300 -5.155400 -45.971800 -82.905300 
0.742000 -4.424100 -1.775600 -3.836300 -6.195500 -3.078600 -7.635400 -1.838400 -1.976400 -5.834700 -33.841800 -88.504600 
0.744000 -1.504700 -3.039700 -3.714500 -7.756700 -5.345500 -11.591300 -2.518600 -1.032100 -9.890000 -42.427600 -84.171400 
0.746000 -2.203600 -2.797300 -1.997700 -6.649300 -2.272700 -10.745300 -3.260000 -3.330600 -7.577600 -37.914400 -51.331100 
0.748000 -0.863700 -4.991100 -3.135200 -3.885600 -4.243400 -10.433800 -4.939300 -3.389700 -7.331100 -19.967900 -62.429200 
0.750000 -1.257700 -3.985800 -3.129200 -3.578800 -3.939300 -8.005400 -5.160000 -2.336800 -6.065400 -27.802800 -89.339000 
0.752000 -0.886900 -3.182100 -0.811400 -3.845500 -2.565600 -7.967100 -6.636500 -2.260200 -3.749100 -29.557000 -82.337200 
0.754000 -1.467900 -3.921300 -0.647000 -2.500500 -3.741900 -9.211200 -6.390400 -3.739300 -13.321300 -31.611100 -66.835100 
0.756000 -4.454800 -7.044700 -2.164200 -3.736400 -7.082600 -4.521400 -4.517000 -0.845000 -11.887300 -27.546900 -79.837400 
0.758000 -1.556100 -4.365400 -1.596800 -7.877300 -1.727900 -7.038300 -5.535500 -1.653900 -10.115000 -24.570500 -55.403100 
0.760000 -3.673800 -4.103400 -1.900100 -8.107300 -1.599700 -4.375500 -3.131900 -1.649200 -15.122900 -25.513400 -81.908100 
0.762000 -7.365400 -2.972600 -3.103700 -5.246900 -4.473100 -3.811200 -4.013300 -1.663200 -9.017400 -26.319700 -76.454400 
0.764000 -1.148600 -3.116600 -1.283400 -6.670000 -0.925300 -4.664100 -2.987300 -4.053300 -12.873500 -16.923300 -58.254600 
0.766000 -0.646000 -6.688000 -0.653300 -6.774300 -2.183800 -5.569100 -3.685100 -2.098900 -7.317000 -19.584200 -115.742000 
0.768000 -2.053800 -2.304500 -3.013000 -4.876200 -2.506300 -8.474400 -1.930400 -5.721700 -15.412300 -15.496600 -81.497600 
0.770000 -1.288500 -2.946900 -1.195700 -5.253600 -5.262900 -5.341600 -0.623000 -2.708000 -18.306000 -20.456700 -141.443900 
0.772000 -1.283900 -1.280000 -1.640600 -2.874100 -6.110400 -11.044100 -1.761300 -2.876900 -15.704700 -16.852200 -107.006700 
0.774000 -1.619700 -1.636800 -1.363700 -8.376900 -1.702200 -4.940400 -3.756200 -5.076400 -5.451900 -22.772600 -86.182700 
0.776000 -3.645100 -2.096900 -0.245200 -7.307800 -5.720300 -5.942800 -3.075000 -2.799900 -5.479300 -19.313600 -72.497000 
0.778000 -2.691800 -3.844700 -2.519300 -3.858000 -3.547500 -6.135400 -5.448200 -1.642800 -7.690400 -18.377800 -73.246200 
0.780000 -2.946400 -2.890100 -2.387100 -7.901000 -1.590000 -6.923400 -5.471800 -3.603800 -18.005500 -17.073500 -51.566900 
0.782000 -2.977900 -4.973100 -1.020900 -7.251600 -5.860900 -8.848200 -3.375500 -7.472300 -8.751800 -13.952800 -58.665200 
0.784000 -0.874300 -3.156900 -0.953100 -5.337300 -4.237500 -3.375700 -3.014000 -3.476500 -5.505500 -28.705200 -44.297900 
0.786000 -4.242700 -2.290400 -0.376900 -3.612800 -7.370100 -4.364300 -4.011600 -3.115200 -20.897300 -21.178600 -56.970700 
0.788000 -2.363400 -2.308500 -0.632500 -3.926300 -3.210200 -6.142400 -4.827600 -2.294400 -13.455700 -17.456400 -73.759500 
0.790000 -1.413100 -3.025300 -0.398500 -3.544300 -12.109400 -2.535900 -4.890200 -2.392500 -17.560800 -30.113300 -59.082800 
0.792000 -1.356800 -3.585700 -0.351300 -4.267300 -1.755300 -8.600600 -2.218700 -6.985700 -9.724700 -24.287300 -105.786000 
0.794000 -1.075300 -3.925300 -0.637900 -3.043000 -2.404500 -3.181000 -2.505700 -3.265700 -15.965300 -30.448100 -70.716500 
0.796000 -0.960600 -1.016600 -2.915800 -4.208000 -2.246200 -7.793600 -1.857100 -6.064100 -12.366800 -38.301500 -81.517500 
0.798000 -1.211100 -2.312200 -0.830500 -3.606500 -4.822900 -8.954000 -4.058500 -4.829300 -18.238300 -24.841200 -80.894500 
0.800000 -1.100500 -1.718100 -0.732000 -3.397500 -4.824400 -9.742300 -7.516200 -4.037200 -11.943700 -43.429800 -101.320800 
0.802000 -1.547000 -3.428000 -0.918900 -5.741800 -4.513200 -7.437400 -3.247600 -8.882200 -11.536200 -23.561800 -82.350000 
0.804000 -1.686600 -4.039500 -0.256200 -10.632000 -4.614300 -6.901100 -2.672600 -4.737400 -16.935900 -28.138100 -79.519800 
0.806000 -1.216600 -3.943100 -0.329000 -4.820800 -3.987900 -10.591100 -3.021200 -1.823700 -12.604300 -25.748700 -63.780200 
0.808000 -1.157700 -2.426500 -0.640200 -5.975600 -1.472600 -8.288100 -6.739700 -1.577700 -10.424200 -34.627600 -60.608000 
0.810000 -3.080800 -3.090600 -1.287600 -4.442500 -3.124200 -5.896000 -5.799900 -2.673700 -21.092500 -37.913600 -79.641200 
0.812000 -1.544700 -3.149800 -0.877600 -3.869900 -3.134800 -8.575700 -4.925700 -0.856000 -14.492800 -17.908500 -60.525000 
0.814000 -1.468700 -3.762700 -2.574900 -8.839100 -7.262900 -10.586800 -4.375800 -0.336500 -5.396300 -35.108200 -92.471900 
0.816000 -1.250200 -2.331400 -3.624100 -6.888000 -1.293800 -7.071300 -9.510500 -1.068600 -6.543500 -30.901900 -101.613400 
0.818000 -2.354600 -2.441400 -0.971400 -4.009200 -2.607100 -8.434600 -5.062000 -2.786000 -10.567400 -23.659400 -70.329600 
0.820000 -3.035500 -1.875900 -2.752700 -6.561500 -3.639000 -3.159800 -7.370500 -3.463400 -5.947900 -23.793300 -76.606500 
0.822000 -2.097000 -2.595000 -3.297800 -4.698500 -3.727200 -10.546100 -7.898500 -0.793700 -6.068400 -36.058100 -107.754300 
0.824000 -3.288600 -2.265600 -2.549200 -8.302400 -5.634100 -6.905500 -4.937600 -0.902700 -22.694700 -41.687300 -112.803700 
0.826000 -1.480600 -2.983900 -1.830200 -4.443800 -4.509600 -4.965500 -3.493500 -2.260600 -11.295300 -41.815200 -89.023700 
0.828000 -1.555300 -1.829400 -1.176100 -4.939100 -4.896600 -3.903700 -2.780500 -4.359300 -14.348700 -32.434300 -104.533600 
0.830000 -4.405700 -1.509600 -1.682600 -8.143900 -6.129900 -6.896100 -3.319900 -1.044900 -5.898900 -27.809800 -107.719000 
0.832000 -2.550000 -1.020800 -2.629700 -6.076300 -5.143100 -7.356700 -3.600900 -2.921100 -10.586300 -17.108900 -86.369600 
0.834000 -2.133900 -3.158800 -2.262100 -4.426700 -6.328300 -6.456200 -3.937600 -5.185300 -13.318100 -26.364300 -83.712300 
0.836000 -3.495900 -2.985100 -2.707700 -3.329400 -5.841500 -8.800200 -2.592700 -5.341400 -5.942300 -30.357500 -99.912900 
0.838000 -2.728000 -3.352800 -3.883300 -3.097800 -3.093800 -7.405400 -5.011400 -1.096400 -12.679800 -21.608900 -73.898200 
0.840000 -1.206800 -3.979200 -3.565000 -3.499900 -5.689400 -10.536600 -6.244500 -2.280800 -4.712900 -28.995300 -33.461800 
0.842000 -1.704500 -3.188500 -1.797700 -5.676500 -3.956700 -5.754800 -3.916400 -1.993400 -3.834800 -45.474200 -141.061500 
0.844000 -1.333100 -3.739200 -0.683100 -1.805600 -4.709200 -3.402000 -4.006800 -2.624300 -5.103200 -21.027200 -61.705300 
0.846000 -2.668800 -4.171400 -2.912200 -2.380400 -4.852100 -10.628300 -4.621200 -1.312600 -7.734500 -24.433600 -67.918400 
0.848000 -1.061600 -2.584300 -0.642000 -5.205700 -11.286700 -8.166500 -3.225400 -5.598900 -20.813800 -34.101900 -95.215400 
0.850000 -4.319600 -5.040400 -1.640700 -4.615000 -6.639900 -10.524200 -4.574000 -1.361500 -17.640700 -19.806600 -64.976800 
0.852000 -2.283000 -4.031700 -1.160300 -3.360300 -4.419000 -4.124400 -5.144600 -1.939000 -20.434500 -17.868000 -61.700500 
0.854000 -3.364100 -2.720200 -0.817000 -4.014400 -6.547300 -10.504100 -6.204800 -2.796600 -7.393400 -32.036700 -111.810400 
0.856000 -2.445500 -5.831500 -0.181100 -2.893000 -9.219000 -2.564400 -1.267100 -1.131100 -12.622200 -25.269000 -52.474700 
0.858000 -2.105000 -2.287300 -3.524700 -2.811300 -5.498100 -8.733200 -3.051200 -1.992000 -11.779900 -17.502100 -60.484600 
0.860000 -2.936600 -2.249800 -1.556900 -3.105200 -4.994100 -6.089700 -4.354000 -2.112200 -9.545700 -26.206400 -55.554000 
0.862000 -1.132100 -4.357900 -0.571700 -7.121400 -4.155800 -5.310100 -4.177600 -1.704200 -15.800000 -23.881400 -61.971100 
0.864000 -2.286900 -1.655700 -0.810400 -4.000700 -7.018000 -8.336000 -3.787200 -4.162500 -11.550900 -23.522900 -58.427400 
0.866000 -1.423500 -3.069400 -0.555100 -0.906800 -5.319900 -6.666800 -4.474600 -0.431700 -19.469000 -35.837800 -91.464400 
0.868000 -2.481100 -3.598800 -1.682000 -3.545400 -6.215400 -6.472200 -2.995000 -1.893600 -13.539200 -23.081700 -47.273400 
0.870000 -1.742100 -2.071100 -2.159900 -2.744800 -6.891100 -9.799600 -1.780100 -2.340600 -8.669000 -21.236000 -45.530000 
0.872000 -0.688600 -5.782100 -5.069700 -2.484300 -1.713100 -7.712700 -3.502300 -4.874200 -10.023100 -33.969100 -45.035300 
0.874000 -1.659200 -0.873700 -1.651200 -2.126600 -2.065200 -4.947100 -5.923400 -1.725100 -8.149300 -27.927700 -51.379800 
0.876000 -1.542800 -4.064500 -0.596000 -2.357900 -3.514600 -6.830200 -5.365300 -2.377100 -5.462100 -26.901500 -70.323300 
0.878000 -0.852500 -2.208600 -0.760400 -3.451700 -1.545600 -5.919000 -4.616700 -1.614100 -10.223300 -32.765200 -54.511700 
0.880000 -1.616100 -5.031900 -0.930200 -1.711400 -7.715800 -8.598200 -7.150600 -1.519700 -9.335800 -26.002700 -52.031400 
0.882000 -0.759200 -3.433200 -1.031200 -2.193000 -3.256900 -5.198300 -5.330200 -2.234200 -8.210600 -23.666400 -71.508100 
0.884000 -2.693200 -4.043400 -1.603300 -5.312100 -4.806800 -7.341400 -7.745200 -1.505600 -11.538300 -29.402500 -52.898800 
0.886000 -0.979600 -2.632500 -0.629800 -3.540700 -2.169500 -8.506300 -7.836300 -0.723000 -8.532800 -21.437200 -84.663300 
0.888000 -3.033500 -1.747200 -0.369900 -2.730900 -2.463100 -3.606400 -5.182400 -2.685900 -11.792700 -17.340500 -45.263600 
0.890000 -1.442700 -2.624500 -0.924300 -1.933100 -0.616900 -6.168700 -3.332200 -0.875300 -7.598600 -25.641200 -65.087600 
0.892000 -3.020000 -2.466800 -1.589300 -1.707200 -2.168800 -10.100300 -7.236900 -2.099200 -11.898900 -19.146700 -55.970100 
0.894000 -1.750300 -2.466800 -0.493100 -4.654400 -4.011200 -4.507200 -3.834200 -1.140700 -9.165400 -21.386000 -51.624100 
0.896000 -2.410300 -2.453200 -2.066100 -4.672800 -2.367400 -7.364200 -2.741300 -5.474200 -2.577900 -23.314000 -54.482500 
0.898000 -1.597300 -1.485600 -0.502100 -3.424000 -2.319600 -9.527700 -4.839500 -3.101500 -2.181000 -27.472200 -46.104200 
0.900000 -0.255700 -3.459300 -0.501900 -6.254500 -2.417000 -5.667300 -3.761200 -1.705600 -7.375700 -13.526000 -72.293200 
0.902000 -0.589400 -4.889200 -0.644900 -2.280800 -1.921400 -9.814300 -5.924800 -6.427000 -19.143500 -22.062400 -70.474000 
0.904000 -1.976500 -3.572800 -0.474400 -4.444000 -3.156900 -13.614600 -5.459600 -4.782500 -11.504000 -22.412600 -65.103100 
0.906000 -1.202800 -1.268100 -0.826500 -5.075200 -5.470800 -8.645100 -4.425600 -3.845100 -14.389700 -27.598400 -44.590400 
0.908000 -0.934700 -6.229300 -1.775200 -5.291000 -4.065800 -6.446900 -5.324100 -3.004600 -5.729400 -24.544200 -58.518700 
0.910000 -0.687200 -2.678400 -0.628900 -1.787000 -1.684600 -6.428200 -6.012400 -2.361300 -12.364900 -22.748800 -67.579500 
0.912000 -2.105000 -3.079800 -1.276600 -9.876600 -3.059600 -8.081000 -5.790000 -2.601800 -6.920000 -25.910500 -75.597300 
0.914000 -0.809100 -3.540600 -0.478500 -5.075900 -3.740600 -6.236000 -8.488800 -1.605700 -10.432600 -22.667000 -61.596900 
0.916000 -0.647600 -2.046200 -0.432500 -4.607600 -2.449200 -7.718000 -6.093100 -3.132900 -8.914600 -32.717400 -67.979300 
0.918000 -2.821000 -2.419300 -0.830300 -2.233000 -7.131700 -8.531400 -5.969200 -3.323700 -21.034400 -27.261500 -59.179800 
0.920000 -1.181700 -3.974200 -1.984300 -2.112500 -2.777500 -4.467400 -3.810500 -3.199600 -6.447500 -24.728100 -87.557900 
0.922000 -1.939800 -3.778300 -0.534800 -4.081200 -4.913000 -4.092800 -5.490500 -0.609200 -5.971400 -19.346700 -33.614500 
0.924000 -3.699300 -1.626700 -0.096100 -3.997400 -6.276800 -5.222900 -4.064600 -0.868300 -9.834100 -23.053100 -86.069500 
0.926000 -1.471000 -2.743800 -0.746300 -6.395700 -4.609200 -4.347900 -3.666800 -1.761200 -5.092300 -17.553700 -44.336400 
0.928000 -2.767500 -3.122700 -0.526400 -3.177200 -4.986100 -9.652000 -4.647700 -0.820800 -9.306900 -15.624100 -70.814500 
0.930000 -2.704800 -2.774200 -6.439800 -3.365500 -5.774700 -3.937900 -3.370000 -1.352100 -9.695700 -17.691100 -80.111800 
0.932000 -0.387500 -2.071800 -3.690200 -4.232000 -5.439300 -7.233100 -1.744800 -1.944500 -20.999800 -20.419400 -68.192000 
0.934000 -2.297700 -2.284500 -2.177300 -3.798900 -5.612400 -9.363700 -2.065800 -3.382000 -8.604800 -23.195100 -71.874900 
0.936000 -1.283900 -5.323000 -2.952500 -4.902300 -4.685300 -6.380400 -5.801400 -2.447100 -8.827000 -20.202900 -80.344800 
0.938000 -1.931800 -2.879500 -3.067600 -5.746900 -3.622000 -7.866000 -6.966600 -1.984800 -11.096800 -22.083700 -47.601500 
0.940000 -1.431800 -3.501300 -6.512600 -4.739000 -4.777400 -5.878100 -2.617900 -6.646300 -11.713200 -28.858300 -57.213000 
0.942000 -0.897400 -2.984200 -0.414400 -4.497100 -6.777500 -8.618100 -3.520400 -1.681800 -5.401300 -27.259300 -58.237400 
0.944000 -1.170900 -0.942400 -2.159200 -5.948000 -2.259300 -6.795200 -6.033500 -3.305900 -25.333100 -11.260200 -65.583000 
0.946000 -1.849300 -5.870700 -1.567800 -4.063100 -6.379200 -9.962000 -7.225500 -0.900200 -7.357300 -19.432800 -60.709400 
0.948000 -1.460600 -2.648300 -2.847200 -3.060100 -6.964400 -11.972000 -10.236500 -0.783400 -12.158800 -22.833700 -101.446900 
0.950000 -1.139000 -2.682900 -2.278700 -2.653200 -2.242200 -6.561300 -5.258900 -1.871900 -7.629100 -14.169300 -70.683700 
0.952000 -0.831300 -1.285400 -2.322200 -4.601100 -4.653200 -8.619800 -3.566700 -2.447100 -9.914600 -22.142700 -79.517900 
0.954000 -0.659000 -3.958400 -0.407200 -2.267900 -7.048800 -13.887500 -4.264900 -2.629200 -18.550500 -21.342100 -56.364200 
0.956000 -2.104900 -2.961300 -0.311300 -4.264200 -2.957300 -5.816000 -3.910400 -3.148800 -5.362600 -17.358100 -82.079100 
0.958000 -2.182500 -2.432400 -1.646500 -1.014500 -4.909500 -5.976800 -3.427900 -3.272700 -8.597500 -22.511500 -72.133000 
0.960000 -2.064200 -2.561500 -1.286200 -1.851900 -4.558000 -6.421500 -9.996300 -1.042200 -11.894400 -14.816100 -91.112400 
0.962000 -3.409700 -6.214500 -1.943700 -2.913100 -4.372700 -7.892400 -5.159100 -1.907300 -14.802500 -16.205800 -55.300200 
0.964000 -1.547300 -4.906500 -1.097400 -1.989200 -3.888900 -9.264100 -4.725500 -2.147000 -8.796000 -42.238000 -92.579400 
0.966000 -3.670900 -1.903000 -4.181000 -2.908700 -3.366100 -4.032100 -7.887500 -2.115500 -13.575100 -23.213500 -50.448700 
0.968000 -1.895200 -3.463800 -1.906000 -5.740300 -5.315500 -11.836700 -4.663000 -3.072800 -10.970400 -19.046100 -90.045300 
0.970000 -1.771600 -3.414200 -2.854800 -3.209900 -1.299000 -6.500500 -2.190100 -2.991100 -11.429600 -26.677000 -55.049800 
0.972000 -2.197200 -3.362400 -0.792400 -0.995000 -7.667000 -10.220200 -6.158300 -6.863900 -10.900300 -21.287600 -63.313700 
0.974000 -4.784000 -3.157300 -0.727200 -3.763300 -1.794500 -4.378300 -5.166300 -1.795600 -13.535700 -24.393100 -79.697200 
0.976000 -1.779500 -3.064900 -3.978000 -3.547700 -1.866600 -5.502900 -5.329300 -4.366600 -3.499100 -28.629500 -88.189300 
0.978000 -3.474000 -4.659700 -1.792700 -3.463500 -2.703900 -7.001000 -2.573100 -4.659000 -6.561500 -31.914000 -80.213600 
0.980000 -7.115700 -2.755900 -1.439500 -3.290100 -2.449200 -11.803100 -7.249100 -2.446400 -8.094600 -21.921800 -78.281100 
0.982000 -5.160800 -4.512800 -1.043300 -4.340400 -4.960500 -5.587000 -5.935700 -2.391000 -15.812600 -42.863800 -72.306000 
0.984000 -2.298800 -3.714300 -1.159200 -2.485700 -6.477100 -4.626200 -7.711400 -1.358400 -15.035600 -44.910700 -101.120600 
0.986000 -1.315800 -2.036000 -0.809800 -2.037500 -1.447600 -7.674300 -3.854100 -1.531900 -6.676200 -25.489300 -82.144500 
0.988000 -2.258300 -3.553400 -1.464000 -4.120600 -1.762600 -6.615300 -5.136700 -1.997000 -17.668000 -22.078700 -59.029800 
0.990000 -6.131000 -2.512500 -2.530600 -3.016500 -4.764800 -7.014700 -3.439300 -2.327600 -9.090900 -24.101500 -92.824000 
0.992000 -3.731200 -2.626900 -2.846500 -3.209500 -2.291400 -8.601700 -7.096600 -3.078400 -8.898600 -32.254800 -84.532000 
0.994000 -2.572300 -3.134900 -2.593300 -4.165900 -1.032400 -5.346600 -5.439900 -2.912600 -10.475800 -19.663600 -97.543300 
0.996000 -2.974100 -1.840600 -3.410000 -4.021600 -2.679400 -4.013300 -2.626200 -3.744400 -8.751600 -33.394600 -96.013600 
0.998000 -3.568000 -2.463300 -1.561500 -2.877200 -1.302500 -4.365000 -3.734100 -3.728400 -2.665500 -33.453800 -107.300300 
