# gradients (DV/DL) for lambdas: 0.0 0.1 0.2 0.3 0.4 0.5 0.6 0.7 0.8 0.9 1.0
0.000000 -1.074200 -0.919100 -0.480200 -0.527200 -0.134000 -1.742600 -1.679600 -3.041700 -3.926900 -3.230000 -21.253100 
0.002000 -0.955600 -1.905900 -1.446000 -1.772800 -0.799200 -0.732500 -3.540500 -2.603800 -0.958600 -3.170900 -9.346900 
0.004000 -1.842000 -0.834000 -1.372500 -1.595100 -1.087300 -1.074900 -1.693000 -0.452500 -1.595700 -9.152700 -5.164100 
0.006000 -1.090100 -1.787000 -1.483500 -0.660600 -3.388200 -1.574200 -2.636900 -1.366800 -2.178500 -1.032800 -15.596600 
0.008000 -2.192200 -1.821200 -1.255600 -3.383600 -0.856500 -2.823400 -3.684200 -3.086100 -3.814900 -1.484600 -1.688700 
0.010000 -0.685800 -0.500300 -0.685500 -0.635000 -0.922100 -2.664900 -2.148800 -0.696400 -4.944300 -3.730600 -5.568200 
0.012000 -1.731200 -2.940700 -1.646500 -0.878100 -1.582100 -1.818900 -2.377100 -0.922500 -1.498700 -2.773600 -8.526600 
0.014000 -1.678700 -1.081300 -1.489400 -1.065800 -2.402500 -1.225400 -4.666300 -2.060900 -3.204300 -2.562500 -18.493400 
0.016000 -0.842700 -1.724100 -1.701300 -1.567800 -5.156700 -0.332700 -3.914900 -2.183700 -5.222700 -3.746500 -15.759300 
0.018000 -1.170500 -2.316900 -1.024900 -0.562200 -2.941200 -1.489800 -2.025100 -6.159600 -7.861900 -3.627600 -10.612900 
0.020000 -0.930300 -1.439000 -0.463500 -2.741500 -1.766100 -3.568200 -1.758600 -4.834900 -3.729700 -0.684900 -4.614600 
0.022000 -2.309400 -0.836900 -0.566600 -0.466700 -1.656900 -2.487500 -0.944900 -2.032600 -9.508500 -15.044000 -1.972300 
0.024000 -1.221300 -0.948000 -1.719200 -1.351100 -0.896400 -2.646300 -1.654800 -3.769800 -1.774800 -14.822100 -9.989600 
0.026000 -1.041500 -1.191300 -0.994300 -2.083000 -1.665900 -1.035300 -4.078000 -1.929200 -1.105800 -1.739300 -20.797500 
0.028000 -0.620000 -2.718800 -2.333700 -1.883700 -1.034700 -1.348200 -0.870400 -0.975900 -2.964100 -4.143400 -9.838700 
0.030000 -1.126200 -1.231300 -0.893300 -1.360900 -1.735300 -1.087700 -3.173500 -1.495300 -2.124300 -1.554300 -11.325200 
0.032000 -0.737800 -0.989200 -2.433100 -1.186300 -2.333100 -1.650200 -1.619000 -1.832100 -10.011800 -9.969800 -12.479400 
0.034000 -0.659200 -0.514900 -0.892200 -2.009500 -1.586500 -3.112900 -2.046000 -2.984900 -7.863600 -8.548900 -6.857600 
0.036000 -1.371400 -2.442100 -0.719800 -1.190700 -1.043500 -3.093900 -1.648000 -1.651000 -1.545600 -5.083200 -4.792800 
0.038000 -1.254100 -2.375300 -0.998500 -1.765300 -1.534600 -1.579400 -1.551600 -1.929000 -1.565600 -1.533300 -17.489500 
0.040000 -0.470200 -1.623300 -2.220100 -0.676300 -2.096500 -3.545400 -0.848600 -1.211800 -5.924700 -2.209500 -14.263600 
0.042000 -0.716000 -0.835200 -2.069500 -0.953800 -1.096700 -0.405800 -1.512000 -4.479800 -3.442500 -3.275500 -7.687000 
0.044000 -0.793500 -1.726600 -1.707400 -2.501300 -4.455600 -1.440900 -2.261900 -0.936500 -6.379300 -4.132000 -8.584900 
0.046000 -1.407400 -0.323800 -0.936400 -3.508600 -1.587500 -1.467000 -0.825600 -1.163900 -2.964800 -0.644900 -16.772100 
0.048000 -1.191400 -0.818300 -0.453000 -0.805400 -0.949200 -3.871500 -0.207800 -0.877300 -4.273000 -1.386700 -31.106100 
0.050000 -2.217700 -0.932800 -1.685800 -2.311600 -1.116900 -1.298600 -1.299200 -5.761500 -2.964600 -6.006000 -16.711600 
0.052000 -0.887000 -0.953500 -1.630600 -0.380600 -1.952000 -1.391700 -2.183500 -3.523200 -0.363800 -4.574400 -11.255100 
0.054000 -0.831300 -1.517400 -1.723400 -0.664100 -2.157800 -1.351400 -2.133000 -2.031300 -2.682800 -11.290100 -5.893900 
0.056000 -1.619600 -0.431000 -0.914400 -0.862500 -0.550400 -1.661700 -7.966700 -4.380100 -2.302900 -3.854100 -10.412100 
0.058000 -1.082800 -0.914300 -0.883800 -0.629300 -2.323300 -0.568300 -3.049500 -0.854200 -5.428600 -3.788200 -14.032200 
0.060000 -1.776500 -1.549200 -2.081500 -0.946500 -0.908400 -2.383200 -2.387400 -0.814600 -4.438700 -12.868300 -10.087700 
0.062000 -0.425300 -0.877800 -2.613900 -1.755400 -2.245500 -3.506900 -0.890600 -2.626000 -2.581700 -2.238600 -5.263900 
0.064000 -0.643200 -0.933400 -1.036500 -5.210000 -0.823300 -2.693400 -1.196400 -1.388500 -0.431700 -0.875600 -6.789600 
0.066000 -0.583300 -0.930400 -1.845300 -2.603900 -0.906100 -0.641900 -1.661800 -4.614600 -3.577000 -8.286600 -23.760900 
0.068000 -0.358800 -1.518800 -0.155700 -0.346100 -1.249200 -2.515300 -3.101900 -2.223200 -2.156800 -4.732900 -18.906000 
0.070000 -1.425100 -0.325900 -3.104100 -5.504600 -1.545400 -1.465500 -3.995000 -0.561300 -1.334400 -1.165900 -25.015100 
0.072000 -0.672300 -1.710000 -1.650400 -2.467600 -1.424400 -1.812700 -3.746300 -1.432600 -0.543300 -4.338500 -9.503500 
0.074000 -0.787700 -0.696100 -3.200200 -3.504100 -0.986000 -1.237300 -3.421900 -4.072000 -3.606700 -6.977900 -2.171500 
0.076000 -0.928200 -1.948400 -1.459200 -2.096400 -0.275900 -0.292900 -6.400000 -2.073900 -2.811300 -4.274400 -4.799200 
0.078000 -0.869900 -2.430500 -0.419100 -2.236600 -1.254400 -2.274600 -1.509900 -2.933300 -3.256000 -11.584400 -24.299200 
0.080000 -0.322300 -2.220100 -1.118000 -1.964700 -3.414300 -0.973300 -3.604500 -0.537400 -10.957500 -6.075600 -9.161500 
0.082000 -1.123100 -1.760300 -1.069300 -1.196600 -1.444500 -0.790900 -1.517900 -2.283700 -4.297900 -1.961500 -14.214300 
0.084000 -1.261400 -1.109400 -0.568900 -1.053200 -1.535800 -5.500300 -2.989700 -2.627200 -2.082100 -16.255900 -15.487600 
0.086000 -0.697400 -0.669900 -0.297000 -0.687500 -0.719500 -0.933800 -2.436300 -1.333700 -0.966600 -2.118000 -22.945500 
0.088000 -0.551500 -0.767800 -0.801800 -1.034200 -1.443900 -0.926200 -1.038700 -3.712200 -3.742400 -25.490300 -10.305300 
0.090000 -1.246900 -1.081200 -2.860500 -0.664300 -3.178900 -4.219200 -2.483900 -2.655400 -0.348200 -2.625200 -6.156300 
0.092000 -1.477500 -2.901400 -2.338100 -1.608600 -1.829700 -2.388200 -1.728600 -2.696100 -2.489300 -6.237700 -3.760300 
0.094000 -0.587700 -1.196700 -0.835400 -0.810100 -2.069900 -5.047100 -3.479200 -1.076700 -1.558700 -4.975400 -7.797300 
0.096000 -0.173200 -0.715700 -1.267000 -0.753400 -1.744500 -0.719900 -7.608900 -1.803000 -0.965600 -0.902800 -8.212100 
0.098000 -1.286900 -0.922300 -1.466600 -1.094100 -1.921000 -1.377700 -1.896300 -0.536500 -2.416000 -7.079500 -8.028500 
0.100000 -2.212600 -0.831300 -1.537000 -0.765000 -4.586700 -1.506200 -0.433500 -1.397700 -0.686400 -9.389300 -2.428000 
0.102000 -0.716700 -0.584300 -0.738900 -0.997000 -1.569600 -1.426700 -1.114300 -2.081700 -1.331200 -2.805900 -4.986600 
0.104000 -1.086000 -1.000100 -1.373100 -3.031100 -1.420900 -1.039700 -0.470400 -7.432000 -0.782500 -4.655700 -5.204500 
0.106000 -1.285900 -1.458000 -0.906800 -1.354100 -1.596500 -1.952100 -1.375300 -5.609100 -2.586000 -13.242600 -9.507400 
0.108000 -3.324100 -0.594700 -0.740200 -1.614300 -1.845300 -0.512300 -1.354800 -1.656000 -3.574900 -4.953900 -5.910200 
0.110000 -0.902200 -1.728800 -0.604900 -1.013500 -1.420200 -1.570500 -2.871600 -1.909400 -0.885000 -4.826400 -8.763600 
0.112000 -0.875500 -1.461000 -1.916400 -3.175100 -1.028500 -1.251800 -0.954300 -1.026800 -0.885000 -5.031900 -6.294200 
0.114000 -1.382800 -1.852400 -1.261100 -1.444500 -1.468200 -1.352700 -4.042100 -4.564500 -1.738100 -4.224400 -13.652100 
0.116000 -0.475100 -0.909000 -0.377600 -3.215900 -2.544200 -1.111600 -2.970700 -1.285400 -8.820200 -10.334300 -4.358000 
0.118000 -1.196100 -3.164400 -0.764100 -2.132400 -5.718400 -3.274100 -2.698900 -1.691100 -5.176000 -2.246800 -9.335200 
0.120000 -1.140900 -1.305000 -0.642300 -0.911800 -2.306900 -2.903800 -5.265900 -5.953100 -5.328100 -3.802000 -10.159300 
0.122000 -0.686400 -2.074800 -0.963500 -1.540800 -1.667600 -1.468200 -1.091400 -5.954800 -2.142900 -5.119200 -18.357300 
0.124000 -1.212200 -2.061900 -0.662100 -1.044200 -0.207700 -4.183500 -0.809900 -0.934400 -2.015900 -2.389100 -1.569400 
0.126000 -1.069700 -0.717900 -0.799800 -1.063900 -1.940100 -3.301700 -0.813400 -2.412500 -1.761200 -11.578200 -7.175000 
0.128000 -3.707100 -1.461700 -5.032100 -0.542100 -1.018100 -2.301700 -4.022800 -2.205000 -5.087600 -3.865200 -15.059100 
0.130000 -1.428600 -1.249300 -1.671400 -1.441700 -0.726000 -2.199500 -0.734400 -4.874100 -3.996300 -5.953600 -14.138700 
0.132000 -2.352600 -1.559100 -0.732300 -2.394800 -2.486400 -12.397200 -1.098800 -3.244800 -2.778200 -2.200500 -2.531800 
0.134000 -1.356200 -0.679400 -1.339000 -2.248100 -1.349500 -0.851000 -1.031200 -2.488600 -0.963400 -4.957600 -2.625100 
0.136000 -1.263500 -1.517700 -0.426900 -1.100200 -0.886900 -1.028100 -2.336900 -4.724800 -3.469900 -4.448800 -5.556200 
0.138000 -0.477500 -0.885700 -2.283800 -0.656900 -0.874300 -1.130300 -11.260400 -4.233100 -2.006800 -8.949900 -10.807600 
0.140000 -1.287400 -0.467000 -0.959800 -3.326900 -0.566700 -2.680900 -1.827400 -2.719600 -0.754200 -2.870100 -23.077100 
0.142000 -0.810300 -0.851300 -2.473200 -0.330100 -1.258200 -1.095100 -1.481700 -2.574600 -2.875700 -4.917800 -0.915900 
0.144000 -0.528100 -0.721600 -0.816900 -0.426300 -2.858900 -1.538600 -2.323200 -5.973000 -3.984700 -10.320600 -3.374400 
0.146000 -0.535400 -1.253800 -2.964900 -0.764500 -0.667100 -3.067300 -3.533600 -2.910100 -3.864600 -5.032500 -4.538500 
0.148000 -1.534200 -1.272300 -2.076200 -1.379900 -1.519900 -2.388400 -1.891800 -7.189300 -1.949500 -6.622300 -17.006800 
0.150000 -1.355000 -0.847400 -2.473400 -2.154900 -1.065100 -1.326200 -1.575300 -3.682800 -0.849700 -3.081400 -7.392700 
0.152000 -1.047800 -1.176800 -3.291500 -2.160900 -2.883300 -0.400000 -1.262400 -0.429000 -3.783800 -7.937400 -2.468600 
0.154000 -1.451800 -0.410600 -1.254400 -1.155400 -2.785400 -1.622100 -0.369200 -1.791700 -3.372700 -3.796200 -7.633700 
0.156000 -1.846600 -1.545800 -1.259600 -1.556600 -2.810400 -1.744600 -1.163600 -1.803300 -1.838400 -6.200000 -14.903900 
0.158000 -0.606500 -2.432700 -0.754300 -2.334800 -2.286400 -1.423300 -2.283400 -3.480800 -2.150500 -10.912600 -4.026700 
0.160000 -0.648900 -1.017500 -2.557400 -0.681700 -0.851900 -3.386600 -1.331000 -0.998000 -1.773300 -7.147800 -2.862600 
0.162000 -1.250800 -0.468100 -0.542700 -1.817400 -0.793400 -1.598000 -1.518000 -1.176400 -4.177400 -4.083100 -29.239300 
0.164000 -1.563400 -1.406800 -0.932800 -1.663300 -0.638800 -1.049200 -1.241100 -2.992000 -1.266800 -3.675100 -10.098900 
0.166000 -3.657000 -1.170900 -3.699000 -0.716700 -1.452800 -2.733800 -1.048800 -3.549400 -4.878400 -4.682400 -19.915300 
0.168000 -3.559100 -2.585100 -1.439000 -0.724600 -0.797200 -1.621800 -1.646900 -3.762400 -3.289200 -2.950400 -7.070800 
0.170000 -1.212700 -0.381100 -1.433400 -0.285600 -0.522200 -1.698900 -1.803400 -1.791400 -1.716200 -10.923600 -10.351400 
0.172000 -0.902400 -0.429200 -2.327600 -2.540700 -1.677800 -1.634100 -2.479300 -2.979900 -1.372300 -10.928100 -1.260900 
0.174000 -1.768600 -0.522900 -0.683900 -1.744500 -0.947100 -3.425300 -1.866300 -2.424100 -2.165300 -7.806500 -11.021700 
0.176000 -1.136000 -0.620100 -1.366000 -0.780100 -1.121800 -1.410300 -3.248500 -3.204700 -3.065900 -1.320500 -5.743700 
0.178000 -1.178700 -3.985100 -1.873400 -3.217200 -2.328400 -1.467600 -0.725800 -3.028500 -2.121400 -4.431200 -33.545800 
0.180000 -0.911900 -0.466000 -0.729600 -3.527000 -1.294400 -2.352300 -3.150200 -4.419100 -0.728400 -2.106800 -22.194400 
0.182000 -2.121300 -1.036200 -1.502600 -4.035000 -1.610200 -0.868100 -4.170800 -1.354200 -2.836300 -2.279700 -6.963000 
0.184000 -1.252400 -1.900500 -4.317700 -0.610400 -1.020000 -0.977800 -2.631800 -5.545200 -1.869400 -9.986600 -3.551300 
0.186000 -1.171000 -0.710300 -2.517900 -0.814300 -1.368100 -1.959100 -0.790000 -4.992400 -1.796600 -11.045000 -5.329000 
0.188000 -0.264400 -2.532700 -1.058600 -0.329600 -1.763700 -1.383300 -1.480700 -6.928400 -1.786600 -1.898900 -7.301000 
0.190000 -1.848900 -2.326800 -0.897900 -0.705300 -1.614900 -1.357700 -1.657200 -1.331600 -0.842800 -9.623000 -4.042900 
0.192000 -0.866300 -1.907500 -0.201900 -0.572400 -0.321200 -0.751700 -1.861900 -2.719300 -2.006700 -6.948100 -28.874300 
0.194000 -0.576200 -4.356200 -0.549600 -1.150000 -1.565100 -1.410600 -2.518400 -6.577500 -1.395200 -8.354800 -15.636300 
0.196000 -0.652100 -0.709000 -1.026700 -2.107500 -1.052200 -0.734900 -1.782000 -2.288200 -1.616100 -2.766700 -14.388000 
0.198000 -1.129500 -0.287800 -1.480600 -0.478200 -4.208200 -4.852300 -4.219300 -1.673800 -1.502900 -2.226300 -5.607800 
0.200000 -1.072500 -0.400200 -1.962900 -2.350600 -1.598600 -2.439400 -2.326800 -1.026700 -1.940300 -3.418900 -10.334300 
0.202000 -0.118800 -1.108500 -1.259900 -0.726800 -2.277400 -0.841000 -5.154900 -3.097300 -3.525800 -1.385800 -6.407100 
0.204000 -0.670400 -1.197600 -3.057500 -2.020300 -1.256700 -1.475700 -0.552800 -4.705000 -5.405400 -2.488500 -20.260500 
0.206000 -1.424800 -1.327400 -0.657200 -1.738900 -1.907100 -0.894700 -1.422500 -2.235400 -3.023000 -1.151000 -14.597900 
0.208000 -2.084600 -1.275400 -0.563900 -2.349300 -1.654600 -1.425200 -1.764700 -1.472400 -7.907000 -3.964100 -8.352100 
0.210000 -0.671200 -2.107100 -0.986100 -1.088800 -3.137200 -3.418400 -1.344700 -1.964900 -1.629900 -2.631100 -11.650600 
0.212000 -1.243100 -0.859700 -0.966600 -1.387800 -2.380800 -4.262600 -0.740400 -0.956800 -3.145500 -2.114900 -9.525700 
0.214000 -1.601600 -1.290000 -0.904800 -0.970700 -0.974000 -4.212000 -1.045700 -1.931500 -2.414300 -9.689400 -9.222700 
0.216000 -0.548100 -0.564300 -2.576300 -2.235600 -0.862600 -0.497900 -0.852500 -2.365300 -2.865600 -6.116700 -7.204600 
0.218000 -1.286100 -1.101600 -1.321300 -2.379400 -1.500000 -1.566600 -1.405100 -1.287100 -1.853200 -3.547600 -9.503000 
0.220000 -1.552600 -0.632100 -0.826100 -0.476800 -0.107300 -5.292400 -1.258000 -1.711900 -2.321600 -5.681600 -7.928000 
0.222000 -0.532100 -1.864700 -1.053200 -1.191300 -1.252600 -1.156000 -5.476800 -0.937600 -1.494500 -3.313300 -5.694900 
0.224000 -0.520100 -1.207400 -0.396100 -1.532100 -0.602700 -1.062300 -3.930800 -0.668800 -2.302200 -4.869200 -14.550600 
0.226000 -0.287700 -1.529600 -0.232000 -1.073700 -0.997200 -0.984600 -2.444500 -3.099900 -0.765900 -4.772400 -4.301200 
0.228000 -0.297700 -2.157900 -2.008800 -3.254300 -0.634400 -1.460800 -2.364000 -2.163200 -1.745600 -12.982500 -9.541900 
0.230000 -0.995200 -0.873800 -2.489000 -0.821600 -0.692400 -1.235200 -0.431100 -1.577800 -2.872800 -8.219300 -2.179800 
0.232000 -0.984600 -1.421600 -3.479800 -1.270100 -0.550800 -2.923400 -0.942700 -4.625000 -3.668200 -1.645800 -6.720500 
0.234000 -0.419800 -2.004500 -2.463700 -1.279100 -0.576000 -2.612900 -4.135800 -1.007200 -1.528400 -4.909300 -7.560900 
0.236000 -1.558500 -1.178000 -0.730100 -0.672900 -1.750200 -1.018500 -0.906200 -5.976100 -1.636900 -12.635800 -1.042700 
0.238000 -1.840000 -1.746700 -1.790200 -2.392600 -0.719900 -0.923300 -1.400000 -4.596300 -4.044300 -2.223000 -4.673300 
0.240000 -0.873500 -3.164800 -2.950300 -1.307600 -1.122100 -1.473200 -0.597400 -3.160400 -0.708500 -11.966900 -13.289900 
0.242000 -0.767700 -0.699700 -0.769100 -1.759700 -1.288700 -0.405700 -1.509000 -2.481700 -0.738100 -2.076200 -4.672900 
0.244000 -1.317000 -0.491400 -1.033300 -0.701300 -1.907700 -3.183800 -1.463600 -1.800700 -1.350300 -6.989600 -17.102600 
0.246000 -1.692800 -1.161600 -4.679500 -1.645100 -1.502000 -1.018700 -0.305600 -0.776300 -8.740300 -3.572400 -11.815700 
0.248000 -1.398000 -1.153800 -0.423000 -1.369900 -2.689600 -2.991300 -0.838000 -4.570500 -3.904200 -3.977800 -8.781500 
0.250000 -0.529500 -0.176700 -0.954700 -0.955100 -2.222200 -1.195500 -1.009700 -3.403100 -2.798100 -1.966000 -12.770700 
0.252000 -1.388100 -0.882300 -1.467100 -1.544500 -1.107400 -1.777100 -1.526800 -1.197500 -3.607700 -2.426600 -22.647900 
0.254000 -1.584300 -0.459200 -0.708500 -0.972100 -1.531500 -1.522000 -1.484200 -4.738100 -3.688500 -2.616100 -12.118400 
0.256000 -2.340300 -0.634900 -0.165200 -0.656900 -2.202700 -1.556700 -0.764600 -1.251900 -5.757700 -3.539000 -7.065800 
0.258000 -1.124500 -1.770500 -1.056400 -0.214800 -0.345100 -1.199700 -2.027400 -1.266200 -2.482900 -5.772400 -24.172800 
0.260000 -1.503800 -1.530200 -0.507800 -0.623000 -1.232800 -1.262000 -4.797000 -3.656900 -2.789700 -0.316200 -18.587900 
0.262000 -1.568400 -0.633000 -0.979500 -1.698900 -0.756000 -1.193100 -1.979100 -1.243100 -5.143300 -6.919800 -4.911300 
0.264000 -1.972100 -0.613900 -0.631000 -1.297900 -2.602200 -1.098100 -3.498900 -2.013700 -1.112100 -6.628800 -6.456800 
0.266000 -0.708500 -2.187600 -0.386600 -0.868600 -0.770200 -2.296300 -1.639900 -0.599300 -10.473000 -1.325400 -4.042100 
0.268000 -1.906100 -0.972500 -1.839800 -1.117600 -1.641000 -1.121000 -1.050200 -7.327000 -2.134200 -4.826000 -2.588300 
0.270000 -1.322800 -1.122500 -0.897200 -1.760500 -1.249600 -2.926200 -1.687200 -4.396700 -2.803300 -2.795000 -8.435800 
0.272000 -2.347600 -0.493400 -0.683300 -0.577400 -2.136700 -1.067100 -3.102700 -1.725400 -11.040700 -5.959100 -21.764800 
0.274000 -0.606100 -0.542200 -0.490900 -3.428800 -0.900300 -0.984200 -2.321800 -2.674200 -1.155800 -8.708900 -8.341200 
0.276000 -1.598700 -1.235300 -1.343200 -1.236300 -0.739300 -1.828500 -1.583700 -0.619800 -0.461000 -0.866100 -20.174800 
0.278000 -0.261500 -0.837600 -0.602000 -0.605400 -0.969000 -1.379600 -2.411100 -3.313100 -1.303900 -11.190500 -8.553300 
0.280000 -1.673100 -0.812700 -0.552600 -1.924100 -0.865800 -2.565100 -1.945400 -2.617200 -0.117300 -10.086800 -28.278500 
0.282000 -1.267600 -1.159100 -1.343200 -0.823200 -1.447000 -2.144200 -2.495700 -10.056400 -1.192700 -11.439900 -11.839700 
0.284000 -1.071600 -0.370200 -0.710400 -1.456200 -1.596300 -1.911000 -1.452800 -3.576000 -2.330700 -5.937300 -8.233200 
0.286000 -0.925900 -0.471200 -1.200200 -0.379800 -2.752700 -1.013800 -1.749300 -4.296200 -1.576600 -4.078300 -3.135300 
0.288000 -0.835000 -1.370100 -0.541900 -1.835200 -1.048600 -1.953600 -3.940300 -1.549200 -1.129800 -2.431200 -11.117900 
0.290000 -1.141200 -0.802700 -0.458900 -0.728500 -2.424100 -1.180400 -1.162800 -0.369800 -3.358500 -4.919600 -3.097900 
0.292000 -1.443100 -1.361100 -0.869300 -1.435800 -0.906600 -4.222400 -3.161500 -1.115600 -2.948900 -8.432400 -6.799300 
0.294000 -1.267900 -0.958100 -0.374500 -1.324900 -1.311100 -3.727600 -0.504900 -2.218200 -7.865500 -1.740000 -6.084400 
0.296000 -0.575900 -0.871000 -2.476900 -0.993800 -1.060500 -0.176900 -0.397600 -3.859800 -2.856700 -5.398500 -16.263400 
0.298000 -0.761100 -0.507900 -2.233400 -1.105400 -1.251800 -0.654900 -1.120600 -2.960400 -0.463200 -6.231600 -23.740100 
0.300000 -1.236800 -2.997700 -0.475600 -1.837000 -1.455900 -1.266300 -1.786200 -3.815900 -0.770000 -1.122400 -15.544800 
0.302000 -1.007600 -2.694300 -2.960900 -2.608000 -0.441100 -1.684200 -1.407300 -0.715700 -4.421800 -1.199000 -4.207600 
0.304000 -0.766500 -0.960400 -0.171000 -1.282200 -1.726200 -1.751400 -1.478500 -2.233200 -1.179000 -2.635700 -19.516400 
0.306000 -1.468900 -0.810300 -0.873200 -1.003100 -0.985800 -2.182600 -0.652800 -2.714300 -3.147600 -9.149500 -14.802300 
0.308000 -0.876700 -0.396400 -1.061800 -1.343100 -1.158200 -3.323100 -1.040900 -0.440300 -2.752900 -2.735400 -5.875300 
0.310000 -0.357600 -0.858800 -1.125500 -0.919200 -0.385300 -1.348600 -1.525600 -2.798900 -2.512700 -2.046600 -17.678900 
0.312000 -0.830400 -1.848000 -2.129500 -1.475700 -1.610300 -1.672500 -2.866800 -1.566800 -2.307300 -2.183800 -5.757100 
0.314000 -1.179500 -2.677700 -1.480700 -0.785300 -1.501400 -1.765300 -2.732000 -0.858500 -1.736500 -2.651000 -2.539000 
0.316000 -0.532500 -0.827600 -1.139900 -0.959500 -0.435100 -1.268500 -1.701800 -2.583200 -0.949200 -4.335500 -2.453400 
0.318000 -2.395300 -1.154600 -1.410400 -0.727200 -1.121200 -3.737700 -3.998300 -1.747000 -1.860800 -3.615700 -5.505900 
0.320000 -0.840900 -2.435200 -2.180600 -1.356900 -1.048100 -0.583100 -2.607000 -2.416800 -1.177400 -1.432500 -2.943300 
0.322000 -0.742300 -0.673100 -0.625600 -1.641600 -0.672900 -0.572200 -1.635800 -5.651600 -1.093100 -3.446700 -10.951900 
0.324000 -0.751700 -0.576300 -1.317500 -0.362400 -1.048500 -1.238300 -1.037400 -4.157600 -0.898300 -3.755500 -2.848000 
0.326000 -0.785800 -0.716700 -0.884600 -0.914100 -1.654900 -1.609700 -2.335500 -3.804900 -2.908100 -1.815600 -7.799500 
0.328000 -0.771300 -1.666600 -1.137600 -1.503300 -0.752200 -0.720400 -0.698600 -4.660400 -3.282600 -2.474500 -13.364700 
0.330000 -0.831800 -2.100300 -1.381900 -0.565100 -0.502200 -0.510300 -1.630800 -8.202500 -1.607300 -2.339000 -9.455700 
0.332000 -0.920200 -1.915200 -1.171800 -0.819600 -3.685400 -1.270400 -4.608200 -0.233400 -3.139600 -13.051200 -4.467900 
0.334000 -0.422200 -1.030600 -1.508500 -1.037400 -0.580900 -1.450900 -0.719300 -2.340400 -2.256400 -15.076000 -4.062400 
0.336000 -1.932800 -0.775700 -0.703600 -0.315700 -1.153800 -0.659900 -2.430600 -1.937000 -1.002700 -12.075400 -14.503300 
0.338000 -1.585700 -1.405500 -1.139300 -0.841200 -1.197400 -2.162400 -3.667200 -3.411800 -1.327500 -0.981900 -2.236500 
0.340000 -1.664700 -0.787000 -1.513400 -0.785700 -4.402900 -0.976300 -0.651400 -1.346200 -0.538800 -5.783100 -14.045300 
0.342000 -0.498200 -0.838600 -0.642800 -1.499100 -0.215100 -2.644000 -3.626300 -1.903500 -1.958900 -1.328900 -6.007200 
0.344000 -2.015900 -1.934100 -4.564400 -1.246500 -2.203600 -1.104100 -1.154100 -0.862700 -2.286900 -4.298800 -1.689000 
0.346000 -0.564900 -1.648000 -1.096200 -1.995100 -0.960000 -1.740000 -1.949900 -1.380500 -2.991800 -9.964000 -3.815300 
0.348000 -1.864200 -0.691100 -0.963200 -0.282500 -0.794500 -2.757000 -1.353200 -3.719100 -4.913000 -1.473200 -6.113200 
0.350000 -2.475400 -0.645600 -1.762000 -0.857700 -1.263800 -1.306000 -2.461000 -2.339400 -0.920200 -1.399100 -30.992500 
0.352000 -0.628100 -1.308100 -0.805700 -0.242300 -2.049700 -1.172700 -1.815900 -1.927300 -1.502500 -2.333000 -11.588800 
0.354000 -1.338400 -0.874800 -1.222800 -1.477900 -0.913400 -1.567100 -0.690200 -1.670800 -1.283300 -4.376700 -11.589400 
0.356000 -0.775100 -1.178600 -0.755400 -1.131700 -1.583900 -1.550100 -1.361600 -3.018000 -1.948700 -16.600700 -9.872700 
0.358000 -0.596400 -0.771600 -1.262200 -1.120900 -3.966800 -0.802400 -2.905300 -2.013100 -0.692300 -1.714200 -5.221600 
0.360000 -1.058700 -1.236400 -1.206000 -1.426500 -0.903100 -1.257600 -2.132600 -3.795100 -2.986000 -5.505700 -7.663500 
0.362000 -0.890200 -0.749500 -0.773300 -1.261700 -1.382000 -0.727700 -2.158100 -4.339200 -1.021000 -0.974700 -8.963100 
0.364000 -1.304500 -1.229300 -0.422900 -1.945600 -1.250500 -3.725100 -1.357100 -1.574300 -1.832800 -11.938100 -9.149700 
0.366000 -1.116400 -1.567500 -0.743100 -0.558900 -2.046900 -2.627300 -6.223800 -0.598000 -3.932400 -1.341300 -1.464100 
0.368000 -0.666200 -1.688500 -0.470700 -0.760800 -3.062200 -4.702800 -1.750400 -7.155500 -0.547100 -1.721600 -3.381000 
0.370000 -1.621200 -0.938700 -0.872800 -2.445100 -0.990000 -2.634400 -0.863500 -1.484900 -1.239500 -5.805900 -10.526500 
0.372000 -0.363000 -1.284600 -0.782500 -0.865200 -2.211000 -1.654200 -1.957000 -1.399000 -1.761700 -3.413700 -3.021100 
0.374000 -1.100600 -1.722900 -2.083700 -1.053100 -1.242400 -0.793700 -3.347500 -0.354900 -1.319800 -0.849800 -22.148600 
0.376000 -0.265200 -0.729100 -0.477200 -1.210000 -1.380600 -1.459100 -2.378800 -0.313300 -1.370200 -9.168200 -2.517200 
0.378000 -0.779900 -0.573800 -1.241100 -0.909700 -3.357400 -1.540300 -4.376000 -1.514500 -1.999000 -2.376900 -6.027500 
0.380000 -0.702600 -0.573900 -1.448900 -1.780700 -0.243500 -1.123200 -2.198900 -0.999700 -1.364500 -5.444900 -8.783800 
0.382000 -1.219900 -1.018800 -0.160300 -1.601300 -0.819800 -1.767900 -4.819300 -5.975100 -1.805800 -10.518400 -26.681400 
0.384000 -0.212600 -1.432400 -0.196200 -0.858500 -1.576800 -1.549400 -1.692500 -1.925800 -2.287700 -7.505600 -5.824200 
0.386000 -0.856300 -0.395200 -0.622000 -1.850100 -1.517400 -0.970000 -1.538800 -3.499900 -1.646200 -6.722800 -8.282000 
0.388000 -1.278800 -2.028700 -0.666700 -0.616200 -1.200400 -2.102100 -1.355100 -5.869400 -6.087500 -0.477700 -16.410100 
0.390000 -1.759500 -0.807600 -1.043100 -0.088200 -1.117300 -1.792200 -0.582800 -5.957000 -0.211700 -7.548200 -2.046900 
0.392000 -0.738700 -0.898100 -1.138600 -1.796300 -1.429100 -0.427400 -0.857000 -2.122000 -2.247000 -1.951800 -0.681800 
0.394000 -0.954700 -1.724900 -1.422100 -0.952800 -1.488300 -1.472500 -1.037900 -1.718900 -1.477900 -2.764700 -14.055600 
0.396000 -1.343500 -0.819000 -1.696700 -2.278200 -2.427100 -0.979700 -1.411900 -3.476300 -1.251000 -0.259300 -8.519000 
0.398000 -0.449100 -0.381100 -2.660500 -0.746000 -3.356300 -0.876400 -1.355700 -4.930500 -3.677400 -1.339000 -0.876100 
0.400000 -3.257400 -0.909200 -0.098200 -2.497000 -2.674600 -1.777400 -0.864000 -2.049100 -1.505500 -5.143800 -3.239600 
0.402000 -0.914400 -0.520000 -1.917300 -1.361000 -1.718900 -1.305500 -1.961300 -5.166400 -1.063500 -8.136800 -4.554000 
0.404000 -1.760800 -1.390300 -0.220900 -2.190200 -1.017200 -0.502800 -1.237700 -2.109100 -2.699400 -3.729500 -5.105100 
0.406000 -1.309400 -1.690900 -1.142100 -1.086300 -1.470200 -0.773200 -0.558200 -5.930100 -3.281900 -3.021400 -8.093200 
0.408000 -0.754200 -1.085600 -1.100400 -1.006500 -2.396100 -2.524700 -1.556100 -2.834900 -4.638500 -3.948600 -8.762400 
0.410000 -1.899200 -0.660800 -1.757100 -0.942600 -1.935100 -0.680600 -1.229600 -1.107000 -1.475800 -6.835500 -13.579800 
0.412000 -1.215700 -4.346800 -0.577800 -2.790700 -0.950100 -2.567800 -1.277900 -0.831200 -1.386200 -12.261300 -6.042600 
0.414000 -1.132600 -1.759600 -0.246200 -3.724600 -0.570300 -1.719400 -1.657600 -1.925800 -4.167800 -8.901800 -21.496900 
0.416000 -0.494600 -0.705900 -1.603700 -2.014100 -0.779200 -1.788700 -4.088600 -2.451800 -6.412700 -2.810100 -3.287600 
0.418000 -0.730800 -0.922200 -0.850700 -3.397200 -1.964800 -0.565800 -2.527000 -3.730600 -0.696400 -5.319000 -2.637100 
0.420000 -1.509100 -0.969700 -0.487300 -1.900400 -0.373600 -1.661900 -2.449100 -4.179900 -1.491700 -6.849700 -16.194600 
0.422000 -1.746500 -3.892200 -1.872600 -0.953100 -1.326100 -1.185000 -0.586900 -2.327700 -1.372000 -3.325000 -7.132300 
0.424000 -1.120100 -0.985800 -1.046100 -0.956600 -3.480300 -0.837000 -0.897900 -2.163000 -1.363000 -7.722200 -4.856100 
0.426000 -1.313800 -1.547000 -0.788600 -1.865500 -2.613600 -1.667700 -1.993400 -5.346500 -1.898700 -8.052000 -16.947100 
0.428000 -0.973600 -2.292800 -0.849500 -0.536100 -2.364000 -1.634000 -2.523300 -0.963400 -3.001500 -16.907100 -1.135000 
0.430000 -1.503000 -1.205300 -2.690400 -1.118100 -1.498300 -1.261400 -2.143500 -1.831200 -0.222400 -8.333300 -11.371700 
0.432000 -1.178000 -0.561600 -0.734800 -1.777600 -2.193200 -1.681900 -1.317100 -1.046100 -3.217000 -6.843800 -6.366000 
0.434000 -3.303700 -0.417600 -0.784800 -2.808800 -1.980200 -0.993700 -2.718600 -2.661000 -1.731100 -6.830300 -14.218600 
0.436000 -1.090800 -1.468700 -0.617900 -0.466000 -1.532500 -3.263600 -1.600500 -0.962500 -0.871500 -7.955500 -9.708300 
0.438000 -2.202100 -1.267700 -0.521000 -2.734600 -2.087200 -1.878500 -1.897900 -1.900000 -0.778700 -15.493000 -16.650800 
0.440000 -2.122800 -3.400900 -0.294600 -2.469100 -1.412800 -0.576800 -1.722000 -1.016500 -1.224400 -3.681000 -8.100200 
0.442000 -0.854000 -0.927500 -0.836800 -0.639900 -3.339900 -4.165300 -2.495800 -6.256600 -0.960900 -3.459600 -4.691800 
0.444000 -1.025200 -0.999900 -1.055900 -1.316900 -2.100200 -7.642300 -1.470400 -1.247600 -2.485800 -2.138000 -3.946100 
0.446000 -1.582000 -0.729300 -1.243800 -1.210400 -1.111700 -0.525900 -0.840800 -2.510700 -1.467900 -2.598500 -24.441000 
0.448000 -0.694300 -0.754500 -2.111400 -1.045900 -2.869900 -3.083300 -0.570100 -0.556100 -1.317000 -0.827400 -3.342500 
0.450000 -0.407800 -0.635300 -0.892200 -3.098000 -1.406100 -3.541300 -1.326400 -1.684200 -1.591900 -2.475800 -14.255900 
0.452000 -1.138400 -1.995100 -1.952600 -1.615400 -4.123200 -0.865900 -1.644200 -3.135100 -2.314200 -0.847200 -18.553800 
0.454000 -1.095500 -1.034600 -2.129100 -0.769500 -2.070000 -0.257200 -1.356200 -2.085300 -4.322700 -0.807200 -18.235800 
0.456000 -0.652600 -1.317900 -1.607200 -0.679200 -4.669700 -2.381200 -2.894100 -2.283400 -3.221700 -2.561900 -32.450500 
0.458000 -1.499400 -0.325000 -1.123200 -3.443800 -4.371700 -1.367900 -0.958000 -2.926600 -3.394400 -1.976700 -10.181400 
0.460000 -0.974100 -0.824500 -1.313300 -1.219400 -0.924600 -1.791400 -1.629300 -1.810300 -2.431600 -2.202000 -11.865800 
0.462000 -0.354800 -0.327000 -0.824300 -1.397300 -3.764100 -2.298500 -0.553900 -1.551200 -0.635700 -3.805000 -11.081200 
0.464000 -1.606300 -0.760100 -0.852600 -3.705000 -2.744100 -2.123100 -1.169600 -1.099100 -1.499900 -2.260600 -14.248200 
0.466000 -0.911500 -1.457300 -0.501600 -1.127800 -2.261000 -4.230100 -1.274800 -4.157300 -2.711400 -1.032100 -2.537600 
0.468000 -1.654900 -1.522100 -1.292600 -1.297600 -0.802500 -0.716700 -1.331700 -4.139100 -0.851000 -8.958600 -10.991600 
0.470000 -0.928800 -0.667600 -1.032400 -1.047700 -0.238600 -1.211800 -0.963800 -2.482800 -4.051600 -2.274300 -8.038400 
0.472000 -2.416400 -1.144700 -1.734000 -0.634000 -1.197300 -1.158800 -2.550900 -2.213600 -0.776100 -6.252200 -4.834300 
0.474000 -0.755600 -0.481900 -2.858400 -3.310700 -0.728500 -1.570400 -0.907800 -4.533700 -2.795800 -3.978000 -5.648700 
0.476000 -0.946700 -0.175500 -1.844000 -2.386800 -1.547500 -1.058500 -1.187100 -6.749800 -4.761200 -2.418800 -2.286900 
0.478000 -1.728000 -2.016900 -0.611900 -1.087800 -1.750300 -0.580700 -1.156400 -3.178800 -1.006700 -6.793100 -23.021300 
0.480000 -0.564300 -1.332000 -0.404600 -0.352200 -3.180900 -2.993000 -1.930900 -7.801700 -2.768400 -7.719900 -23.357400 
0.482000 -0.614500 -0.953900 -2.977300 -1.644700 -0.960600 -1.560100 -3.753600 -3.251700 -1.290000 -5.423800 -15.577100 
0.484000 -0.536200 -1.108900 -0.811200 -0.500400 -2.592300 -0.956100 -1.929500 -2.424000 -3.303800 -6.101200 -5.395300 
0.486000 -1.853800 -1.519300 -0.092800 -0.646400 -2.577900 -0.755400 -0.314500 -2.019800 -2.952700 -2.361400 -13.484400 
0.488000 -1.011400 -1.711500 -0.386900 -1.686200 -2.724900 -2.686400 -1.808800 -2.186000 -2.258000 -5.898400 -8.281800 
0.490000 -0.936400 -2.906500 -0.505100 -2.424700 -1.413800 -1.147700 -2.942400 -0.970900 -3.409500 -4.177200 -9.699800 
0.492000 -0.836000 -4.183400 -4.583600 -2.827100 -1.568200 -1.497500 -1.140500 -3.876900 -2.131500 -8.646200 -12.167500 
0.494000 -0.625200 -2.083900 -0.757000 -0.586200 -1.728200 -1.173000 -0.854400 -1.850400 -0.957900 -7.959900 -7.077300 
0.496000 -0.683500 -2.141000 -1.006000 -0.489100 -3.393100 -0.668700 -1.107200 -6.007800 -1.310900 -1.472900 -15.821400 
0.498000 -1.379000 -2.305200 -1.488200 -0.370400 -2.763100 -0.917500 -3.843600 -1.306300 -3.945900 -2.709800 -3.399800 
0.500000 -1.269900 -1.308100 -1.245600 -0.984700 -1.322700 -3.217100 -2.122100 -1.255900 -2.015600 -1.234600 -2.615200 
0.502000 -1.493200 -1.168900 -0.774900 -0.895300 -2.187000 -1.672900 -4.985000 -1.692200 -2.041900 -3.076500 -3.641600 
0.504000 -0.382700 -0.248300 -0.619400 -4.329300 -1.793800 -1.975100 -1.514900 -3.693100 -5.210400 -3.002800 -4.127300 
0.506000 -0.714200 -2.039000 -0.997400 -0.991600 -1.223100 -1.421500 -1.476600 -0.965300 -0.752900 -2.575300 -16.356700 
0.508000 -1.591400 -0.560100 -1.153900 -1.117400 -1.090000 -1.972600 -2.378500 -3.040900 -2.831700 -2.169700 -5.411400 
0.510000 -1.145600 -0.669600 -0.829800 -2.439100 -1.912100 -1.173200 -1.110900 -3.638600 -2.371800 -2.596900 -7.596600 
0.512000 -0.780700 -0.529600 -1.162600 -1.208100 -1.334900 -1.821700 -3.431300 -0.653200 -1.749600 -6.851500 -23.320300 
0.514000 -1.316700 -1.037900 -4.512900 -0.643600 -0.965300 -0.652800 -1.830600 -0.882000 -2.532900 -3.524200 -27.062000 
0.516000 -1.057600 -1.602600 -2.196100 -1.020200 -1.070500 -1.886400 -1.307900 -0.806400 -1.168500 -10.939100 -7.771400 
0.518000 -0.676700 -0.645200 -1.090600 -2.010000 -0.741200 -0.466100 -1.549100 -2.142700 -3.921200 -14.727700 -24.517500 
0.520000 -3.365600 -0.604600 -1.884900 -2.875000 -0.996300 -0.937100 -0.861800 -2.946400 -5.813000 -12.261200 -3.504700 
0.522000 -1.158900 -0.643900 -0.493800 -1.322000 -0.143400 -0.863800 -2.595200 -3.664600 -5.027100 -1.913000 -3.885000 
0.524000 -0.777800 -0.961100 -1.003900 -2.283100 -1.420000 -1.192200 -2.399500 -0.368700 -5.149900 -12.558600 -4.368100 
0.526000 -0.313300 -0.997900 -1.090100 -0.225500 -1.401200 -1.398600 -1.538000 -3.074300 -0.819200 -1.839400 -7.926700 
0.528000 -0.383100 -1.156500 -0.926100 -1.385600 -0.984200 -3.792400 -2.062800 -0.735600 -2.518200 -5.436600 -15.995200 
0.530000 -1.132600 -1.536100 -0.195100 -0.904300 -1.442300 -2.120400 -2.747500 -3.821600 -1.279600 -6.870500 -3.264800 
0.532000 -0.560300 -1.440300 -1.208400 -1.457300 -1.315800 -1.542800 -1.338500 -3.179200 -1.155200 -5.248400 -5.637500 
0.534000 -0.585300 -1.657600 -2.178700 -0.930600 -2.027100 -2.006000 -0.637900 -1.206400 -1.469600 -5.568100 -14.592800 
0.536000 -0.562100 -0.718100 -0.552100 -1.806800 -0.958300 -3.681400 -2.875500 -1.610600 -3.926700 -2.968900 -5.180400 
0.538000 -0.368900 -1.363300 -0.618600 -2.640700 -1.593400 -0.750100 -1.145600 -4.097300 -1.935700 -2.972400 -5.110500 
0.540000 -0.377300 -0.529700 -1.127000 -1.354700 -1.392400 -0.638100 -1.524000 -1.418400 -1.718400 -9.239300 -1.845100 
0.542000 -1.024100 -0.776100 -1.807600 -1.768900 -1.155100 -0.473400 -2.769800 -2.538200 -4.897500 -3.634300 -18.250200 
0.544000 -1.253200 -0.599500 -0.574300 -0.754300 -1.649300 -0.877500 -1.696400 -2.894200 -1.446400 -4.883600 -0.959500 
0.546000 -0.819100 -1.347800 -0.889400 -0.890600 -2.027900 -1.712800 -2.508400 -2.869400 -0.976200 -2.803000 -25.118500 
0.548000 -0.790000 -0.548100 -0.275300 -1.365000 -1.601800 -0.782900 -1.996000 -3.401300 -4.085500 -2.158100 -6.884200 
0.550000 -1.786900 -1.259200 -1.362200 -1.463900 -0.716200 -2.406700 -0.818400 -2.478500 -1.408600 -2.889800 -5.704300 
0.552000 -0.735600 -0.759100 -0.594600 -0.558200 -1.252300 -2.742200 -0.157100 -1.455700 -0.696700 -6.104500 -6.852900 
0.554000 -2.617600 -0.916200 -1.920200 -3.443900 -2.636600 -2.562900 -1.200300 -1.468100 -5.799200 -4.346600 -7.669000 
0.556000 -0.261000 -1.105800 -2.117500 -2.496900 -3.125000 -1.123200 -1.352200 -2.639000 -1.318100 -3.151900 -26.536400 
0.558000 -1.963200 -0.640400 -2.631500 -1.792500 -1.133300 -1.602700 -0.950300 -4.231600 -2.119600 -1.511300 -26.406600 
0.560000 -0.849900 -2.064100 -2.394300 -1.063100 -1.178500 -3.081100 -1.287400 -1.880600 -3.571700 -6.361500 -6.306600 
0.562000 -2.131400 -0.722900 -1.065200 -1.011000 -1.587300 -3.765600 -2.251000 -1.205600 -4.649500 -7.871500 -1.549400 
0.564000 -2.272900 -2.479900 -1.337400 -0.832700 -1.539900 -2.342600 -2.188400 -1.310200 -4.547100 -2.553800 -16.246600 
0.566000 -0.873400 -1.387300 -2.578900 -2.426900 -2.471400 -1.948600 -1.210700 -3.211200 -1.014100 -1.862900 -10.154800 
0.568000 -0.336200 -0.609700 -0.231400 -1.637400 -2.503900 -1.802500 -1.139800 -1.934400 -5.841400 -11.196600 -6.606700 
0.570000 -0.963600 -2.705600 -1.317800 -0.654700 -0.718400 -0.093700 -1.064900 -1.557600 -3.923100 -2.656900 -2.482300 
0.572000 -0.579400 -1.592600 -0.663800 -2.808900 -1.641100 -2.078900 -3.349800 -1.078700 -3.245600 -4.102500 -8.371900 
0.574000 -1.213100 -1.664700 -1.323400 -2.678900 -0.514000 -1.270800 -0.789100 -1.338700 -1.371100 -2.343900 -14.377200 
0.576000 -0.490800 -1.806400 -0.745800 -0.270100 -1.260000 -1.840000 -3.245800 -3.185000 -4.801900 -4.720700 -8.022100 
0.578000 -0.708000 -2.334600 -1.054800 -1.271100 -0.402900 -2.910700 -1.356800 -2.055700 -4.466900 -5.681500 -7.463700 
0.580000 -0.776700 -1.052100 -1.378600 -1.936600 -1.063500 -2.159800 -1.229200 -8.966400 -8.919300 -2.666200 -12.904100 
0.582000 -0.432500 -2.201000 -0.692100 -3.180100 -1.744400 -1.635500 -2.521200 -3.084700 -6.081600 -6.909600 -35.316100 
0.584000 -0.232100 -1.120500 -2.574600 -0.641700 -1.296700 -0.648900 -0.454500 -1.669200 -4.799700 -5.847700 -2.361000 
0.586000 -0.904800 -2.369700 -0.884300 -0.293300 -3.925800 -2.020300 -3.351800 -1.351900 -2.244600 -5.295700 -5.021300 
0.588000 -0.236100 -2.523600 -0.646200 -1.506100 -3.824400 -1.410100 -0.676900 -2.781400 -1.718300 -2.953300 -7.581700 
0.590000 -1.058500 -1.370000 -0.546500 -2.518800 -1.727500 -2.258000 -0.727900 -1.176400 -0.791500 -7.464000 -22.930900 
0.592000 -1.680600 -0.398700 -1.914800 -0.926800 -1.275000 -2.344600 -0.648900 -0.915300 -1.320500 -5.082000 -1.731600 
0.594000 -0.647600 -1.138700 -2.128100 -1.060900 -2.270300 -2.792000 -2.310500 -5.410300 -4.462500 -6.109000 -13.752300 
0.596000 -0.483800 -1.547500 -1.568500 -3.098000 -1.125700 -1.319600 -1.208300 -0.610300 -2.584900 -2.746300 -10.204700 
0.598000 -1.777000 -2.180500 -3.201200 -1.060000 -1.738600 -1.492600 -0.284800 -0.997200 -0.734800 -0.805600 -25.838200 
0.600000 -1.001200 -1.068800 -0.813700 -1.822600 -1.253600 -0.890300 -2.295400 -1.267400 -2.240300 -4.956300 -2.162100 
0.602000 -0.910500 -1.500300 -1.875700 -1.260200 -1.138500 -3.664900 -2.302700 -1.603000 -2.824300 -1.278000 -12.912400 
0.604000 -0.762700 -1.658000 -0.249600 -3.555400 -1.661500 -0.988900 -2.649500 -3.453000 -4.182700 -18.425000 -27.322500 
0.606000 -1.621200 -0.941600 -0.447100 -0.731100 -1.101200 -1.061000 -1.612400 -0.994900 -0.576400 -5.516900 -19.311400 
0.608000 -0.632800 -0.362200 -1.126800 -3.557700 -1.869200 -1.621600 -1.335600 -1.185500 -8.172500 -4.264700 -4.260300 
0.610000 -1.600800 -2.177100 -3.656300 -1.606200 -2.411300 -0.775800 -2.018500 -1.960100 -4.100100 -4.123700 -0.763300 
0.612000 -2.218200 -0.611700 -1.240900 -3.161600 -1.153400 -1.183400 -0.637800 -4.461400 -1.476200 -1.352500 -18.887400 
0.614000 -0.512500 -1.345700 -0.897500 -1.059800 -1.067100 -0.470400 -0.419700 -4.976400 -3.054800 -3.067300 -1.941800 
0.616000 -0.765000 -0.154400 -1.740500 -2.672500 -0.927100 -1.631100 -0.505400 -2.300300 -0.355600 -5.089200 -15.805300 
0.618000 -1.107400 -0.837500 -0.340200 -1.095100 -2.491400 -2.250300 -1.415200 -0.723600 -2.016300 -9.605600 -1.239300 
0.620000 -1.305100 -0.580100 -1.229000 -1.487200 -1.354700 -2.550000 -3.595000 -1.461100 -5.471200 -9.600500 -2.832700 
0.622000 -1.001600 -1.179600 -0.847100 -4.953400 -1.191800 -1.249800 -0.418800 -1.376500 -1.171400 -3.035000 -5.430200 
0.624000 -0.547100 -0.194800 -1.022800 -2.939000 -2.281300 -1.537700 -0.911500 -3.617900 -1.160100 -6.360400 -5.687000 
0.626000 -0.229800 -0.513200 -1.631600 -2.690100 -0.536200 -0.956200 -0.594800 -3.588300 -3.994200 -4.686500 -2.103700 
0.628000 -0.910600 -1.675800 -0.626500 -1.323700 -1.225300 -1.550100 -1.913200 -5.588800 -4.544500 -10.947800 -32.025300 
0.630000 -0.965900 -1.142000 -0.245800 -0.514600 -2.193700 -2.124400 -4.384200 -0.993000 -0.888200 -3.285400 -14.937700 
0.632000 -0.966400 -1.302200 -1.113900 -1.275400 -3.026000 -1.057800 -0.918200 -2.367400 -1.172400 -1.684700 -13.944800 
0.634000 -0.905200 -0.549700 -0.701200 -0.365200 -0.884100 -0.469500 -2.022400 -0.168100 -1.004300 -0.620900 -9.674900 
0.636000 -1.432900 -1.128900 -1.121300 -1.569500 -0.581600 -1.248600 -0.458300 -1.796000 -4.124100 -0.824000 -10.527200 
0.638000 -0.926100 -1.950200 -0.486800 -1.361400 -0.180700 -0.784500 -3.064500 -4.812300 -3.472900 -13.878300 -3.471700 
0.640000 -1.047200 -1.899200 -1.064800 -2.539300 -0.391600 -0.365100 -1.385600 -2.590400 -5.266000 -1.602800 -19.790300 
0.642000 -1.547600 -1.080900 -0.111400 -1.466500 -3.158200 -1.182900 -2.150300 -4.306100 -1.719500 -5.019400 -13.880900 
0.644000 -0.889700 -1.334400 -0.795100 -0.918700 -1.939900 -0.627400 -1.692800 -0.596600 -4.197400 -4.525400 -36.846600 
0.646000 -1.889400 -0.732500 -3.918300 -2.879900 -0.402500 -1.339800 -3.682800 -1.926500 -6.438800 -3.055100 -17.677400 
0.648000 -0.806800 -0.686500 -0.542600 -0.823900 -2.762000 -0.245600 -1.497300 -2.579700 -1.195600 -1.489100 -4.132500 
0.650000 -1.560700 -0.844100 -1.495800 -2.500400 -1.295500 -2.024300 -0.651700 -2.925000 -1.475900 -1.015600 -1.614700 
0.652000 -2.155600 -1.293100 -1.104500 -1.302700 -1.400400 -1.407100 -2.327600 -0.661700 -5.593100 -1.507200 -11.907600 
0.654000 -0.861600 -1.115900 -1.736900 -0.859600 -1.437900 -0.187400 -3.737100 -0.765600 -2.657100 -6.536600 -5.188200 
0.656000 -0.681200 -0.637200 -2.049100 -1.936000 -2.451100 -0.838200 -0.791600 -3.348100 -5.750800 -8.252700 -10.226300 
0.658000 -0.701100 -1.183400 -1.980200 -3.572000 -1.456000 -1.076100 -0.559000 -0.634300 -2.136400 -6.748300 -12.702100 
0.660000 -0.898600 -1.984900 -0.691200 -1.356900 -0.834300 -1.472600 -3.037400 -6.955400 -8.114400 -7.428200 -5.777000 
0.662000 -1.958300 -0.708700 -1.169400 -1.396000 -7.172100 -0.778700 -0.934300 -3.355900 -4.946500 -12.451600 -19.360900 
0.664000 -1.256700 -1.087400 -3.663500 -1.915300 -0.769400 -0.298100 -2.275400 -1.038500 -2.435000 -1.247800 -8.743000 
0.666000 -1.091000 -0.903600 -1.598000 -3.058200 -1.020000 -0.636500 -4.281400 -4.347400 -2.226600 -1.895900 -4.900500 
0.668000 -0.652500 -3.531900 -0.895300 -1.531400 -3.441200 -2.536800 -1.854100 -7.079900 -4.908100 -6.998700 -5.884600 
0.670000 -2.035800 -1.545100 -1.135600 -1.132900 -2.369600 -1.130800 -0.712100 -1.090700 -7.821000 -0.819700 -1.832700 
0.672000 -0.797300 -1.097400 -2.107400 -0.445600 -2.083000 -1.464100 -3.439800 -1.700000 -6.141300 -1.258200 -10.677700 
0.674000 -2.350300 -0.650200 -0.801200 -1.998400 -1.868400 -1.315500 -1.675900 -3.153400 -0.714000 -4.711800 -4.327900 
0.676000 -1.362100 -1.575900 -1.200300 -0.763900 -2.250800 -2.365300 -4.804800 -5.123800 -1.300800 -11.353000 -5.971400 
0.678000 -0.650200 -1.464800 -1.251100 -2.108300 -0.815500 -1.778500 -1.720500 -5.223400 -0.990900 -4.250800 -2.322600 
0.680000 -0.669100 -1.099900 -0.667300 -2.255300 -3.522600 -1.964000 -1.369100 -2.534600 -2.272800 -3.405600 -1.338800 
0.682000 -0.986500 -0.764800 -1.416700 -1.536800 -2.029400 -2.124100 -0.829900 -2.605300 -2.192800 -1.814100 -13.952600 
0.684000 -0.637000 -0.512700 -0.446000 -1.589300 -1.052000 -0.840700 -2.131000 -3.246900 -1.400600 -1.169900 -3.254100 
0.686000 -1.133100 -1.002300 -0.418000 -1.392300 -0.665800 -3.149600 -1.531600 -0.796200 -0.907100 -5.026500 -1.691200 
0.688000 -1.597200 -1.558800 -0.382200 -1.270000 -1.425900 -0.374300 -2.926200 -1.167000 -1.775900 -2.803200 -4.166300 
0.690000 -0.797800 -0.558700 -3.305200 -3.275600 -1.485200 -2.858400 -1.212100 -5.084600 -1.769400 -4.814200 -3.733100 
0.692000 -0.634200 -1.134900 -0.785700 -2.304800 -1.197600 -2.127400 -0.544300 -2.214900 -3.147600 -3.371400 -9.690400 
0.694000 -0.985400 -1.433200 -1.400600 -1.205200 -0.468500 -1.608700 -3.378200 -0.995800 -2.691300 -3.031100 -1.941700 
0.696000 -1.273200 -0.335400 -2.446200 -0.696900 -1.447000 -1.722300 -2.923400 -0.957700 -3.086200 -9.585800 -3.513800 
0.698000 -1.554800 -0.585200 -1.396200 -1.728000 -1.216500 -2.347900 -0.618700 -1.128500 -1.748700 -5.215400 -4.366000 
0.700000 -0.411500 -1.002700 -1.919000 -1.072000 -2.139800 -2.084900 -2.418400 -1.534600 -1.214400 -0.861900 -8.603100 
0.702000 -0.879100 -0.918300 -1.546100 -0.377700 -0.601500 -3.973200 -5.367700 -2.019300 -1.476500 -2.280500 -0.986600 
0.704000 -0.406400 -0.902900 -1.298000 -0.841300 -0.186200 -3.426100 -4.072800 -2.747600 -3.114500 -1.353000 -10.962600 
0.706000 -0.600400 -1.540500 -0.179000 -1.245000 -2.762700 -2.434600 -5.535600 -1.611600 -0.656100 -4.671400 -5.859500 
0.708000 -1.467100 -2.647300 -2.137100 -0.625600 -1.527600 -1.057100 -1.304000 -4.359500 -0.684500 -6.983800 -11.481800 
0.710000 -1.494300 -0.770700 -1.766400 -2.482400 -0.206400 -2.432200 -1.729000 -0.609000 -1.794600 -10.165100 -9.469600 
0.712000 -1.263000 -1.711400 -0.704100 -1.379100 -1.518500 -2.046100 -0.778600 -1.422500 -1.571600 -2.563700 -6.505700 
0.714000 -1.956100 -0.929200 -3.904800 -0.756500 -1.615500 -0.839300 -3.198200 -2.021100 -2.401200 -10.373600 -3.443100 
0.716000 -1.871900 -1.300100 -0.212300 -0.568100 -1.705400 -2.642100 -1.013400 -7.547300 -2.292400 -1.846000 -11.890400 
0.718000 -0.627700 -1.115100 -0.951000 -1.989900 -1.061300 -0.561500 -0.481800 -1.694300 -2.244600 -7.993400 -8.483000 
0.720000 -1.014700 -0.761600 -1.191500 -3.013800 -1.012800 -2.471000 -3.832700 -1.651200 -5.736000 -4.282900 -8.544300 
0.722000 -1.392800 -2.121500 -1.577900 -0.782800 -1.901400 -1.033800 -3.945100 -4.043800 -0.873200 -5.354400 -1.796300 
0.724000 -1.639300 -2.342900 -0.301400 -0.760300 -1.303300 -1.226700 -1.007700 -0.678100 -0.951000 -5.298400 -10.493500 
0.726000 -0.821200 -0.965900 -1.647800 -1.189700 -0.672900 -3.434300 -7.478900 -2.458100 -3.783200 -1.840700 -12.466200 
0.728000 -0.729300 -1.769800 -0.622500 -1.464900 -0.365400 -0.824600 -2.183400 -4.138100 -1.600800 -5.080600 -3.880300 
0.730000 -0.794200 -0.360900 -0.307100 -4.727200 -0.399900 -1.292200 -0.560200 -0.879800 -3.595200 -1.481900 -5.345900 
0.732000 -0.838300 -0.385100 -1.968500 -2.024400 -0.582000 -1.407200 -0.614500 -6.118400 -3.686800 -8.617800 -16.949500 
0.734000 -0.910000 -0.798300 -0.876300 -1.220300 -1.454200 -2.600600 -1.049200 -2.678700 -3.525200 -3.445700 -16.634200 
0.736000 -2.242100 -0.477300 -0.973900 -0.295500 -1.190400 -0.498800 -1.086500 -1.848400 -1.427300 -3.655200 -5.919100 
0.738000 -0.661800 -0.527400 -1.748300 -3.165100 -0.935400 -1.086200 -1.520500 -1.073800 -1.897400 -3.980300 -7.019600 
0.740000 -0.928800 -0.501400 -1.044300 -2.475600 -0.742700 -1.550700 -5.250500 -5.749600 -2.305300 -1.686800 -18.767800 
0.742000 -0.619900 -0.981700 -0.926100 -1.579200 -0.395100 -2.974500 -0.946400 -3.279900 -1.508100 -5.099700 -6.378000 
0.744000 -0.942300 -0.501100 -0.939200 -1.375900 -0.891000 -0.507000 -1.996700 -0.521000 -7.871100 -2.237200 -10.678900 
0.746000 -2.358600 -1.614700 -0.841200 -0.866600 -3.449000 -2.209100 -0.937000 -2.611300 -1.211800 -1.112400 -33.184800 
0.748000 -1.108800 -0.931900 -2.266700 -2.166500 -0.930600 -0.759400 -0.363600 -1.000000 -3.103600 -2.161000 -21.806600 
0.750000 -3.341800 -2.173500 -2.661700 -0.650900 -0.567900 -3.340300 -0.805300 -1.567300 -1.717800 -2.239700 -23.297000 
0.752000 -1.173600 -0.587400 -0.870100 -0.262200 -1.147600 -1.783200 -1.337200 -5.043500 -2.281900 -2.890900 -4.779900 
0.754000 -1.292800 -2.151200 -0.865800 -0.954400 -2.302900 -0.515500 -0.771700 -3.293900 -4.811000 -5.036000 -20.338300 
0.756000 -0.945500 -0.329800 -1.037500 -0.542500 -0.952800 -0.603900 -3.493800 -2.624300 -1.718400 -2.847500 -7.613200 
0.758000 -0.559900 -1.583200 -2.459400 -2.429100 -0.521400 -1.067600 -1.609300 -2.705100 -4.205400 -0.884500 -14.440100 
0.760000 -0.296100 -0.769600 -2.554600 -1.187400 -1.289100 -1.447400 -2.702400 -3.350600 -4.290600 -2.338500 -9.027800 
0.762000 -1.594100 -1.026500 -1.106000 -1.217700 -2.060600 -2.174700 -1.746500 -0.753100 -0.884200 -7.584100 -10.318500 
0.764000 -0.985900 -1.135100 -0.771600 -1.244800 -2.043900 -0.941700 -1.001600 -0.547700 -2.432300 -4.105000 -3.311800 
0.766000 -1.148700 -2.856000 -1.472600 -2.115400 -0.501400 -1.604900 -0.857500 -3.296900 -0.761100 -8.453800 -14.392000 
0.768000 -0.727400 -0.802800 -0.968600 -0.515200 -2.015100 -2.033600 -2.174500 -0.891600 -1.229200 -7.639500 -8.451200 
0.770000 -0.119300 -0.627900 -1.723100 -3.855700 -1.577900 -2.103500 -2.563100 -0.943000 -2.630300 -3.529300 -21.904800 
0.772000 -1.443900 -1.218900 -2.372400 -1.564800 -2.298900 -0.783300 -1.700700 -1.788800 -2.471100 -9.220100 -12.528100 
0.774000 -1.843000 -0.716300 -0.649300 -2.056700 -0.678000 -0.784800 -1.624500 -0.872600 -3.690200 -8.516300 -7.665700 
0.776000 -1.108200 -1.689100 -0.595500 -1.332800 -1.847500 -1.418900 -0.676900 -1.887200 -2.340800 -9.150200 -3.582400 
0.778000 -2.905700 -0.898500 -1.643500 -1.627800 -2.057400 -2.171500 -2.404200 -1.703700 -1.147200 -17.049200 -6.949100 
0.780000 -1.034500 -0.989900 -1.750600 -0.842800 -0.970700 -0.866600 -1.760200 -2.080500 -2.025400 -3.845100 -12.169100 
0.782000 -0.926800 -0.951300 -0.782800 -0.460100 -1.287500 -1.546600 -3.760000 -2.408000 -3.265300 -5.260800 -7.871800 
0.784000 -0.778400 -0.763200 -1.379900 -0.213500 -0.641400 -1.397000 -0.996300 -1.864200 -3.235900 -2.721900 -8.897300 
0.786000 -1.411000 -1.087800 -1.558000 -0.658400 -0.967600 -1.030100 -2.422200 -5.418800 -1.181200 -2.883900 -4.854400 
0.788000 -0.930300 -0.102500 -0.125700 -1.861500 -0.883200 -1.397500 -1.153200 -3.686000 -0.867700 -4.221400 -4.220300 
0.790000 -0.577900 -0.423500 -1.410800 -0.876900 -2.202300 -0.548300 -2.400900 -1.765200 -7.871100 -3.473300 -1.598900 
0.792000 -0.644600 -1.788800 -1.883600 -0.664100 -2.104400 -3.752100 -2.212700 -2.889300 -1.450800 -2.606700 -9.637900 
0.794000 -1.428200 -2.349600 -1.438600 -1.153600 -0.793000 -0.935600 -1.208700 -6.419000 -2.976300 -0.990200 -3.835400 
0.796000 -0.745400 -1.423500 -3.504400 -1.056500 -0.346900 -2.780600 -1.135600 -3.379900 -0.464800 -5.833000 -11.630600 
0.798000 -1.281100 -1.258200 -0.555800 -3.206300 -1.432600 -1.283600 -0.351800 -2.149200 -1.395100 -2.062300 -14.189600 
0.800000 -1.216800 -1.185700 -0.292000 -0.812600 -0.943700 -2.204000 -0.954200 -4.211500 -3.928800 -9.302100 -5.266400 
0.802000 -1.135000 -1.885300 -0.216000 -1.340000 -1.863300 -2.008300 -1.293600 -1.338700 -3.986400 -0.592800 -12.904000 
0.804000 -1.416100 -1.061600 -1.490500 -0.862200 -2.226800 -1.326400 -1.897200 -5.072300 -1.890600 -2.480300 -20.423200 
0.806000 -1.015000 -0.746200 -0.991600 -1.541900 -1.617700 -0.825300 -0.816700 -3.515700 -2.737300 -1.295900 -18.154900 
0.808000 -1.379700 -1.671800 -0.871100 -1.177600 -0.584800 -1.137300 -6.013400 -4.482000 -0.298800 -2.737300 -3.246000 
0.810000 -0.579100 -1.503500 -1.585600 -0.687300 -1.986700 -2.114200 -2.007200 -2.063000 -0.832700 -0.781100 -14.034400 
0.812000 -0.857800 -1.914000 -2.757900 -2.949700 -0.730300 -0.751400 -0.292300 -3.363800 -2.199600 -3.328600 -13.922000 
0.814000 -0.934700 -1.512400 -3.508900 -1.335400 -2.561400 -0.524400 -0.957200 -4.327100 -1.995900 -2.277000 -5.813700 
0.816000 -1.541400 -1.331300 -2.043400 -2.932300 -1.837600 -0.837000 -0.476300 -1.597400 -1.208900 -2.922300 -4.843800 
0.818000 -0.943700 -0.312700 -2.434300 -1.079900 -1.124600 -0.303300 -0.841200 -1.741900 -1.248100 -1.413600 -4.028600 
0.820000 -1.730700 -0.806600 -1.483400 -1.702400 -1.326700 -0.380800 -2.725600 -11.948200 -2.148200 -3.099600 -1.767900 
0.822000 -1.321200 -1.096000 -0.218400 -1.438000 -1.624500 -1.835300 -0.076700 -1.874900 -4.839400 -0.601500 -3.443100 
0.824000 -1.387300 -0.386300 -0.318200 -1.799900 -1.171900 -1.206300 -3.722500 -1.189500 -2.496000 -7.434600 -10.741800 
0.826000 -1.072500 -1.786400 -0.740700 -1.470000 -1.819800 -2.942100 -3.659400 -4.214000 -2.973500 -2.974200 -8.429700 
0.828000 -1.115600 -0.932400 -0.668100 -1.115200 -0.765000 -1.944100 -1.252700 -1.820900 -1.441300 -4.722700 -9.472200 
0.830000 -0.670000 -0.551600 -0.694700 -0.533300 -0.785200 -0.833900 -2.761200 -4.539000 -0.467500 -6.628800 -4.072500 
0.832000 -1.693800 -0.382300 -0.663000 -0.883500 -0.792900 -1.231100 -3.502400 -1.700400 -3.571300 -1.852400 -4.138000 
0.834000 -1.447900 -1.784300 -0.796800 -1.181800 -1.950000 -0.656200 -1.996000 -2.117200 -1.232400 -0.612100 -2.575800 
0.836000 -1.097800 -0.897900 -1.670500 -0.473500 -1.643600 -1.173300 -1.754800 -2.262600 -0.801100 -1.676000 -4.826500 
0.838000 -0.577700 -1.471600 -0.584100 -2.315300 -0.693600 -0.960100 -0.588600 -4.596900 -4.885700 -2.732000 -1.418900 
0.840000 -0.808600 -0.615000 -1.125400 -0.470900 -2.090300 -1.303200 -5.087400 -6.210900 -2.414300 -0.574700 -5.312900 
0.842000 -0.602900 -1.686500 -2.213800 -3.118100 -2.075300 -2.090800 -1.985800 -1.919500 -4.777400 -1.739100 -1.638600 
0.844000 -1.844600 -2.278700 -0.397400 -1.033400 -1.275800 -0.588200 -2.525600 -1.592000 -5.614100 -2.294400 -1.865600 
0.846000 -0.682400 -2.281600 -1.525900 -1.075900 -3.357300 -1.152400 -0.940800 -1.634500 -4.560800 -2.334500 -2.438800 
0.848000 -2.746300 -0.815100 -1.167400 -2.860600 -0.459800 -1.333600 -1.141900 -7.098700 -2.689300 -1.188700 -4.026100 
0.850000 -1.118400 -2.302400 -0.787200 -2.556700 -1.258700 -0.262800 -2.892200 -1.525900 -0.635500 -0.256900 -2.494600 
0.852000 -2.551300 -2.856200 -1.407800 -1.709100 -0.318800 -2.702000 -3.345600 -1.822800 -1.256200 -0.832800 -3.647200 
0.854000 -1.115000 -0.902000 -1.601700 -0.837900 -2.870100 -0.423400 -2.056600 -4.015900 -2.298200 -0.754300 -12.253400 
0.856000 -1.353000 -1.197700 -0.223800 -0.514500 -0.316900 -2.532400 -1.507000 -0.726900 -3.161600 -0.996900 -8.411700 
0.858000 -1.205200 -0.498800 -1.793000 -0.394600 -0.643300 -1.158000 -0.879600 -0.558600 -1.866800 -3.783500 -12.712300 
0.860000 -0.728700 -0.778600 -1.318400 -1.220000 -2.117100 -0.506000 -2.472800 -0.301500 -1.147500 -1.565800 -5.707900 
0.862000 -0.277400 -0.551600 -0.749900 -1.584600 -1.289900 -0.690000 -3.649400 -2.751000 -4.999000 -1.887000 -11.758100 
0.864000 -0.747700 -1.412200 -0.425000 -1.867800 -0.665200 -1.087700 -2.489300 -2.983700 -1.738400 -8.203600 -4.155800 
0.866000 -0.091400 -1.589700 -0.612600 -4.501500 -0.475500 -0.930300 -1.905100 -4.748000 -3.984100 -4.900400 -2.667800 
0.868000 -1.524800 -0.761500 -1.447100 -0.868800 -6.701400 -0.547100 -2.448300 -2.083200 -5.843700 -8.305400 -5.041700 
0.870000 -0.982200 -1.488900 -0.753600 -1.359600 -1.478400 -1.122300 -1.197100 -1.896900 -1.867300 -2.778500 -2.524400 
0.872000 -2.087800 -1.236800 -0.485500 -0.565000 -2.693100 -1.765000 -1.528100 -3.791200 -4.229200 -1.999700 -2.147500 
0.874000 -0.820700 -0.862200 -0.209700 -0.966700 -0.831100 -2.452700 -0.990900 -1.003400 -0.900200 -0.691800 -0.394700 
0.876000 -0.491800 -0.772900 -0.347400 -1.377300 -0.645700 -2.015000 -1.465300 -1.596600 -7.133000 -4.670800 -3.706000 
0.878000 -0.674800 -0.753000 -1.033200 -0.282700 -1.319700 -0.951500 -6.829700 -1.207600 -2.309600 -1.688400 -6.716200 
0.880000 -1.806700 -3.253800 -1.910900 -0.738900 -1.923700 -0.388800 -3.779300 -5.212000 -2.361000 -1.378700 -3.937000 
0.882000 -0.902800 -1.162800 -0.841400 -1.082200 -0.809400 -0.891700 -1.428100 -0.977700 -1.196800 -1.512100 -3.653400 
0.884000 -1.090200 -0.464500 -1.259200 -2.217700 -0.885200 -0.782100 -3.728900 -1.416100 -1.666400 -5.037400 -19.836600 
0.886000 -0.997500 -0.974300 -0.850200 -0.831800 -0.721100 -2.216700 -3.033500 -2.935600 -1.611300 -2.493500 -2.332900 
0.888000 -1.245000 -0.902500 -0.857800 -1.038100 -0.441000 -1.493000 -3.142000 -0.893500 -1.899400 -9.130400 -10.402200 
0.890000 -1.132600 -1.210300 -1.379300 -1.684700 -0.319400 -4.171600 -3.747900 -5.102000 -1.178500 -2.769700 -13.655000 
0.892000 -3.618400 -2.198200 -0.750700 -0.536800 -4.319600 -0.398500 -2.177000 -0.981700 -2.722000 -7.193500 -21.008500 
0.894000 -1.696500 -2.450800 -1.077300 -0.249300 -1.815600 -0.870900 -2.569100 -4.258600 -0.976500 -0.594900 -9.212000 
0.896000 -0.607000 -1.023700 -0.738300 -2.354000 -1.147400 -2.242300 -3.240900 -0.383500 -1.219900 -5.941500 -14.269400 
0.898000 -1.433600 -0.564400 -2.604900 -1.122900 -1.404800 -1.775800 -1.381800 -4.730600 -1.408500 -7.335600 -21.290400 
0.900000 -0.098000 -0.900400 -0.942600 -2.014600 -1.955800 -2.257800 -1.081700 -1.722600 -6.729800 -2.298700 -5.602200 
0.902000 -2.575600 -1.343700 -2.442800 -0.929500 -0.734900 -1.487800 -8.992500 -0.939400 -1.368000 -5.374300 -7.046300 
0.904000 -0.516400 -1.668100 -1.191700 -1.341200 -0.692200 -1.493500 -2.568000 -2.304300 -2.255500 -1.337200 -4.096400 
0.906000 -1.159700 -1.291600 -1.136000 -2.031900 -1.248800 -1.473800 -1.825200 -2.157700 -2.297800 -5.494200 -5.714400 
0.908000 -0.541600 -0.998400 -0.620200 -0.773000 -2.558200 -3.225700 -1.379100 -4.050500 -2.258700 -1.923700 -4.006000 
0.910000 -0.450100 -2.593800 -1.407200 -1.517800 -2.571500 -1.332900 -1.533600 -1.174000 -1.206200 -5.256200 -4.180400 
0.912000 -1.844300 -1.254400 -1.665700 -0.443000 -1.205800 -0.917100 -1.777700 -1.780000 -3.198600 -0.507000 -6.205000 
0.914000 -1.247800 -3.932400 -0.727600 -2.000300 -1.553200 -1.629800 -4.355300 -2.455900 -3.964500 -9.331600 -2.013200 
0.916000 -0.619800 -0.731000 -0.549200 -1.043300 -1.225800 -2.997100 -1.974500 -2.194600 -3.851000 -6.444900 -4.174700 
0.918000 -2.456800 -0.736400 -0.735300 -0.825300 -2.596600 -0.416700 -1.000500 -1.951900 -7.210300 -6.138300 -14.092600 
0.920000 -0.934600 -0.900900 -0.978200 -2.828000 -1.048400 -1.856900 -1.975400 -3.430800 -3.640300 -3.375100 -3.365300 
0.922000 -1.208700 -4.022700 -2.199400 -2.698800 -1.934100 -0.937800 -3.105100 -7.847900 -2.910700 -3.506800 -4.028000 
0.924000 -1.839100 -1.872900 -2.008900 -0.775500 -0.844900 -1.356300 -2.159200 -2.267000 -3.493400 -0.571400 -6.153700 
0.926000 -0.577200 -0.707800 -3.478000 -1.306700 -1.021000 -1.346700 -4.285500 -4.243700 -4.028100 -2.901800 -3.788900 
0.928000 -1.414500 -0.761700 -1.088000 -0.407200 -1.028100 -0.747400 -1.484300 -3.230900 -1.979900 -2.942600 -4.623000 
0.930000 -0.585300 -0.603600 -1.145200 -1.185900 -2.397200 -1.128700 -2.747200 -6.837000 -0.449100 -3.650400 -1.324800 
0.932000 -1.221500 -0.386000 -1.315100 -0.554500 -2.052600 -1.429900 -1.883400 -3.572000 -2.882800 -10.190100 -7.451500 
0.934000 -1.238900 -1.001600 -2.751000 -1.904600 -1.690100 -0.619100 -5.452900 -3.134200 -2.829000 -1.956200 -2.636900 
0.936000 -2.070400 -1.096800 -1.545500 -1.223700 -2.499000 -1.456700 -4.543800 -2.966200 -9.843200 -4.429800 -17.790200 
0.938000 -1.511500 -0.325500 -0.697400 -2.055400 -3.733600 -0.502700 -2.778800 -2.712300 -4.915600 -3.163300 -3.583400 
0.940000 -1.710100 -1.941600 -1.797000 -0.916600 -1.402200 -3.258500 -1.343100 -1.693900 -5.869800 -2.153000 -5.513300 
0.942000 -0.737800 -1.673600 -0.581200 -1.346400 -2.219900 -1.717800 -2.879900 -1.533800 -1.818000 -5.821400 -3.816200 
0.944000 -0.691200 -0.911900 -1.181200 -1.402100 -3.179400 -0.417000 -3.856500 -1.941300 -3.919100 -6.586600 -4.238200 
0.946000 -0.514800 -1.225600 -0.742800 -0.179300 -0.760600 -5.700700 -2.909600 -6.826300 -2.729600 -4.614600 -15.012300 
0.948000 -0.764300 -0.298400 -1.327800 -0.257500 -2.046400 -1.178800 -1.856200 -2.482900 -1.496800 -7.750900 -15.599600 
0.950000 -1.368100 -1.689300 -1.184100 -1.897300 -1.324100 -0.638200 -0.546000 -0.851600 -3.731400 -3.323500 -22.434800 
0.952000 -1.003000 -0.916300 -1.975400 -0.978400 -1.349500 -1.267400 -2.241600 -3.827400 -0.751500 -7.990700 -12.132900 
0.954000 -0.644600 -1.157600 -0.863700 -0.871300 -1.449900 -2.774200 -2.449000 -1.176800 -1.284000 -2.753600 -7.847100 
0.956000 -0.462900 -0.533100 -0.248100 -1.866200 -0.984700 -1.214700 -0.546900 -4.691900 -1.826900 -6.658000 -7.275000 
0.958000 -0.271800 -1.654100 -1.138000 -2.156700 -2.949500 -0.822500 -2.052500 -5.360600 -1.661200 -3.730800 -4.619100 
0.960000 -2.019200 -0.807700 -1.328500 -0.613600 -1.719600 -1.103000 -2.184900 -3.231500 -1.527600 -1.517700 -9.409400 
0.962000 -0.429300 -1.632400 -1.046300 -1.029800 -4.270800 -1.417900 -2.303300 -4.594200 -6.245000 -1.331600 -4.814600 
0.964000 -0.512400 -1.351700 -0.389100 -1.716500 -2.333400 -2.183400 -0.997400 -2.120700 -1.343700 -3.749200 -4.288700 
0.966000 -1.751800 -0.951400 -1.190600 -0.964800 -3.238800 -0.637200 -4.511800 -1.579300 -3.564400 -10.101400 -2.571900 
0.968000 -1.606500 -1.608100 -0.773400 -0.568800 -1.713100 -0.980300 -2.344500 -2.641200 -0.338500 -1.197500 -13.123600 
0.970000 -0.392700 -1.558500 -1.783100 -2.058100 -1.469200 -1.497200 -1.134500 -3.801500 -0.870600 -6.802800 -3.423000 
0.972000 -0.759000 -1.338900 -0.781600 -2.061800 -2.558900 -5.340500 -5.505000 -4.883200 -2.807500 -2.217000 -1.521800 
0.974000 -0.584500 -1.228500 -1.165300 -1.936400 -0.883500 -1.182300 -1.268900 -5.546500 -5.739400 -3.586900 -4.355500 
0.976000 -1.671900 -0.521700 -1.455300 -0.649500 -0.715900 -1.613300 -0.889300 -6.218200 -6.583000 -2.775100 -2.216400 
0.978000 -1.656300 -2.794700 -1.739000 -1.534200 -0.836600 -0.558400 -0.846500 -4.884600 -4.515500 -13.124800 -20.780300 
0.980000 -1.219200 -1.067200 -1.288300 -1.377200 -2.182600 -3.092400 -0.632900 -1.084700 -0.766300 -13.527700 -9.681300 
0.982000 -0.584000 -1.075600 -0.602900 -0.608400 -1.466700 -0.726400 -0.726300 -3.401400 -2.709000 -2.246700 -3.296200 
0.984000 -0.730300 -3.066800 -1.816600 -1.523700 -0.696800 -1.528400 -5.852100 -3.580500 -4.009200 -2.787900 -7.202300 
0.986000 -0.750000 -0.512300 -1.951500 -3.905900 -1.303500 -1.314700 -5.747700 -3.442700 -6.287300 -5.775000 -5.360900 
0.988000 -1.793700 -2.005500 -0.636200 -0.845300 -3.786200 -3.347500 -2.333800 -0.719200 -2.824300 -9.059400 -9.393300 
0.990000 -1.382700 -0.672800 -0.582000 -1.368100 -1.462400 -2.163200 -2.152300 -2.503300 -1.874000 -3.978900 -15.265200 
0.992000 -1.952200 -0.940600 -0.594700 -2.784300 -0.366500 -4.317200 -1.014200 -6.328700 -3.456700 -1.122800 -1.704600 
0.994000 -1.245400 -1.575400 -1.024100 -1.432500 -1.045500 -1.311900 -4.585300 -5.160200 -2.673900 -4.778600 -12.175900 
0.996000 -0.843100 -1.108900 -0.733400 -1.887600 -0.827000 -1.299200 -1.206800 -0.567900 -1.158600 -3.443700 -27.360700 
0.998000 -1.100400 -0.594200 -0.888200 -0.501100 -0.993900 -1.091400 -1.068300 -1.952000 -0.684800 -6.738600 -3.599200 
