# gradients (DV/DL) for lambdas: 0.0 0.1 0.2 0.3 0.4 0.5 0.6 0.7 0.8 0.9 1.0
0.000000 -1.562800 -0.878200 -1.252000 -1.185300 -0.739900 -1.247200 -0.896300 -1.350100 -0.451100 -0.895700 -6.116600 
0.002000 -2.158400 -1.289200 -0.603200 -2.587400 -1.016200 -1.611700 -4.429100 -4.053000 -2.220200 -8.794300 -8.763400 
0.004000 -0.764600 -1.056000 -1.000200 -3.675600 -2.995000 -0.334500 -2.533400 -4.939700 -5.351000 -11.991600 -1.082000 
0.006000 -0.575900 -0.319900 -2.759500 -0.637100 -0.811300 -2.461000 -1.982400 -2.676100 -1.158700 -1.035200 -1.568900 
0.008000 -0.429400 -1.514600 -2.151800 -0.366300 -0.657600 -1.057500 -2.355100 -1.754800 -2.151700 -1.238500 -2.833400 
0.010000 -0.784100 -1.087800 -0.382400 -1.530200 -0.664800 -1.675800 -2.172100 -4.944200 -3.074000 -2.669400 -2.774000 
0.012000 -2.470500 -1.802500 -0.802400 -1.786600 -2.174400 -1.109300 -2.756400 -4.617800 -3.293800 -6.130800 -4.061900 
0.014000 -1.227900 -3.495100 -1.143700 -1.556900 -0.617000 -2.590600 -1.146900 -4.621100 -2.030800 -7.064600 -9.301800 
0.016000 -0.961700 -1.145100 -1.329300 -0.495200 -1.880700 -3.049500 -1.872400 -3.066800 -4.316400 -3.464600 -22.551100 
0.018000 -1.557500 -1.867300 -3.726500 -0.534600 -0.968700 -4.735600 -0.877500 -2.665100 -3.122300 -9.982400 -8.032400 
0.020000 -1.044700 -0.669100 -0.637200 -1.084800 -0.815500 -0.655000 -0.456200 -1.070100 -3.230200 -2.412700 -1.533100 
0.022000 -1.060600 -1.681400 -0.252600 -1.536000 -1.382800 -4.807700 -1.262000 -6.615100 -3.246200 -3.898500 -11.320000 
0.024000 -1.278600 -0.426900 -1.053200 -2.231500 -0.074600 -4.632200 -3.616000 -1.057300 -1.700300 -2.510600 -14.457600 
0.026000 -0.772000 -2.027100 -1.228500 -1.070500 -2.236000 -3.759400 -5.607800 -8.932000 -7.764900 -3.127400 -23.034400 
0.028000 -0.822600 -1.612600 -3.147400 -0.919100 -0.740700 -5.464400 -2.422700 -3.687900 -2.339800 -0.781500 -5.441500 
0.030000 -1.130700 -0.800700 -1.268800 -0.558600 -3.544800 -4.625500 -1.647000 -0.928400 -0.897300 -2.969000 -10.233900 
0.032000 -1.249000 -1.804700 -1.496400 -1.008700 -0.511300 -5.937900 -1.656800 -1.782700 -10.185900 -2.451600 -29.332300 
0.034000 -1.133900 -1.140300 -0.782300 -0.232500 -1.716800 -5.482600 -1.486000 -2.091300 -1.808300 -4.102600 -18.071300 
0.036000 -0.524000 -1.365500 -1.466400 -2.240100 -0.336600 -3.837800 -1.410600 -3.845100 -4.066500 -3.370000 -11.113300 
0.038000 -1.626700 -0.447500 -0.983300 -1.197400 -1.301500 -4.709400 -1.103600 -3.491600 -3.439700 -1.353300 -17.208500 
0.040000 -0.300200 -0.389100 -0.260100 -2.024100 -4.336600 -3.323900 -1.826500 -2.094800 -3.891300 -5.552400 -7.828900 
0.042000 -1.245500 -1.766400 -1.068000 -0.826000 -1.507400 -2.884900 -1.457000 -0.769000 -4.194500 -2.321900 -7.122500 
0.044000 -0.199300 -2.558200 -1.296800 -0.952600 -0.638800 -6.140800 -2.084100 -3.164600 -2.997100 -5.660800 -5.095200 
0.046000 -0.950600 -1.167100 -1.253600 -1.554300 -1.026900 -4.237600 -4.985000 -2.365800 -2.848600 -1.791600 -2.528200 
0.048000 -0.851100 -1.958900 -1.613300 -0.540200 -2.033800 -2.433700 -0.811500 -3.142300 -2.376200 -1.975300 -3.078400 
0.050000 -0.937700 -1.541500 -1.028300 -0.696000 -2.013900 -2.730400 -1.478000 -0.482900 -2.388400 -4.311000 -10.163800 
0.052000 -1.346200 -0.575000 -0.864100 -0.579200 -0.938500 -6.253500 -1.384300 -1.038000 -8.334100 -3.053800 -12.131300 
0.054000 -1.318100 -0.323500 -0.866200 -2.087100 -1.967600 -4.624100 -1.062000 -2.909000 -1.494000 -3.600400 -16.356800 
0.056000 -2.384500 -0.458200 -1.527700 -0.415600 -0.876200 -3.206300 -2.843600 -2.170900 -4.088300 -3.062300 -6.174600 
0.058000 -2.163500 -0.625800 -1.220100 -2.317500 -0.863800 -0.574700 -2.918900 -2.601700 -2.693300 -2.701400 -14.914000 
0.060000 -0.925200 -1.404400 -0.386200 -3.777800 -1.321500 -0.394900 -1.576100 -4.157400 -5.945700 -4.582200 -5.832200 
0.062000 -1.753000 -0.680600 -2.910200 -1.358800 -0.413700 -0.385700 -1.890700 -1.108500 -5.667500 -12.721300 -7.902000 
0.064000 -2.358000 -0.724400 -1.002000 -1.468200 -1.451700 -0.785700 -0.420700 -1.822600 -8.730300 -0.323400 -7.899400 
0.066000 -0.506500 -1.125900 -1.316200 -2.845400 -1.565200 -3.169500 -0.934100 -2.646000 -2.108000 -1.223000 -2.949400 
0.068000 -2.083300 -0.758500 -0.661800 -4.712600 -2.175600 -0.722400 -0.786800 -1.642300 -1.834100 -3.496800 -5.487200 
0.070000 -0.763500 -0.339700 -1.727400 -1.074700 -1.498600 -2.585700 -0.517400 -1.087800 -3.600200 -4.360300 -3.771000 
0.072000 -1.235800 -1.059500 -0.931600 -1.054100 -0.357600 -2.859900 -2.523100 -2.583000 -3.032700 -10.793100 -6.685200 
0.074000 -2.032600 -0.450900 -0.700600 -1.513800 -2.993300 -1.884400 -5.149900 -4.362600 -1.169100 -4.434100 -10.903800 
0.076000 -0.624400 -1.205200 -2.132500 -4.370200 -3.541400 -1.385900 -0.454500 -2.049600 -3.782000 -14.147700 -10.284300 
0.078000 -0.200700 -1.709000 -0.504500 -1.925300 -1.872900 -2.697500 -3.838700 -5.801200 -7.135700 -4.996200 -28.822400 
0.080000 -0.769500 -2.084000 -1.166400 -1.912200 -1.723900 -1.060300 -3.739700 -3.877600 -2.678200 -14.764300 -10.094200 
0.082000 -0.875300 -0.618700 -2.343200 -0.769500 -0.481600 -5.804500 -1.414600 -1.224300 -2.794600 -1.838300 -4.737500 
0.084000 -1.335800 -1.073400 -1.324200 -1.346300 -3.327400 -0.235300 -0.552000 -0.974400 -5.851600 -5.689200 -5.482800 
0.086000 -1.216000 -1.067500 -1.652300 -2.356800 -0.814800 -1.124300 -2.160700 -1.751800 -0.499400 -6.882300 -15.090100 
0.088000 -0.361800 -0.942400 -0.241100 -1.262500 -0.734500 -0.656200 -1.069300 -2.922100 -1.594200 -3.654600 -2.280100 
0.090000 -0.157800 -1.016600 -0.929400 -0.847100 -2.302000 -1.228900 -0.675400 -0.545800 -1.718900 -1.218800 -4.356500 
0.092000 -0.550500 -1.227700 -2.779800 -0.440700 -1.750000 -1.633400 -2.647000 -1.683800 -3.043300 -0.733000 -4.527600 
0.094000 -2.936400 -0.699500 -1.226800 -1.822700 -1.591500 -0.487600 -0.426200 -3.729800 -7.399300 -4.812100 -4.125400 
0.096000 -0.595300 -1.533100 -0.530300 -1.376700 -1.778800 -0.436400 -2.215500 -1.333400 -1.787500 -10.082300 -2.622900 
0.098000 -0.395500 -0.988600 -0.879600 -2.066500 -1.359000 -0.793300 -0.742700 -4.786400 -2.387100 -7.388400 -12.938400 
0.100000 -0.900800 -1.625300 -1.407900 -1.709000 -0.899300 -4.255600 -4.637000 -1.172500 -2.152200 -8.617300 -0.777900 
0.102000 -1.275300 -2.157900 -1.869600 -1.236000 -2.020100 -0.764500 -5.552400 -0.401700 -3.606500 -1.604200 -7.631500 
0.104000 -0.506000 -1.770200 -0.268500 -0.909100 -4.199500 -1.163000 -1.352400 -6.125100 -3.635300 -2.099200 -1.926400 
0.106000 -0.934400 -0.399400 -0.558800 -0.553500 -1.053200 -0.968700 -0.575600 -4.519600 -3.103800 -4.423500 -11.255000 
0.108000 -0.654300 -1.367000 -1.673300 -2.086500 -0.941100 -4.180200 -3.332100 -2.636800 -1.397700 -5.044400 -2.356000 
0.110000 -0.939600 -1.994200 -1.890800 -2.812400 -4.714700 -1.344100 -1.096600 -4.120900 -0.875700 -0.905200 -0.698900 
0.112000 -0.437000 -1.018000 -1.265500 -0.587800 -2.445400 -3.246400 -1.792900 -2.426300 -4.539400 -4.909000 -15.786700 
0.114000 -0.275300 -1.045300 -2.233300 -1.056300 -1.579300 -1.014000 -1.513700 -0.811400 -2.825500 -1.867300 -11.873300 
0.116000 -0.919200 -0.650400 -1.542700 -1.325200 -2.298700 -1.501200 -1.646800 -2.034300 -0.808500 -2.955500 -19.438600 
0.118000 -0.673500 -2.508100 -2.373400 -0.644400 -1.422500 -0.951100 -0.672200 -2.254200 -2.222000 -5.211700 -24.926400 
0.120000 -0.225700 -2.659900 -0.804200 -1.272600 -0.870800 -2.694100 -2.011200 -0.468600 -1.807100 -8.347800 -14.382000 
0.122000 -0.262000 -2.378800 -1.436500 -1.392600 -2.035800 -1.583400 -1.226700 -0.628200 -2.336200 -2.429200 -8.164200 
0.124000 -0.614800 -1.631900 -1.230800 -1.054900 -2.048600 -1.161400 -1.112500 -1.393600 -2.672500 -10.211600 -16.730400 
0.126000 -1.376100 -0.651500 -2.797700 -1.354100 -0.533100 -2.726900 -0.238200 -1.776900 -0.519200 -6.342200 -12.028500 
0.128000 -1.754800 -1.069200 -1.163900 -0.490100 -0.633800 -0.755300 -1.356600 -1.735700 -1.975100 -5.881800 -20.727300 
0.130000 -0.415000 -1.886400 -1.574400 -1.228800 -3.982500 -4.575500 -2.018600 -2.356500 -7.230300 -4.466700 -7.100800 
0.132000 -2.638100 -1.795800 -0.736600 -1.374400 -0.355500 -1.709200 -3.022300 -2.259700 -2.280200 -3.002200 -3.763900 
0.134000 -0.597600 -2.534200 -0.581500 -2.408300 -0.955400 -2.452300 -0.835000 -7.135600 -2.995100 -2.640400 -2.716100 
0.136000 -1.029800 -2.040800 -1.133000 -0.365900 -1.904500 -0.893400 -1.271300 -1.512500 -2.726300 -2.870900 -4.107800 
0.138000 -1.830100 -0.572000 -0.202700 -0.133600 -0.809300 -3.765200 -0.752400 -3.231900 -8.766200 -2.734500 -22.943500 
0.140000 -1.839700 -0.968600 -1.898300 -1.326800 -2.252000 -1.137700 -0.541000 -3.205600 -1.737100 -4.195700 -6.457200 
0.142000 -1.160700 -2.182300 -1.308800 -2.175200 -2.437500 -2.628800 -1.513500 -5.311700 -4.150700 -1.075600 -22.360300 
0.144000 -0.510900 -1.541500 -0.635200 -2.086300 -3.614200 -1.064500 -1.189100 -2.678800 -5.755300 -4.706400 -1.775900 
0.146000 -1.279800 -0.693700 -0.860400 -2.040700 -2.331800 -4.453400 -0.492600 -3.454200 -4.210900 -8.541600 -7.902300 
0.148000 -0.940600 -1.467200 -1.069800 -2.703500 -4.177700 -3.211900 -2.623200 -7.417000 -3.311800 -5.068300 -5.449000 
0.150000 -0.896400 -0.683700 -3.607000 -1.419900 -0.316900 -2.175400 -1.530300 -2.498900 -2.459900 -11.883600 -11.941400 
0.152000 -1.577800 -2.324300 -0.624300 -0.915500 -0.728400 -1.933800 -0.858100 -2.115700 -0.360100 -2.529200 -2.735400 
0.154000 -0.684300 -1.430100 -0.811200 -1.705800 -1.151200 -0.760000 -2.484100 -1.400100 -3.332900 -4.104300 -11.234300 
0.156000 -0.644900 -1.803400 -0.767800 -1.349400 -3.049500 -1.173800 -0.939700 -4.724500 -6.822200 -3.093300 -3.708800 
0.158000 -1.806500 -0.419200 -1.801600 -0.982100 -0.918200 -0.825600 -1.088200 -2.617500 -3.127200 -3.648900 -0.415100 
0.160000 -1.001800 -0.493700 -0.978900 -4.580400 -1.754300 -1.864400 -2.228300 -2.535900 -2.292300 -3.902000 -8.532500 
0.162000 -1.163500 -1.489900 -0.787600 -4.312900 -1.351200 -2.691600 -1.024900 -0.534000 -5.244700 -3.139600 -4.600400 
0.164000 -1.849900 -1.119000 -0.956600 -0.747900 -0.391000 -1.993400 -1.964100 -3.902800 -5.230600 -8.596200 -1.053500 
0.166000 -0.750600 -5.348100 -1.171000 -1.593800 -0.472900 -1.860400 -2.018000 -4.267400 -2.517100 -8.368000 -1.130600 
0.168000 -1.668600 -2.159600 -0.471600 -1.704400 -0.990100 -1.360300 -2.041300 -7.157000 -0.670700 -5.756400 -2.731100 
0.170000 -2.092900 -3.011300 -2.134500 -0.865700 -1.005000 -2.352900 -2.957500 -1.457200 -6.174100 -3.633400 -3.022400 
0.172000 -0.509500 -0.823500 -0.434100 -1.823100 -1.874600 -5.393300 -1.602300 -4.803600 -7.108700 -2.665200 -7.971800 
0.174000 -2.192700 -1.618000 -1.078700 -0.671000 -2.553400 -0.869000 -0.901000 -4.840700 -3.547300 -2.597700 -5.378700 
0.176000 -0.250700 -1.408600 -0.554400 -0.773300 -1.919800 -2.087800 -1.893100 -0.725000 -4.271400 -0.799400 -2.305300 
0.178000 -1.960800 -2.445700 -4.144900 -0.400300 -2.994100 -0.616500 -1.820500 -4.394400 -6.676700 -4.205300 -1.617500 
0.180000 -0.304600 -1.408700 -3.064900 -0.447900 -2.170500 -2.670900 -1.124300 -2.960400 -3.830600 -5.775700 -6.823100 
0.182000 -1.246700 -0.744100 -0.331600 -1.540400 -0.624000 -2.006000 -1.425100 -2.841200 -3.263500 -4.236300 -6.148300 
0.184000 -1.026200 -0.324800 -0.932600 -1.570600 -1.355200 -1.817300 -3.135500 -1.894100 -0.923600 -7.448700 -3.570800 
0.186000 -0.391500 -0.911800 -1.627400 -1.546400 -2.300400 -1.720400 -1.181000 -1.029300 -3.492900 -6.362400 -5.656400 
0.188000 -0.450000 -3.472100 -1.505000 -2.697400 -1.417800 -3.634800 -1.103600 -0.463100 -8.620300 -19.716700 -18.430200 
0.190000 -1.214600 -0.997800 -0.941500 -1.899200 -1.652200 -1.962400 -0.451300 -2.208400 -4.074700 -3.771100 -0.635600 
0.192000 -1.606300 -0.759400 -0.366500 -3.968100 -1.827300 -2.518800 -0.787000 -4.695100 -2.322800 -4.572100 -3.672100 
0.194000 -2.369100 -1.160300 -0.644600 -1.371500 -2.384700 -6.360500 -1.951100 -6.301600 -7.711400 -2.957200 -7.512500 
0.196000 -1.822600 -0.476900 -0.995900 -0.793800 -1.758800 -1.674900 -6.101500 -6.922300 -4.241200 -6.025200 -4.460200 
0.198000 -1.395700 -2.357600 -1.621800 -1.849300 -1.336700 -1.067200 -1.247200 -2.651100 -2.630400 -1.222400 -2.404200 
0.200000 -1.980200 -0.616000 -1.128900 -3.433000 -1.826900 -3.497800 -2.128800 -2.869000 -4.323000 -7.150700 -13.012700 
0.202000 -3.105400 -1.835700 -1.227700 -1.300600 -3.719200 -1.455100 -1.544300 -1.525200 -2.270600 -8.552000 -8.548700 
0.204000 -0.800600 -1.052900 -2.066400 -2.768600 -2.770100 -3.395800 -2.770700 -0.395800 -12.607800 -2.219500 -5.912000 
0.206000 -1.930800 -0.370100 -2.540800 -3.389400 -2.283500 -2.474500 -5.623800 -3.270700 -2.789800 -5.272700 -2.846100 
0.208000 -2.098900 -1.939600 -0.292500 -1.335100 -0.290300 -3.366500 -2.382300 -6.160800 -2.288300 -10.419000 -8.808400 
0.210000 -1.628900 -1.620400 -0.792400 -1.651300 -0.817500 -3.479900 -1.815900 -6.258500 -1.180200 -0.896300 -0.695400 
0.212000 -2.069200 -5.872900 -1.236400 -4.425800 -1.368000 -1.403200 -2.031800 -3.846600 -6.622800 -2.347900 -1.045400 
0.214000 -1.635100 -1.089500 -0.935200 -1.929200 -2.809700 -2.845200 -7.946600 -1.461400 -1.813700 -2.490100 -27.414700 
0.216000 -1.157700 -1.908200 -1.916900 -2.348600 -2.597400 -2.198900 -1.136700 -3.389200 -2.289600 -1.913100 -5.161800 
0.218000 -1.068100 -1.311000 -0.274000 -1.647100 -1.248700 -3.624700 -0.583400 -1.068400 -3.433300 -4.851900 -6.012000 
0.220000 -0.805400 -1.457100 -2.122000 -4.389200 -1.485200 -2.786100 -3.479600 -4.485200 -4.057500 -1.793500 -0.278400 
0.222000 -1.486800 -1.543800 -1.113100 -0.756500 -0.792800 -2.449500 -0.892100 -1.617300 -1.296700 -13.800700 -3.409900 
0.224000 -1.152900 -0.637700 -0.544200 -1.883200 -1.053300 -1.202100 -0.366200 -1.547600 -1.080400 -5.315800 -6.751800 
0.226000 -0.429600 -1.901700 -0.902500 -2.925800 -2.107600 -1.402600 -2.025200 -1.544000 -1.299700 -10.725600 -15.257500 
0.228000 -0.278700 -0.851500 -0.952900 -2.371600 -0.817900 -0.681700 -2.063900 -2.895500 -1.656600 -2.976200 -1.635100 
0.230000 -0.472700 -2.141000 -1.630600 -0.465500 -3.300400 -1.519600 -3.753500 -2.978000 -4.055000 -5.722500 -2.265000 
0.232000 -0.464500 -1.799300 -0.612800 -0.442200 -1.678800 -2.331600 -1.589400 -2.357000 -1.991700 -0.474600 -6.101400 
0.234000 -1.691700 -3.059900 -3.305000 -0.808200 -0.684900 -2.232900 -3.247100 -1.893200 -5.944400 -2.645100 -2.000900 
0.236000 -0.285300 -2.916500 -1.107700 -1.931000 -3.724700 -0.654000 -0.683100 -6.127000 -2.067000 -5.459800 -10.081000 
0.238000 -0.504400 -0.577200 -1.827400 -0.956600 -1.233000 -0.436700 -1.083900 -0.134000 -1.455300 -2.868400 -4.770500 
0.240000 -0.604700 -2.332900 -1.218800 -4.226400 -2.534500 -1.976200 -2.233200 -1.097100 -0.775900 -3.620300 -1.791600 
0.242000 -2.302800 -3.435900 -1.385900 -0.586700 -1.573500 -2.180700 -2.278800 -2.289100 -1.316600 -3.792800 -1.037000 
0.244000 -0.857800 -0.344200 -1.800500 -1.582700 -3.619800 -1.479100 -1.303100 -4.079100 -3.606900 -2.754100 -11.151200 
0.246000 -0.922900 -0.839500 -0.518900 -0.900100 -1.127600 -1.359200 -2.325600 -4.265500 -1.483400 -3.627600 -8.995700 
0.248000 -2.464800 -0.957800 -0.351800 -2.391600 -1.143000 -1.061800 -1.509300 -4.055900 -8.646100 -5.622400 -6.994400 
0.250000 -0.721500 -1.617500 -2.006500 -0.786100 -0.488500 -2.637800 -4.302600 -2.091800 -1.350200 -3.871800 -3.900400 
0.252000 -1.231100 -1.338200 -1.376900 -1.631200 -2.558500 -1.387100 -1.462000 -5.469600 -1.010900 -1.958300 -6.178900 
0.254000 -2.879100 -2.021400 -2.759700 -1.051700 -0.370700 -1.406700 -5.023900 -5.202900 -4.466000 -3.177300 -6.623700 
0.256000 -0.839000 -1.275200 -1.245100 -0.779000 -1.106500 -1.723400 -2.269100 -1.749200 -3.965200 -15.741100 -12.383700 
0.258000 -1.319300 -0.965300 -1.145500 -1.596000 -1.562600 -1.120100 -1.586100 -5.626900 -1.195000 -3.279400 -7.127200 
0.260000 -0.526600 -1.109200 -2.427900 -1.860300 -0.452400 -0.648200 -2.038700 -1.312600 -2.137500 -4.497300 -9.121600 
0.262000 -1.030400 -1.860000 -0.315800 -2.110800 -2.740800 -1.757800 -1.509500 -1.261800 -7.672200 -3.118400 -1.334800 
0.264000 -0.849700 -1.631400 -1.939000 -1.667900 -1.804100 -1.569200 -1.471600 -1.906600 -7.890300 -2.520800 -3.488400 
0.266000 -1.050700 -0.895200 -1.262000 -1.357300 -1.668800 -1.772300 -0.728100 -1.649100 -4.034700 -2.472600 -7.776600 
0.268000 -1.493900 -0.430400 -1.312800 -1.521200 -2.359200 -2.716500 -2.152800 -5.132600 -7.155600 -3.309200 -7.415500 
0.270000 -1.144600 -1.536900 -0.677100 -1.422800 -1.566900 -2.597300 -2.163000 -2.429000 -3.752700 -0.749700 -2.262500 
0.272000 -0.441800 -1.273600 -0.357400 -1.928700 -1.246700 -1.378700 -1.754100 -2.113400 -0.336700 -3.694900 -0.940000 
0.274000 -1.074800 -2.234000 -2.121200 -1.350100 -2.986900 -0.373500 -1.719600 -2.055200 -2.174500 -0.215200 -1.264100 
0.276000 -1.573600 -1.661500 -1.834300 -1.203600 -2.620700 -4.385800 -2.658600 -2.630200 -6.951100 -3.177700 -2.430900 
0.278000 -0.301800 -1.725200 -0.294800 -2.487900 -1.315600 -7.001300 -1.158100 -2.732500 -4.688400 -1.814200 -7.906300 
0.280000 -0.286000 -1.100100 -1.316000 -2.840700 -1.631100 -1.129100 -1.641500 -4.089300 -2.998700 -4.290500 -15.665100 
0.282000 -0.590000 -2.128800 -1.134000 -1.594300 -4.628800 -3.885400 -1.976700 -1.869500 -4.808900 -4.892000 -5.461600 
0.284000 -0.702600 -0.959300 -0.915900 -1.086400 -2.934900 -3.275100 -2.389200 -0.702300 -1.096100 -7.935500 -18.502400 
0.286000 -0.252200 -2.693700 -0.817000 -1.559700 -2.660100 -1.363000 -1.338000 -0.972100 -1.592900 -12.133100 -11.600300 
0.288000 -1.926100 -1.330900 -0.982900 -1.667000 -0.864600 -2.662000 -1.226400 -3.269000 -1.149000 -8.261700 -12.663000 
0.290000 -1.293200 -0.868000 -1.985800 -2.933900 -0.469400 -1.227900 -2.110700 -4.553900 -4.650800 -13.113900 -1.436300 
0.292000 -1.026700 -0.764600 -2.197200 -1.763900 -2.103100 -1.486100 -0.679500 -1.821400 -4.453200 -2.984400 -2.938200 
0.294000 -1.069600 -0.611500 -0.417200 -1.328100 -1.222100 -0.511700 -1.353600 -5.058200 -2.545200 -5.168400 -3.114100 
0.296000 -0.962300 -2.227300 -1.023300 -0.270800 -0.645000 -0.434400 -0.939800 -2.947500 -3.740500 -8.539200 -5.863900 
0.298000 -1.371300 -0.465800 -2.247700 -0.664300 -1.775000 -0.887700 -2.828600 -1.385000 -3.725700 -3.552500 -10.878600 
0.300000 -1.155100 -0.846600 -0.877400 -0.364700 -1.537000 -1.173100 -1.489700 -5.441400 -0.631000 -3.794800 -11.863800 
0.302000 -1.396100 -1.955300 -0.602700 -0.560600 -0.397100 -1.954500 -1.162400 -3.029400 -1.994400 -3.453100 -3.693700 
0.304000 -0.823100 -0.954000 -1.361300 -1.242900 -1.913500 -0.898900 -1.177400 -3.848700 -3.031400 -2.165000 -1.821500 
0.306000 -1.587500 -2.104000 -1.204700 -0.336800 -0.804000 -1.805400 -0.408700 -7.604100 -1.768600 -4.172900 -13.515000 
0.308000 -0.656200 -0.511600 -0.871200 -0.607600 -1.339600 -1.025300 -1.027200 -1.114500 -12.247100 -11.150900 -9.374000 
0.310000 -0.333800 -1.577600 -0.766300 -0.450400 -2.736700 -1.223900 -0.999900 -4.014300 -1.891700 -14.276200 -8.946200 
0.312000 -1.624000 -1.050000 -2.269300 -2.793900 -0.793100 -4.313100 -1.639300 -1.729500 -10.289300 -2.236300 -8.624600 
0.314000 -1.678300 -1.140400 -0.533300 -1.395900 -1.326600 -2.322500 -2.894800 -4.004700 -2.535600 -8.726900 -10.426600 
0.316000 -0.958500 -0.578300 -1.438500 -1.550900 -1.511700 -3.933800 -2.696000 -2.115500 -1.837900 -8.537100 -22.123600 
0.318000 -1.544800 -0.206100 -3.258500 -1.634400 -2.207900 -1.483100 -1.139000 -1.826300 -2.874000 -5.039500 -22.393100 
0.320000 -2.182400 -0.305400 -1.170900 -0.783300 -2.814900 -2.256300 -5.476100 -1.305900 -3.402600 -4.478400 -1.203900 
0.322000 -0.764300 -0.314200 -1.577500 -1.836900 -2.350900 -5.510100 -1.376400 -6.186400 -3.017800 -7.357100 -8.803200 
0.324000 -1.222900 -1.555600 -1.172200 -0.933700 -1.287400 -1.831000 -1.526800 -3.810700 -6.286900 -5.874400 -3.720600 
0.326000 -1.606400 -0.312600 -0.845600 -1.140300 -0.537200 -1.431000 -1.929600 -1.444400 -2.620600 -4.767400 -12.431700 
0.328000 -1.116500 -0.428600 -1.040200 -1.285600 -0.888200 -1.903300 -3.516800 -4.720200 -2.038200 -3.776000 -0.621000 
0.330000 -3.284400 -1.382200 -1.428700 -0.554600 -2.813500 -2.218600 -1.530600 -3.905400 -2.904600 -7.985200 -2.211800 
0.332000 -1.824500 -0.110700 -1.556300 -2.580600 -1.055900 -3.143800 -1.935900 -3.475300 -0.605600 -2.560000 -18.520400 
0.334000 -1.813900 -1.556300 -0.633000 -0.698900 -1.134300 -1.735200 -1.204300 -2.584700 -1.510900 -4.040100 -9.023500 
0.336000 -1.156500 -0.220700 -1.354800 -1.216800 -0.824100 -2.178800 -1.063000 -3.650700 -1.218400 -6.491300 -2.855600 
0.338000 -1.158700 -0.821000 -0.887100 -1.278100 -1.899800 -2.175900 -1.757300 -1.728300 -8.894400 -8.254700 -0.829300 
0.340000 -0.598500 -1.702200 -2.675700 -2.271400 -1.739500 -2.024100 -1.539700 -5.335700 -1.657600 -2.557000 -3.603000 
0.342000 -0.906600 -1.278500 -0.959500 -1.795600 -1.875500 -1.135000 -0.768000 -6.767100 -1.873600 -5.376300 -8.769700 
0.344000 -0.298300 -0.354000 -0.525700 -0.726500 -1.048400 -3.072700 -1.988300 -6.676500 -4.497000 -6.579900 -5.105800 
0.346000 -1.057900 -0.895400 -0.533000 -1.381300 -5.000100 -2.812100 -2.505800 -5.339700 -4.545400 -7.078300 -2.259000 
0.348000 -2.652600 -1.640400 -0.577800 -2.955600 -0.868300 -1.178500 -2.607500 -3.556500 -9.701100 -3.292300 -7.752900 
0.350000 -3.124800 -0.636300 -0.608200 -1.866400 -1.312200 -1.141100 -4.464000 -6.737600 -2.740600 -3.172400 -3.140200 
0.352000 -1.983100 -0.570700 -0.662800 -0.575700 -1.341900 -1.835900 -4.441500 -4.107600 -1.668500 -9.307000 -6.873700 
0.354000 -1.054700 -0.623900 -2.502200 -2.069900 -3.679200 -1.311300 -4.719900 -2.615800 -7.329700 -6.322500 -5.123000 
0.356000 -1.053100 -1.849200 -1.399600 -4.259700 -3.096300 -1.842900 -3.711300 -2.304900 -1.485300 -3.176100 -13.339300 
0.358000 -1.307300 -0.488500 -0.492400 -3.740800 -2.591800 -1.693400 -4.402600 -1.370900 -6.464500 -5.086500 -0.455400 
0.360000 -1.555700 -1.074600 -0.460900 -1.331400 -3.456200 -1.640600 -2.347100 -2.145600 -3.078800 -6.100700 -2.342400 
0.362000 -2.643600 -1.708100 -1.136300 -0.807700 -0.795500 -4.307300 -3.733800 -0.624400 -2.206800 -18.814100 -6.594700 
0.364000 -1.633400 -0.803100 -0.838800 -1.640000 -0.902900 -1.454800 -1.660100 -0.403700 -2.853300 -4.231600 -2.288100 
0.366000 -0.556100 -1.172500 -0.863000 -1.913000 -1.623800 -0.977200 -0.899900 -2.064800 -1.936200 -4.368000 -2.623500 
0.368000 -0.922000 -2.202700 -1.877200 -1.744200 -2.435900 -1.436300 -1.302500 -2.884000 -4.336700 -8.348900 -0.448700 
0.370000 -1.517200 -0.426200 -1.871300 -3.539100 -1.291600 -1.848000 -0.683000 -2.631300 -3.920600 -7.590300 -6.597900 
0.372000 -2.134200 -1.174000 -0.832500 -3.732200 -0.170500 -0.855700 -1.940900 -0.324300 -2.046900 -3.498500 -4.048800 
0.374000 -0.212900 -0.585300 -1.513300 -0.936400 -1.405600 -2.018200 -1.606100 -2.574200 -1.417200 -3.138200 -4.618900 
0.376000 -1.169000 -3.133300 -1.108300 -1.400900 -1.292500 -0.513900 -2.043700 -3.636800 -4.025600 -6.242300 -7.577900 
0.378000 -0.623500 -1.173900 -1.067800 -1.864200 -1.572400 -0.731400 -0.656500 -2.658100 -4.708100 -4.182000 -7.193700 
0.380000 -0.630900 -0.628200 -0.512400 -2.956200 -2.271400 -1.848400 -2.218600 -1.100800 -4.711600 -4.191600 -4.115100 
0.382000 -0.722600 -0.898900 -2.316700 -0.785100 -0.821200 -3.314100 -1.528200 -1.390100 -0.668400 -7.808300 -8.110300 
0.384000 -0.973800 -0.759300 -1.709200 -2.986800 -1.156500 -1.163900 -0.712500 -2.968700 -2.978600 -8.271500 -10.051700 
0.386000 -0.788900 -1.224100 -0.528300 -1.255700 -0.981600 -1.395000 -5.953500 -1.523300 -2.420500 -3.486500 -4.746300 
0.388000 -0.484100 -1.064200 -0.550100 -1.508800 -0.719300 -3.333200 -1.333200 -5.159100 -1.778000 -1.605200 -8.700700 
0.390000 -1.135300 -2.343500 -1.401400 -2.832100 -1.139300 -2.275900 -0.633600 -1.490400 -2.744300 -8.987500 -13.077500 
0.392000 -0.600400 -1.902000 -0.842900 -1.681400 -0.914200 -1.268200 -1.173300 -4.951400 -0.427600 -5.643800 -2.730300 
0.394000 -0.649200 -2.617000 -1.022800 -1.928400 -2.376400 -1.111600 -5.217600 -1.010300 -2.760200 -4.220900 -4.847400 
0.396000 -1.424400 -2.932900 -1.040100 -2.170000 -1.030500 -1.625600 -0.840800 -2.457300 -5.519300 -1.479400 -9.608000 
0.398000 -0.285700 -1.177900 -2.084100 -2.214800 -0.881200 -3.229700 -2.150000 -2.932600 -3.353000 -3.251700 -5.870000 
0.400000 -2.135200 -1.517000 -0.255200 -3.829300 -0.871500 -1.131000 -2.902000 -1.798800 -3.525600 -5.117600 -13.399500 
0.402000 -1.898700 -1.479900 -0.652900 -1.819700 -1.831400 -4.766800 -2.811600 -3.477700 -2.208400 -4.142800 -0.315500 
0.404000 -1.333900 -1.192000 -0.874100 -1.687000 -0.715500 -1.796700 -2.146100 -3.219000 -4.725300 -3.388400 -13.462100 
0.406000 -0.494700 -1.704200 -1.953800 -1.528100 -3.983700 -2.737000 -3.920800 -0.940900 -2.128700 -6.963100 -33.325600 
0.408000 -3.183500 -1.840900 -0.797300 -3.703800 -2.923800 -0.612300 -1.393700 -1.071100 -9.612300 -6.284100 -6.842300 
0.410000 -0.495800 -0.638800 -1.728300 -2.870700 -2.316900 -0.442500 -0.720000 -2.026500 -3.517600 -9.942300 -6.541900 
0.412000 -2.489400 -1.229400 -2.397400 -1.809000 -0.770200 -0.859900 -1.303800 -3.031600 -9.052500 -14.516000 -2.716200 
0.414000 -4.001700 -1.121300 -0.895100 -0.636100 -1.483500 -0.210900 -2.660100 -4.765500 -1.463400 -3.617900 -1.859600 
0.416000 -3.529000 -1.101500 -0.531300 -1.256100 -1.842400 -0.683900 -0.572900 -1.289600 -5.555900 -5.846800 -5.470000 
0.418000 -0.348200 -2.662300 -0.737500 -1.371100 -0.860200 -1.334400 -1.958500 -0.747300 -6.018100 -4.391200 -9.250200 
0.420000 -1.211600 -1.116100 -1.553100 -1.150400 -0.833700 -0.521500 -1.933300 -0.533500 -0.516800 -5.816500 -8.416100 
0.422000 -1.254400 -0.703400 -2.158100 -1.173300 -1.523600 -1.500600 -1.442800 -1.091400 -2.977500 -4.797600 -2.905500 
0.424000 -0.291200 -0.425600 -1.645000 -0.570100 -0.952000 -1.451100 -3.164300 -0.788300 -2.979200 -3.220200 -1.203800 
0.426000 -1.470400 -0.952400 -1.210900 -1.443000 -2.375000 -1.315000 -2.328200 -3.883800 -8.315600 -4.762600 -1.218200 
0.428000 -3.013500 -2.639300 -0.504400 -0.148000 -1.932500 -0.801600 -2.954200 -0.777300 -1.848400 -7.138200 -2.358000 
0.430000 -1.173300 -0.944600 -0.640300 -2.681500 -2.243500 -1.853200 -1.895400 -0.779800 -3.962500 -4.905600 -4.770300 
0.432000 -1.328700 -1.569100 -2.627900 -0.979200 -1.567200 -1.419600 -2.713200 -0.391300 -9.398400 -5.624700 -2.333200 
0.434000 -2.009500 -1.451300 -5.505600 -0.296100 -1.371800 -1.901300 -2.852300 -1.608500 -1.402500 -6.456300 -2.202900 
0.436000 -0.438600 -1.934100 -1.368800 -0.580300 -0.548800 -1.496700 -1.419900 -6.064500 -4.730000 -4.219500 -0.214300 
0.438000 -1.506700 -1.476300 -1.063900 -0.685400 -0.910300 -2.549200 -0.843700 -1.688100 -4.761800 -4.426500 -3.194500 
0.440000 -1.318300 -1.360200 -1.340500 -1.947400 -0.490900 -4.067400 -1.202900 -3.155300 -4.437100 -15.771900 -5.650300 
0.442000 -4.222100 -0.749200 -1.602600 -0.867800 -1.825200 -1.099800 -3.605900 -1.644300 -3.375500 -5.952300 -6.497500 
0.444000 -1.897600 -0.853700 -1.745300 -0.795800 -3.936700 -0.156400 -0.913400 -2.178100 -2.612800 -9.185800 -3.896600 
0.446000 -1.008500 -0.673300 -2.915600 -1.156400 -1.724900 -0.368900 -1.124500 -9.910700 -4.832600 -4.813200 -9.630700 
0.448000 -0.757300 -0.916800 -1.310100 -4.222600 -1.331600 -3.012400 -1.969300 -2.480600 -2.335400 -6.144700 -2.627800 
0.450000 -0.858900 -2.178800 -1.104600 -0.440000 -2.616500 -0.759500 -0.689600 -4.993000 -1.860300 -8.621300 -4.781800 
0.452000 -0.903100 -0.266200 -1.988500 -1.041600 -1.174700 -2.121500 -1.287600 -2.068300 -2.485600 -8.007800 -1.575900 
0.454000 -1.046000 -1.923500 -1.131500 -0.115100 -1.157000 -1.668300 -1.903200 -1.344700 -4.154000 -5.725900 -4.803600 
0.456000 -1.502600 -0.545000 -2.077600 -2.373300 -1.812400 -0.924900 -1.065500 -3.460400 -0.921900 -11.960200 -5.626700 
0.458000 -0.479600 -0.664800 -0.864900 -1.265500 -0.239200 -1.538900 -1.548200 -1.796400 -2.361100 -11.504600 -1.908800 
0.460000 -0.941600 -1.429400 -1.782000 -0.596900 -2.281600 -1.828800 -1.441000 -4.451500 -1.147200 -6.483800 -3.770700 
0.462000 -1.270000 -1.125700 -0.742400 -3.992200 -1.765400 -3.456000 -1.506600 -4.302500 -1.445100 -8.227200 -2.551500 
0.464000 -0.588900 -1.124800 -1.246900 -1.737600 -1.488500 -0.920000 -0.793900 -5.441800 -1.480100 -11.484000 -3.352600 
0.466000 -1.251800 -0.422800 -1.534800 -2.567800 -2.452700 -0.948400 -1.936600 -5.651300 -1.273900 -7.792400 -6.739500 
0.468000 -0.417200 -1.253000 -1.680400 -0.851500 -1.139200 -2.156600 -0.741400 -4.092900 -4.669000 -4.114900 -4.276900 
0.470000 -1.271100 -0.389100 -0.544000 -1.405500 -0.392900 -1.449300 -0.864600 -5.161700 -9.779400 -5.853900 -0.977200 
0.472000 -0.532500 -1.414100 -1.411300 -0.684100 -0.804800 -3.637200 -2.717700 -2.636300 -1.742500 -5.917700 -1.584300 
0.474000 -0.643900 -0.860200 -1.022600 -1.962200 -0.360600 -1.744000 -0.958200 -1.830500 -3.438700 -6.766100 -28.400300 
0.476000 -0.891800 -0.399100 -1.281900 -3.052300 -2.342600 -2.894500 -4.258700 -4.037100 -3.625200 -4.169500 -18.062200 
0.478000 -3.454400 -0.925500 -1.044800 -1.721600 -2.343300 -2.908800 -3.403100 -5.316500 -9.343400 -7.834400 -33.023400 
0.480000 -1.155900 -0.931800 -1.473100 -1.375800 -1.229900 -0.792500 -2.456800 -4.465900 -3.917200 -6.046300 -25.948200 
0.482000 -0.568400 -2.111400 -1.822700 -0.664200 -0.482000 -2.141000 -0.872100 -0.960000 -2.369500 -5.148800 -10.504700 
0.484000 -2.277200 -2.192800 -0.896700 -2.295700 -1.749600 -3.359900 -2.102100 -2.271800 -4.606700 -8.545000 -22.256600 
0.486000 -0.545100 -0.398700 -0.755700 -3.405200 -1.403200 -1.980400 -3.055800 -3.807400 -4.530500 -7.250600 -4.734600 
0.488000 -0.886700 -0.588000 -4.591900 -2.207200 -0.281300 -2.490400 -0.997100 -2.439900 -2.339700 -12.715000 -1.422800 
0.490000 -1.622700 -0.820300 -1.983500 -0.758500 -0.743900 -0.446100 -1.059600 -1.239000 -4.809400 -5.884400 -1.325800 
0.492000 -0.804100 -0.537500 -0.543400 -1.710700 -1.945500 -0.583200 -1.693000 -2.249800 -4.968800 -6.493800 -2.566600 
0.494000 -1.590400 -1.182400 -0.863200 -4.479100 -1.101400 -2.054200 -2.068700 -2.862000 -4.352100 -4.233200 -2.415000 
0.496000 -1.455700 -1.327800 -1.990100 -0.577000 -1.641600 -2.787400 -1.903500 -2.577300 -0.857200 -9.130800 -9.676600 
0.498000 -2.079600 -0.761400 -0.834600 -1.749800 -2.320600 -1.829600 -2.677300 -2.521800 -2.560400 -7.978000 -17.325100 
0.500000 -1.033100 -1.749600 -0.632800 -1.117300 -3.613400 -1.040800 -2.635700 -0.975800 -3.133200 -5.137800 -0.618700 
0.502000 -0.723900 -0.464200 -0.782800 -2.544100 -1.631700 -2.078400 -3.018200 -0.851900 -4.092000 -11.126000 -9.137400 
0.504000 -1.564000 -0.633900 -2.386200 -0.996200 -2.937200 -4.647800 -1.610200 -0.637000 -1.781000 -4.565100 -7.110800 
0.506000 -0.628300 -0.332100 -1.363400 -1.331400 -1.161700 -2.059200 -1.592700 -2.682700 -5.649700 -6.573500 -12.243900 
0.508000 -1.319900 -0.874000 -1.422900 -1.315600 -2.197900 -3.690800 -1.237400 -1.424000 -3.738100 -10.669500 -19.592900 
0.510000 -0.529000 -1.410800 -1.472500 -2.573500 -4.125900 -1.439500 -1.304400 -1.616300 -1.521200 -8.693500 -8.535700 
0.512000 -1.241300 -0.414000 -0.284600 -1.795000 -1.079900 -1.414200 -1.491300 -0.485900 -1.882500 -4.397000 -13.361900 
0.514000 -0.571900 -2.863200 -1.187700 -3.068100 -2.300300 -4.782800 -2.912500 -0.777200 -0.408400 -2.839600 -13.503200 
0.516000 -1.300000 -0.883500 -3.992900 -4.219900 -0.612300 -1.408300 -1.845700 -3.101800 -2.291800 -6.210700 -13.479600 
0.518000 -2.260300 -0.999700 -1.392100 -1.548200 -1.507300 -4.233800 -0.638100 -5.651400 -9.125300 -10.297600 -10.057300 
0.520000 -1.166000 -1.727200 -1.518400 -0.216600 -0.937400 -5.813200 -1.094600 -0.947600 -4.199800 -5.384000 -13.733600 
0.522000 -0.218700 -0.415500 -1.010200 -1.369000 -3.471000 -6.916000 -7.742000 -3.163300 -6.070900 -3.042300 -8.665700 
0.524000 -2.266100 -0.832100 -0.972600 -1.173700 -2.030000 -3.801400 -1.841000 -3.362400 -4.104200 -5.557300 -2.596800 
0.526000 -0.982200 -0.673700 -2.376200 -1.373600 -0.676900 -6.041000 -3.385100 -2.774800 -8.418900 -4.846200 -1.852500 
0.528000 -0.254200 -1.346900 -1.517600 -2.546700 -3.229900 -3.378800 -0.815600 -1.755900 -3.211100 -3.782600 -12.774800 
0.530000 -0.621100 -0.622600 -0.455000 -0.837600 -2.893500 -2.725100 -1.547100 -1.083500 -2.558900 -4.813900 -2.471500 
0.532000 -0.833900 -0.465500 -1.240000 -1.361800 -1.126500 -2.878900 -1.531900 -2.351200 -1.473300 -7.714200 -5.285400 
0.534000 -0.834600 -1.011200 -1.602300 -3.431700 -1.213600 -2.831700 -3.067100 -1.262900 -1.880600 -4.753000 -17.794100 
0.536000 -1.275600 -4.405200 -1.944200 -3.656400 -1.319200 -1.759700 -1.376200 -3.461900 -7.301900 -5.920300 -15.985500 
0.538000 -0.549600 -0.673300 -0.245000 -1.881900 -1.557600 -3.084300 -2.446000 -1.220800 -7.681200 -7.006400 -14.776400 
0.540000 -0.411600 -1.712500 -1.716700 -1.577300 -2.467300 -2.241900 -2.703500 -2.223000 -4.893900 -3.878700 -3.985500 
0.542000 -1.780600 -2.947400 -0.528400 -1.750100 -3.539300 -0.778800 -1.390800 -1.255700 -7.717200 -11.190700 -2.913900 
0.544000 -0.301500 -2.182300 -2.080500 -1.545300 -1.697800 -3.598700 -1.934300 -0.845100 -6.023300 -3.917200 -15.380200 
0.546000 -1.908000 -1.019600 -1.425900 -2.491100 -1.890900 -1.530200 -4.758300 -4.329000 -2.519300 -6.771700 -14.129100 
0.548000 -1.560300 -1.803400 -3.173700 -1.949600 -1.473300 -2.292600 -2.690200 -3.661600 -5.921700 -6.988800 -3.477300 
0.550000 -1.099200 -0.562600 -1.450000 -1.128600 -0.491300 -2.227500 -0.586600 -1.571500 -0.875900 -3.344000 -9.181700 
0.552000 -0.360400 -1.017100 -0.970700 -2.201800 -1.921200 -1.829100 -1.677800 -1.468300 -4.289500 -12.661700 -2.797900 
0.554000 -1.118900 -0.732500 -1.045800 -1.123500 -1.943800 -1.576100 -2.671700 -0.570500 -0.809200 -9.423800 -3.300800 
0.556000 -0.582700 -1.281400 -0.155000 -0.876400 -0.787900 -3.182400 -2.720500 -0.689200 -5.632700 -1.912100 -17.885500 
0.558000 -0.185500 -1.586900 -0.661900 -2.080200 -0.658300 -4.130000 -1.757800 -3.117700 -2.952500 -5.382000 -20.133400 
0.560000 -2.193800 -0.566300 -2.478300 -0.285400 -3.953600 -2.598500 -4.795600 -1.673500 -2.830900 -4.424000 -15.384000 
0.562000 -0.802800 -0.847100 -1.191800 -0.716500 -1.874200 -2.708100 -3.053400 -8.072500 -3.289100 -5.443600 -6.006300 
0.564000 -2.430200 -1.226900 -1.393700 -2.508900 -1.593800 -3.397300 -2.193500 -2.160400 -1.209200 -9.521000 -5.699100 
0.566000 -1.190400 -0.545800 -2.254100 -1.415100 -1.312600 -3.601100 -0.611500 -1.151200 -4.227800 -6.499300 -9.970700 
0.568000 -2.079000 -1.791000 -1.549800 -0.958200 -0.830800 -4.671700 -3.100200 -2.306300 -1.591400 -9.810700 -21.636700 
0.570000 -1.106500 -2.067700 -2.525400 -1.024900 -1.501800 -1.846700 -1.573900 -3.534000 -1.633800 -12.813100 -8.767100 
0.572000 -0.925800 -1.353200 -1.113700 -0.586800 -3.707200 -1.047000 -1.143100 -1.263300 -1.993200 -20.600000 -0.927800 
0.574000 -0.810600 -1.395600 -2.499600 -3.689000 -2.559200 -4.192200 -3.174800 -1.251200 -0.778100 -12.104400 -13.345600 
0.576000 -1.100700 -1.205500 -3.045200 -5.012600 -2.847000 -2.732100 -2.236900 -1.905100 -0.885300 -3.952500 -7.668100 
0.578000 -0.431600 -0.703700 -0.828500 -2.176200 -0.938300 -3.659000 -1.881900 -2.616400 -1.479900 -7.857800 -27.804000 
0.580000 -2.049500 -1.614500 -0.894100 -2.926500 -1.595600 -3.490900 -7.338700 -0.396000 -1.248000 -3.430500 -3.020000 
0.582000 -0.892400 -0.386600 -0.555700 -1.669900 -1.781000 -2.323500 -3.119600 -4.346800 -1.123700 -2.567900 -7.997000 
0.584000 -1.068200 -0.350600 -0.539400 -1.279900 -1.677600 -2.506100 -3.950600 -1.512800 -3.374000 -7.902900 -0.906900 
0.586000 -1.637700 -0.491300 -1.294900 -0.892400 -4.320700 -2.129400 -9.503000 -7.379300 -1.362600 -4.103700 -12.925400 
0.588000 -2.051700 -0.525400 -0.992800 -1.686500 -1.718300 -4.603500 -1.681700 -1.050400 -2.231700 -4.178400 -9.390100 
0.590000 -1.675800 -1.309400 -2.076000 -1.122200 -1.765100 -1.840900 -1.423700 -3.767800 -0.523400 -3.822800 -2.803500 
0.592000 -1.656200 -1.087900 -1.625500 -0.947800 -1.181000 -2.892600 -1.782100 -2.259300 -1.358500 -7.709300 -3.303700 
0.594000 -1.628600 -0.744900 -0.604400 -2.917900 -3.713400 -1.846800 -1.873300 -0.964200 -6.524700 -3.504500 -3.137200 
0.596000 -1.456300 -1.360800 -0.697600 -1.776300 -0.447400 -1.029800 -3.095500 -1.214600 -2.598600 -3.477000 -9.691600 
0.598000 -2.042500 -0.332900 -1.098300 -1.070300 -0.711300 -1.785800 -7.175100 -1.634600 -7.889600 -5.773200 -9.262300 
0.600000 -1.765300 -0.698600 -1.536200 -3.644200 -1.109800 -2.510400 -2.414600 -3.946500 -4.382900 -1.839400 -1.998600 
0.602000 -0.622200 -0.809700 -1.755100 -1.844800 -1.545400 -3.181000 -5.634500 -1.972700 -3.510800 -7.856800 -3.579700 
0.604000 -1.195000 -0.765600 -1.687600 -0.441500 -0.857900 -4.247700 -2.026600 -0.676500 -0.515200 -12.812600 -5.210000 
0.606000 -2.054700 -2.073000 -0.820000 -0.641000 -2.579900 -2.438200 -6.577900 -4.605200 -4.427000 -21.232200 -1.770600 
0.608000 -2.028000 -1.078100 -0.230300 -0.514200 -0.886800 -3.014400 -3.830200 -5.000400 -3.989900 -4.383500 -3.646700 
0.610000 -3.439000 -1.595800 -3.556500 -1.139700 -2.465200 -2.071000 -1.683300 -4.696600 -2.873800 -3.692900 -1.206600 
0.612000 -2.385600 -1.551600 -1.135200 -2.728300 -0.964800 -1.686900 -4.477700 -3.583400 -2.040900 -4.648400 -21.429500 
0.614000 -1.715600 -0.908300 -1.066500 -1.930500 -1.446700 -2.164100 -3.379800 -2.427000 -3.560000 -3.559300 -24.985700 
0.616000 -2.827600 -0.804500 -1.573800 -1.119000 -0.770900 -2.257400 -3.108200 -1.927400 -3.487000 -4.817500 -5.095600 
0.618000 -1.630700 -1.133600 -0.908300 -0.765500 -1.916200 -1.382900 -2.379100 -2.744900 -4.651000 -4.823200 -9.586400 
0.620000 -2.968200 -0.519300 -2.612800 -1.346300 -2.292700 -3.654300 -1.660500 -0.973000 -3.214400 -4.639600 -12.800600 
0.622000 -1.720400 -1.410900 -0.381400 -3.840300 -0.485400 -3.637900 -0.940200 -3.077800 -1.771300 -4.741500 -8.220000 
0.624000 -3.573300 -1.164300 -1.031200 -0.935800 -2.031800 -2.524300 -6.037600 -0.951600 -1.382500 -5.709700 -9.444800 
0.626000 -1.206600 -2.575400 -0.935300 -2.094800 -1.531500 -1.457600 -2.137300 -2.239600 -3.257500 -11.691100 -4.466000 
0.628000 -1.615300 -2.292400 -1.060100 -1.993000 -1.420100 -3.066000 -2.786000 -2.051500 -2.134400 -9.356600 -4.893800 
0.630000 -1.774600 -2.695600 -2.204900 -3.347900 -2.583500 -1.568000 -1.629300 -1.766900 -5.278600 -4.933500 -4.076100 
0.632000 -3.681800 -0.405200 -2.046400 -1.133500 -2.340100 -0.635100 -1.059500 -3.634500 -2.727100 -5.235000 -1.244300 
0.634000 -1.073000 -2.114500 -1.175000 -3.332800 -2.043400 -1.269200 -0.607300 -6.224100 -1.701000 -6.876300 -3.667400 
0.636000 -0.915600 -0.967600 -1.039300 -1.058300 -4.418600 -1.400100 -2.950900 -2.787800 -2.412600 -5.164400 -10.291800 
0.638000 -1.305200 -1.668400 -1.123000 -0.744900 -1.718900 -1.021200 -0.539700 -3.244700 -0.907500 -5.375300 -19.987900 
0.640000 -1.929800 -1.966400 -1.668000 -0.556300 -3.238600 -3.436900 -3.258900 -3.482900 -1.861300 -3.047800 -12.177400 
0.642000 -1.575200 -0.866000 -0.606200 -0.612600 -0.691900 -2.839100 -3.507000 -1.092000 -2.474800 -4.843000 -32.472100 
0.644000 -0.681100 -0.657300 -0.416900 -1.672300 -4.256400 -2.123000 -1.863600 -1.840400 -0.976600 -7.797700 -29.380400 
0.646000 -0.441300 -1.464900 -1.080700 -1.115500 -1.535900 -0.904200 -3.162500 -1.990700 -1.987900 -4.922400 -29.858500 
0.648000 -1.131900 -0.494700 -2.959300 -1.423200 -0.909700 -2.047500 -0.911200 -1.668500 -1.375700 -15.033300 -20.955300 
0.650000 -0.681400 -1.056500 -2.119600 -2.146200 -1.178800 -1.401500 -2.674200 -1.794500 -9.843700 -11.309500 -38.808200 
0.652000 -0.730100 -0.642600 -1.901100 -1.170700 -1.111400 -3.853200 -2.005500 -1.723600 -0.829700 -7.276500 -19.665900 
0.654000 -0.505200 -1.344300 -0.948400 -1.165900 -2.425500 -1.551700 -2.376800 -1.644500 -7.068900 -9.109700 -4.495900 
0.656000 -1.748900 -2.030600 -0.877900 -2.017400 -3.712300 -2.478700 -4.011600 -1.874200 -3.186600 -4.805700 -2.250800 
0.658000 -1.947600 -0.561700 -1.816700 -4.569200 -1.020800 -5.231500 -1.899100 -3.243600 -3.870500 -6.079900 -16.163400 
0.660000 -1.301100 -0.909300 -1.183300 -1.436100 -1.318000 -3.329200 -3.743600 -3.668000 -7.888900 -3.541800 -27.007500 
0.662000 -1.693700 -1.111700 -1.397900 -1.143500 -1.736100 -2.058300 -1.977000 -2.166400 -2.087900 -6.221400 -23.685200 
0.664000 -0.438100 -0.592000 -1.899900 -3.565900 -2.558400 -4.872000 -1.666100 -0.928800 -9.023100 -5.485400 -11.020300 
0.666000 -0.423900 -0.962100 -1.366700 -0.958500 -3.366900 -1.625900 -2.013700 -6.950900 -12.413300 -4.643200 -17.803500 
0.668000 -0.641100 -0.419200 -1.320800 -0.380100 -2.348600 -3.057100 -0.458400 -1.793300 -2.574900 -7.730400 -20.941000 
0.670000 -1.567600 -0.072300 -2.087700 -2.227500 -0.784500 -4.785800 -0.891800 -3.246100 -6.051400 -9.496400 -58.605100 
0.672000 -1.127400 -0.335100 -2.444300 -1.501700 -2.021300 -3.078600 -0.611800 -0.882100 -1.624900 -10.952700 -14.303100 
0.674000 -0.249600 -1.914700 -3.401700 -1.603200 -1.674600 -1.316100 -2.727800 -2.222500 -2.259400 -13.339900 -9.615400 
0.676000 -1.743700 -0.566400 -1.226300 -1.716700 -0.762500 -1.885200 -0.771700 -2.298600 -2.296300 -5.383500 -6.823700 
0.678000 -1.321100 -0.581400 -1.554000 -0.888300 -2.377100 -3.974600 -1.802100 -1.386400 -0.708200 -2.082500 -3.572700 
0.680000 -0.912100 -0.292000 -1.500800 -0.724700 -2.787500 -1.598600 -1.627600 -1.319100 -6.469800 -4.319800 -9.627500 
0.682000 -0.673600 -0.398100 -0.843900 -0.923700 -1.192800 -0.887900 -2.967100 -2.016200 -0.541400 -3.808400 -30.339300 
0.684000 -0.724100 -1.279500 -1.729200 -2.119900 -0.779200 -2.811100 -1.529600 -2.195300 -1.490400 -3.805400 -25.012000 
0.686000 -0.718200 -1.743000 -1.365200 -1.230000 -0.970900 -6.204200 -1.450300 -0.561300 -5.391500 -9.509500 -15.199500 
0.688000 -1.270800 -1.774400 -1.933400 -2.035900 -2.028200 -4.683100 -2.443400 -8.821200 -2.537000 -2.717700 -2.783300 
0.690000 -0.373400 -0.477000 -1.116900 -1.000700 -0.640400 -2.828200 -1.403700 -3.392400 -2.769100 -4.764100 -43.956800 
0.692000 -1.282500 -0.341700 -1.195100 -3.332900 -0.984100 -1.663200 -1.999000 -0.203700 -2.551200 -5.345700 -10.482600 
0.694000 -1.056900 -1.050900 -1.646900 -2.488700 -1.597000 -1.511700 -3.917100 -1.994200 -4.791000 -3.579900 -17.882100 
0.696000 -2.328100 -0.794700 -2.411900 -2.012500 -1.151400 -1.773400 -4.257400 -1.348000 -6.412100 -9.246200 -11.347800 
0.698000 -1.433700 -1.306800 -1.222500 -4.463500 -1.616900 -0.816900 -1.240900 -1.639700 -12.071000 -5.609400 -19.400000 
0.700000 -2.426500 -1.499300 -0.734400 -1.326200 -2.842100 -1.225600 -2.521600 -3.206300 -1.144700 -5.416400 -11.491200 
0.702000 -1.286200 -1.299600 -2.557500 -4.216700 -1.157200 -0.640400 -4.715100 -0.892300 -4.939200 -4.069300 -5.659800 
0.704000 -1.059000 -1.812000 -1.368600 -2.402000 -1.556000 -2.685900 -1.633800 -1.430200 -6.430300 -7.240600 -6.980900 
0.706000 -1.850600 -2.505800 -3.036300 -2.388700 -2.247000 -2.652300 -3.849500 -1.575100 -2.143000 -8.733300 -12.119300 
0.708000 -1.532800 -0.711300 -1.806900 -3.027000 -2.490700 -1.654100 -3.100800 -3.213000 -5.738200 -7.066800 -22.373900 
0.710000 -1.292500 -2.518700 -1.679500 -1.275300 -1.870000 -1.137900 -2.784600 -1.661500 -3.248800 -4.590600 -25.040500 
0.712000 -2.202500 -0.806800 -0.917500 -3.577000 -0.627200 -3.124000 -0.721900 -5.425400 -7.348500 -9.604400 -16.375900 
0.714000 -0.881300 -1.920300 -1.460200 -1.702000 -2.607700 -2.852000 -3.778200 -1.411700 -4.646700 -10.502400 -24.534600 
0.716000 -1.910300 -1.633900 -2.540000 -1.978600 -1.279900 -3.207700 -2.652600 -1.205800 -9.076100 -7.128200 -12.790600 
0.718000 -0.464000 -2.516900 -1.617300 -3.558700 -3.351800 -7.339700 -1.189800 -3.541400 -4.639900 -9.782900 -18.635600 
0.720000 -1.241600 -1.956100 -0.991100 -1.526700 -2.050100 -3.795100 -1.011400 -1.565600 -11.023300 -7.584700 -6.319400 
0.722000 -1.348200 -4.009600 -2.391000 -1.283700 -1.534700 -0.992900 -2.149900 -1.126500 -2.077300 -3.878900 -2.905900 
0.724000 -0.231800 -0.410600 -0.988300 -1.964600 -1.354800 -2.759700 -3.109500 -1.471500 -0.954400 -6.237800 -15.085500 
0.726000 -1.265700 -1.003700 -0.612300 -1.935600 -0.700200 -0.795300 -1.603300 -2.826400 -1.063300 -4.717400 -5.196100 
0.728000 -1.389200 -0.634600 -1.313600 -1.069300 -1.814400 -1.948500 -0.685700 -3.480700 -0.907600 -6.445800 -39.221300 
0.730000 -1.320000 -0.526100 -0.903400 -0.977700 -2.911500 -3.992900 -1.582900 -3.534600 -1.825000 -2.181100 -13.388300 
0.732000 -1.366600 -0.483800 -0.445000 -2.693800 -2.245400 -3.783400 -1.726200 -1.530600 -5.785200 -4.558700 -12.543000 
0.734000 -0.895400 -1.123600 -1.239600 -2.951600 -1.160300 -5.787600 -0.875400 -4.216700 -1.869200 -11.259700 -22.379200 
0.736000 -0.792800 -0.703400 -1.111800 -2.402100 -0.867300 -0.373400 -1.682400 -5.496600 -6.015200 -5.777400 -20.877400 
0.738000 -0.757400 -0.913000 -0.345400 -2.407300 -1.806300 -3.283800 -1.199000 -1.929100 -1.345500 -3.717600 -9.574500 
0.740000 -0.483000 -1.240700 -0.531100 -3.132100 -1.872600 -2.612400 -2.133100 -7.370400 -4.005000 -15.273300 -11.898900 
0.742000 -0.616400 -1.197400 -0.783300 -4.404900 -4.281900 -3.321600 -1.130100 -3.106400 -1.285100 -14.747000 -19.625600 
0.744000 -0.807700 -1.879300 -0.730900 -1.986500 -2.035600 -2.152200 -3.335200 -3.961200 -4.996700 -7.731400 -10.714400 
0.746000 -0.551100 -2.750000 -0.570300 -3.595500 -3.278200 -3.916800 -4.110300 -4.111900 -4.066200 -2.662400 -27.486000 
0.748000 -0.926600 -0.258300 -1.129500 -4.846300 -3.851800 -2.594100 -5.337200 -5.236500 -2.162700 -4.545600 -20.730100 
0.750000 -0.693300 -1.169400 -0.724400 -0.549700 -1.704000 -3.749800 -4.617000 -2.629200 -3.758300 -17.327000 -16.653200 
0.752000 -2.175300 -0.740400 -2.413400 -2.892000 -3.462300 -2.234300 -2.760900 -0.952400 -0.519200 -4.497700 -8.945600 
0.754000 -1.262200 -1.398900 -0.974200 -1.503700 -2.709000 -5.353500 -1.384200 -3.898400 -2.211400 -4.562900 -17.514700 
0.756000 -0.353800 -0.740400 -0.986500 -3.074500 -2.185400 -4.842500 -2.922300 -2.852000 -6.004400 -6.691700 -13.717600 
0.758000 -1.226000 -1.847200 -0.486200 -1.898500 -1.635200 -3.105200 -2.021500 -3.797600 -2.358800 -12.122900 -15.105100 
0.760000 -1.108300 -1.244900 -0.281200 -0.687500 -1.237000 -5.073900 -1.630100 -4.503800 -0.953000 -5.909100 -24.679500 
0.762000 -0.448800 -0.257100 -0.734300 -4.458700 -0.901600 -0.998800 -1.670100 -1.930800 -3.803400 -6.795200 -7.434100 
0.764000 -1.214600 -0.638700 -1.337800 -2.028100 -3.343700 -1.919900 -2.376400 -2.901700 -3.538400 -2.758800 -10.025900 
0.766000 -2.483000 -0.698400 -0.735900 -2.568600 -3.280000 -2.888400 -1.328300 -5.293100 -0.765600 -2.489500 -13.191000 
0.768000 -2.044000 -0.617400 -1.647100 -3.156500 -1.155300 -3.144100 -0.496500 -2.128500 -2.640700 -7.709400 -9.475500 
0.770000 -0.302100 -0.873200 -2.494600 -0.941200 -5.583200 -7.676700 -0.812100 -6.356900 -1.040800 -5.952300 -4.817400 
0.772000 -1.015900 -2.803900 -1.085700 -2.473500 -0.955800 -6.510300 -2.628200 -4.614300 -1.934100 -7.004500 -10.196900 
0.774000 -0.318300 -2.408400 -0.900500 -3.234500 -1.350800 -1.325700 -1.565300 -5.027600 -3.584400 -2.715300 -3.253800 
0.776000 -0.475000 -0.830000 -0.547400 -1.956200 -0.958600 -1.943300 -1.066200 -1.845300 -4.211900 -10.668700 -0.969700 
0.778000 -0.264100 -1.261500 -0.744000 -5.285000 -2.919400 -3.647200 -0.543900 -2.181800 -7.135000 -4.728400 -1.988200 
0.780000 -0.537900 -0.737000 -1.523400 -2.137700 -1.225000 -1.919800 -0.836000 -3.534500 -3.981900 -2.422400 -2.405600 
0.782000 -1.076300 -0.523600 -2.201600 -2.136300 -3.465100 -2.833000 -2.274600 -3.482300 -2.432700 -8.151200 -1.693400 
0.784000 -0.614600 -0.997600 -2.420800 -2.763100 -1.080100 -3.199300 -0.617400 -3.504100 -4.091200 -9.817400 -1.388800 
0.786000 -0.243500 -1.172500 -0.526100 -2.706500 -1.720900 -3.332700 -1.913300 -1.650200 -5.733600 -6.590400 -4.785500 
0.788000 -0.760500 -1.761800 -0.680800 -3.509400 -1.419000 -0.788200 -1.895200 -1.196000 -1.905800 -4.578800 -5.368600 
0.790000 -0.628700 -1.959700 -0.437600 -3.356800 -1.972700 -1.972300 -1.903500 -2.819800 -1.593800 -5.709600 -3.200900 
0.792000 -0.583600 -1.017600 -1.381200 -4.840600 -1.611400 -1.285300 -2.033800 -1.185800 -4.223600 -7.039200 -2.759300 
0.794000 -0.490300 -1.392500 -0.172500 -3.896600 -0.765400 -0.944200 -2.286200 -1.179000 -3.510100 -6.408900 -5.933000 
0.796000 -0.741800 -1.420500 -3.375300 -2.234700 -1.912100 -3.534000 -2.310600 -3.359100 -3.533600 -9.958000 -0.748600 
0.798000 -0.376200 -1.222300 -3.554600 -0.341700 -1.010100 -2.518900 -0.421300 -7.728400 -5.225400 -8.882100 -3.601500 
0.800000 -1.876700 -2.124100 -1.485800 -0.431700 -4.795800 -1.082200 -2.635600 -1.147300 -6.357500 -13.037200 -3.623200 
0.802000 -1.325800 -2.406600 -0.680800 -1.094100 -0.435900 -3.339000 -0.871400 -1.908900 -5.782800 -10.063400 -0.867800 
0.804000 -0.264600 -1.148500 -1.110400 -0.331500 -2.397900 -4.749000 -2.635500 -5.177400 -2.212300 -5.120600 -3.961700 
0.806000 -1.241300 -1.201600 -1.566800 -4.367100 -1.263600 -4.502500 -2.073200 -0.606600 -1.449400 -5.813900 -2.446000 
0.808000 -0.380600 -2.000200 -0.506900 -3.309900 -0.897300 -1.476500 -2.814600 -1.427100 -2.132700 -6.969900 -17.958600 
0.810000 -2.516500 -1.579800 -1.666700 -3.403900 -2.769000 -1.592100 -0.772200 -2.869300 -2.860800 -4.652000 -1.817600 
0.812000 -1.123800 -0.695500 -0.713200 -3.214900 -1.723700 -3.112800 -1.621900 -1.745000 -9.355100 -7.184700 -1.304300 
0.814000 -0.951300 -0.914600 -1.094000 -3.493100 -1.280200 -6.486700 -3.451700 -0.748600 -1.492900 -8.647400 -1.554400 
0.816000 -1.356300 -2.812100 -1.317400 -0.480700 -1.699100 -3.175900 -1.376500 -1.840000 -2.302300 -14.125100 -5.546900 
0.818000 -1.440700 -1.067100 -1.080500 -0.428600 -1.929900 -4.674800 -1.064000 -4.766500 -2.099800 -15.357400 -3.508000 
0.820000 -0.573700 -1.817300 -1.091600 -1.916900 -0.847000 -3.722700 -2.280400 -3.329500 -2.207200 -5.463000 -6.599800 
0.822000 -0.278200 -0.463600 -1.476700 -2.046500 -1.460700 -2.079200 -0.848000 -6.798200 -6.372500 -5.860200 -9.118100 
0.824000 -0.374000 -1.503200 -2.067300 -2.059500 -1.572400 -3.727600 -1.471100 -1.016700 -7.138800 -12.169200 -32.784000 
0.826000 -1.012800 -0.349200 -1.212400 -2.981700 -1.599700 -2.312000 -0.434400 -1.265800 -2.779600 -4.302900 -2.668800 
0.828000 -0.498100 -2.066300 -0.775700 -1.202800 -1.014900 -4.179500 -0.553100 -0.555900 -3.052100 -6.929400 -4.646400 
0.830000 -1.096600 -1.054500 -0.817300 -2.458900 -2.172400 -1.748900 -1.804200 -3.180500 -3.405000 -11.456100 -2.351300 
0.832000 -2.477800 -2.118100 -1.041000 -1.122900 -1.421900 -3.418500 -1.933800 -0.662700 -1.763300 -1.085000 -3.167500 
0.834000 -0.246600 -1.991800 -0.988300 -1.800700 -0.794000 -3.473500 -2.792000 -2.470900 -2.821000 -11.271100 -3.970700 
0.836000 -0.585700 -0.995600 -0.684700 -1.391000 -0.854400 -1.964000 -0.682500 -1.493600 -1.618100 -9.282700 -6.431200 
0.838000 -1.010700 -1.808700 -0.452600 -1.089200 -2.284200 -1.600100 -1.556900 -4.481200 -3.568000 -4.865500 -11.533200 
0.840000 -0.704600 -2.283800 -0.383800 -1.405800 -2.612100 -2.523000 -5.362900 -16.300100 -2.700400 -8.938600 -6.948800 
0.842000 -0.265400 -1.246000 -1.510400 -0.786100 -1.626900 -1.933200 -0.510400 -1.002400 -1.914200 -7.689800 -3.428400 
0.844000 -2.292400 -1.337100 -0.797600 -1.896800 -0.558300 -1.796200 -0.766400 -2.744000 -2.076400 -3.645900 -13.495700 
0.846000 -0.307400 -0.534500 -1.881200 -0.403400 -0.651900 -2.346800 -0.247000 -1.109000 -5.551400 -8.390400 -2.501300 
0.848000 -1.970500 -0.688100 -0.499600 -0.742100 -0.372900 -6.579800 -0.313900 -2.126400 -6.824800 -2.533600 -11.104400 
0.850000 -1.189900 -0.109500 -1.493900 -1.372300 -1.056600 -1.526900 -1.370000 -1.474700 -2.118200 -6.378100 -8.501900 
0.852000 -2.922400 -0.391400 -1.467800 -1.316900 -0.347700 -1.259900 -0.826300 -3.203100 -2.407600 -7.373400 -3.442400 
0.854000 -0.690000 -0.942400 -0.896600 -1.278700 -1.600300 -2.117800 -2.107700 -1.305900 -0.662500 -10.814700 -2.456300 
0.856000 -0.701800 -0.507100 -1.832600 -1.146500 -2.262600 -0.662600 -2.156200 -1.708500 -1.485100 -8.251300 -9.773100 
0.858000 -0.335200 -0.754600 -1.218500 -1.776900 -1.458300 -0.811400 -1.096400 -4.566600 -2.829100 -12.149200 -20.901100 
0.860000 -0.771100 -0.553400 -1.361900 -2.317200 -1.364900 -2.238100 -0.240700 -2.296000 -2.227700 -8.467000 -12.588700 
0.862000 -0.588000 -0.875500 -1.225300 -2.700700 -0.922400 -0.421000 -3.411200 -2.980800 -2.365600 -6.931700 -8.653900 
0.864000 -0.518800 -3.089200 -0.910400 -2.650100 -1.111800 -3.224000 -1.655000 -5.774500 -2.836500 -2.811400 -2.170500 
0.866000 -1.689200 -0.906400 -3.278100 -1.850800 -1.843600 -0.991800 -1.045200 -5.276700 -2.282800 -7.170400 -22.353400 
0.868000 -1.836500 -1.396900 -2.039700 -2.086400 -2.201800 -0.606900 -0.732600 -6.846500 -4.843800 -30.302500 -0.779800 
0.870000 -0.481000 -0.765400 -1.015600 -1.231100 -0.807900 -0.645400 -0.201600 -4.479300 -2.741300 -10.538900 -0.824600 
0.872000 -0.612000 -0.815100 -0.312500 -2.426600 -2.139600 -2.830800 -1.239600 -4.072900 -1.633300 -8.025800 -3.041300 
0.874000 -1.676900 -0.372000 -2.760300 -1.097500 -2.421400 -5.500700 -2.015700 -1.915900 -2.369700 -6.275600 -7.111400 
0.876000 -3.196600 -1.317000 -2.136400 -2.359900 -0.906500 -0.825500 -2.400800 -1.242300 -1.473100 -6.482500 -3.196100 
0.878000 -1.335500 -0.863500 -1.782200 -2.306900 -1.090900 -1.858800 -1.376300 -4.159100 -5.906300 -8.246200 -8.313300 
0.880000 -1.499500 -0.678800 -0.963700 -0.666200 -0.691900 -2.493900 -2.066800 -4.268000 -3.343900 -12.788500 -4.112900 
0.882000 -2.722600 -1.507700 -0.537200 -0.526000 -0.995400 -2.929900 -1.896600 -6.095700 -2.857800 -4.836800 -4.151700 
0.884000 -1.064400 -0.985400 -1.101800 -1.522000 -1.222600 -3.599500 -1.011700 -1.743300 -4.513900 -9.412100 -19.728300 
0.886000 -4.549400 -2.204600 -1.898300 -0.282600 -0.532200 -1.797400 -1.697500 -2.349200 -4.255600 -4.439200 -4.502600 
0.888000 -1.901100 -2.250300 -1.998400 -0.645000 -1.229000 -4.131100 -3.913700 -6.952600 -4.516200 -7.522000 -2.528600 
0.890000 -0.359500 -0.846400 -0.893500 -0.667200 -2.174300 -2.362800 -2.810200 -2.244000 -3.797600 -5.676400 -1.740100 
0.892000 -2.184400 -1.491800 -3.461900 -1.455100 -1.659300 -2.542500 -0.993100 -4.394100 -4.457500 -5.665300 -14.307100 
0.894000 -2.048300 -1.367600 -0.932400 -0.705800 -0.629300 -4.042000 -1.553400 -5.148800 -6.136300 -6.995500 -6.195700 
0.896000 -0.773000 -1.578600 -1.971000 -3.819400 -2.534400 -3.968200 -1.117600 -1.919900 -6.810400 -3.167300 -4.242000 
0.898000 -3.327900 -1.782000 -1.342300 -2.366400 -0.745100 -1.874000 -6.806400 -4.462200 -6.822100 -6.669400 -1.415100 
0.900000 -1.705600 -0.827100 -1.774900 -0.677200 -2.418100 -3.673900 -2.176300 -6.169300 -3.702200 -2.385500 -6.057900 
0.902000 -0.379800 -1.370600 -0.567300 -1.828000 -4.089800 -3.638100 -1.017200 -4.897700 -2.314000 -7.920400 -13.803400 
0.904000 -2.543000 -1.200100 -0.674800 -0.802300 -1.694100 -2.960200 -0.727500 -6.675700 -3.843800 -4.787600 -1.031200 
0.906000 -1.109800 -1.114100 -2.179000 -1.147800 -0.923400 -2.449400 -2.072600 -6.246300 -3.950100 -2.655000 -2.025100 
0.908000 -0.812200 -1.185200 -2.164100 -2.349400 -0.816300 -5.007600 -1.071800 -2.578700 -2.439000 -6.289900 -3.829300 
0.910000 -1.389000 -0.857400 -2.314600 -1.233600 -0.655100 -1.414800 -1.944500 -1.850100 -4.654800 -10.404600 -3.354200 
0.912000 -2.108700 -0.517600 -1.978800 -1.263000 -0.451400 -1.970500 -2.040800 -2.076700 -9.407400 -14.879000 -3.101500 
0.914000 -2.229700 -0.802500 -0.932200 -2.074000 -0.116800 -1.907900 -1.039700 -4.534000 -5.279100 -6.656600 -9.397200 
0.916000 -1.682500 -1.584100 -2.320800 -1.051100 -1.844100 -3.451700 -1.424300 -0.734200 -9.088200 -4.764500 -8.759700 
0.918000 -2.709300 -2.663900 -2.053400 -0.512000 -2.146100 -4.246600 -2.030400 -0.913800 -6.745500 -3.998600 -1.728500 
0.920000 -2.171300 -2.146900 -2.859700 -0.609600 -0.580000 -4.754100 -1.608200 -2.083100 -1.588900 -8.102800 -11.258400 
0.922000 -2.029800 -0.707400 -1.043200 -1.065000 -1.531600 -2.400000 -2.754600 -1.973600 -2.981900 -3.835600 -11.248700 
0.924000 -1.679500 -0.931900 -1.227100 -1.759000 -1.065900 -2.180900 -1.243400 -0.972300 -4.696300 -2.277800 -30.846500 
0.926000 -1.892300 -3.124200 -0.501100 -2.127900 -2.111400 -4.474000 -3.365100 -2.836600 -2.842100 -6.868700 -10.526200 
0.928000 -2.373400 -0.574500 -0.823700 -1.688200 -1.255200 -5.339400 -1.479200 -0.906500 -2.821200 -2.941000 -7.280400 
0.930000 -1.309800 -2.093400 -2.326900 -1.544000 -0.566800 -3.396300 -1.928300 -0.953200 -2.454200 -4.789400 -4.284600 
0.932000 -0.748700 -0.856000 -2.719200 -3.505300 -0.725900 -2.321800 -0.548500 -3.066800 -0.425700 -5.573100 -2.464800 
0.934000 -2.850800 -1.564400 -1.904800 -1.479300 -2.247400 -1.164100 -1.264700 -2.926500 -1.226100 -6.200200 -0.978200 
0.936000 -2.983800 -2.381600 -0.754500 -0.354600 -2.735900 -5.834900 -5.895000 -0.880300 -4.873700 -3.170000 -4.110100 
0.938000 -2.372100 -2.265900 -1.069900 -0.585400 -2.676100 -2.559200 -0.639100 -5.006600 -2.877700 -5.233800 -4.463100 
0.940000 -1.887600 -2.091100 -0.911100 -1.373500 -3.210200 -2.056600 -1.114400 -1.829900 -3.049100 -8.576400 -1.883400 
0.942000 -1.722700 -2.067500 -1.288100 -0.810800 -1.347600 -2.506800 -0.368000 -2.328600 -2.023200 -4.612400 -18.984500 
0.944000 -0.625600 -1.645200 -2.249700 -0.686200 -0.984900 -4.806700 -2.811000 -2.002800 -3.947000 -1.229800 -12.728700 
0.946000 -2.904200 -2.030400 -2.579700 -0.935500 -3.049400 -2.703400 -1.857400 -1.652000 -2.249000 -7.191500 -3.920300 
0.948000 -1.964700 -3.173400 -0.812200 -1.269200 -0.637300 -2.104400 -1.457800 -2.603100 -1.421700 -5.069100 -1.769200 
0.950000 -0.976200 -1.987600 -2.549400 -1.166600 -2.857500 -3.309200 -2.289800 -3.372200 -1.479500 -4.797400 -1.321900 
0.952000 -0.815300 -1.039600 -1.623600 -0.321900 -2.121100 -2.368000 -3.290500 -2.596100 -1.146300 -6.949000 -2.475300 
0.954000 -1.267000 -1.064100 -1.141900 -1.582000 -1.842500 -0.916100 -0.614100 -1.493600 -0.739500 -9.045900 -3.178900 
0.956000 -1.030500 -1.937300 -1.144600 -0.686500 -0.789300 -2.687300 -0.851000 -5.370700 -0.918700 -5.053900 -4.105200 
0.958000 -1.157800 -1.340900 -0.266300 -0.667300 -1.287100 -2.648700 -1.164000 -3.705800 -3.659600 -5.638800 -0.500300 
0.960000 -0.902300 -1.530100 -0.294600 -1.247000 -1.952800 -1.404700 -0.962900 -6.064300 -2.394800 -5.309400 -5.197000 
0.962000 -1.518200 -0.494500 -1.576900 -1.470600 -2.055000 -1.386100 -0.774900 -1.395400 -2.339800 -3.768900 -10.474300 
0.964000 -2.138100 -0.390600 -0.564900 -0.667700 -0.630200 -0.726200 -2.401000 -4.490900 -3.725200 -2.343600 -28.688600 
0.966000 -1.249100 -0.763900 -1.248400 -0.961900 -1.314900 -3.413500 -2.004800 -4.378800 -6.009000 -4.770500 -2.188400 
0.968000 -2.539500 -1.657600 -1.569000 -0.393500 -0.762200 -1.862700 -5.812500 -6.519200 -1.283500 -3.995400 -5.116000 
0.970000 -1.841200 -1.106200 -1.151400 -1.540000 -0.765300 -1.452600 -2.298400 -2.344300 -2.914500 -7.860800 -2.824700 
0.972000 -2.304900 -0.904600 -0.832300 -2.412300 -1.031400 -4.276100 -1.290400 -2.104500 -7.714300 -7.920100 -10.224300 
0.974000 -2.391100 -1.081200 -0.933100 -2.738900 -0.499200 -2.172200 -1.121900 -1.434400 -2.421800 -9.536600 -16.730800 
0.976000 -2.145300 -1.260000 -0.585900 -3.952000 -0.173600 -3.658800 -0.860700 -1.932300 -3.693200 -5.137100 -10.931300 
0.978000 -1.374700 -1.185600 -1.610400 -2.859000 -2.840300 -3.940100 -2.654700 -2.659000 -2.733900 -7.442200 -7.372300 
0.980000 -1.188600 -0.765900 -1.856000 -0.804600 -1.366200 -1.658000 -3.246100 -2.514900 -1.057000 -3.361100 -5.189700 
0.982000 -0.952700 -0.555800 -1.274000 -3.691600 -3.318400 -4.826800 -1.470400 -1.349900 -0.652300 -1.037500 -9.870800 
0.984000 -1.298700 -0.791000 -1.546200 -3.863800 -1.829900 -2.334300 -2.728000 -11.510600 -2.067100 -4.989900 -12.709800 
0.986000 -2.527900 -0.422200 -1.668900 -1.446400 -0.354700 -3.444600 -1.635100 -0.964200 -6.768300 -2.578200 -12.308600 
0.988000 -0.884000 -2.765400 -0.959000 -1.370000 -0.873300 -2.198400 -3.182900 -0.446300 -1.394800 -7.365700 -15.520200 
0.990000 -3.852000 -0.626400 -1.058600 -1.716500 -0.988700 -1.893000 -2.765100 -2.425100 -3.364900 -6.495500 -18.466200 
0.992000 -2.600100 -1.451700 -0.197700 -2.236200 -0.481500 -2.512100 -1.566400 -1.776500 -4.228200 -7.173300 -26.354900 
0.994000 -1.467500 -0.996500 -0.900200 -0.674600 -1.230900 -4.232700 -0.824000 -1.306200 -3.783500 -11.749200 -6.550500 
0.996000 -1.155100 -1.337300 -1.191700 -0.594800 -1.253700 -1.281300 -0.918500 -0.586000 -1.371800 -10.588400 -8.480200 
0.998000 -1.313800 -0.364100 -0.898000 -2.311500 -1.646200 -1.363300 -1.398000 -4.403600 -1.175900 -4.150700 -8.506000 
