# gradients (DV/DL) for lambdas: 0.0 0.1 0.2 0.3 0.4 0.5 0.6 0.7 0.8 0.9 1.0
0.000000 -0.652900 -1.405400 -1.682600 -0.803500 -1.217200 -0.528500 -2.742500 -0.862700 -7.390700 -2.437300 -4.732400 
0.002000 -1.271900 -1.787900 -2.193700 -2.179100 -1.725900 -0.768000 -2.221700 -0.800600 -4.226600 -2.597600 -15.968900 
0.004000 -0.780100 -1.112500 -2.594600 -1.583500 -1.145000 -1.544700 -3.194700 -2.194400 -3.124600 -1.824500 -2.597100 
0.006000 -1.725600 -1.089700 -0.533300 -2.442400 -1.091100 -0.518900 -0.476300 -2.933400 -0.656300 -6.005900 -1.578200 
0.008000 -1.129200 -0.931700 -1.592500 -0.645100 -1.797900 -3.830000 -0.797000 -1.112100 -7.627900 -3.770800 -1.110100 
0.010000 -0.400500 -1.532400 -3.006300 -0.669900 -0.980600 -4.060600 -0.817400 -1.126000 -0.959200 -5.682100 -7.083400 
0.012000 -1.187800 -0.620400 -0.478200 -1.350300 -1.713000 -2.972500 -0.826100 -3.060800 -7.768000 -2.793700 -4.049000 
0.014000 -1.125900 -1.433700 -1.534700 -1.708400 -3.709000 -2.032200 -0.693500 -1.569300 -1.700700 -6.448100 -22.575000 
0.016000 -0.990400 -1.661800 -1.051600 -1.038700 -1.007900 -0.153900 -2.070500 -1.982300 -2.571700 -3.674800 -1.949700 
0.018000 -1.377900 -0.646100 -1.592500 -0.591000 -0.448900 -2.779300 -1.130100 -1.642500 -0.718300 -4.156800 -2.966900 
0.020000 -0.629600 -2.374400 -0.943000 -0.498400 -1.733900 -3.023500 -1.387100 -1.045900 -1.594300 -1.029600 -6.660500 
0.022000 -1.403000 -1.048700 -2.216000 -1.178200 -1.971200 -0.747500 -0.796600 -2.294500 -3.512500 -2.257800 -8.005200 
0.024000 -1.510500 -1.525500 -0.306700 -0.309100 -1.111600 -0.659600 -3.606000 -1.754600 -0.914700 -2.348200 -17.906800 
0.026000 -1.230100 -2.517700 -0.909200 -2.470000 -1.893400 -1.299100 -2.255900 -3.886800 -0.826200 -2.473200 -12.344400 
0.028000 -0.473300 -1.430600 -0.945700 -0.298900 -1.085500 -1.474100 -4.362600 -3.109300 -9.597900 -9.211000 -6.804800 
0.030000 -0.916200 -0.424100 -0.603300 -1.228100 -0.948900 -1.181800 -1.369700 -5.201300 -1.916300 -11.639800 -3.890200 
0.032000 -0.217000 -1.241900 -2.132600 -2.735900 -1.769700 -5.360400 -1.775300 -2.189800 -3.376300 -0.592300 -7.162200 
0.034000 -0.615200 -0.905600 -0.728000 -1.369900 -2.180500 -3.276800 -1.415800 -2.752300 -1.997000 -4.307700 -15.340500 
0.036000 -0.508800 -0.472200 -1.666100 -2.220600 -2.309300 -2.145100 -1.923000 -2.182800 -1.015900 -2.667600 -4.368500 
0.038000 -2.344800 -1.343000 -0.667700 -1.449100 -2.440000 -3.315100 -2.704500 -2.471200 -2.809000 -1.171800 -19.336300 
0.040000 -0.729300 -1.000100 -0.930300 -0.770000 -1.526000 -0.793300 -3.050600 -1.033800 -1.878900 -0.591600 -4.310900 
0.042000 -1.294600 -0.636800 -1.070300 -2.306600 -1.194200 -3.204200 -3.176100 -2.838000 -1.102700 -1.076400 -2.190200 
0.044000 -0.752300 -3.066600 -2.047500 -1.105000 -0.912500 -0.681300 -0.935100 -2.227100 -6.237600 -6.410500 -7.603100 
0.046000 -1.461800 -0.993900 -1.167300 -0.942600 -2.304100 -1.038900 -2.400100 -1.678200 -2.860600 -2.513000 -4.935200 
0.048000 -1.386900 -3.308700 -0.788900 -1.614800 -1.134500 -2.142600 -2.186400 -1.318200 -4.603000 -2.147300 -8.471100 
0.050000 -1.923500 -1.185800 -0.586900 -0.947000 -1.724900 -1.015100 -1.968000 -1.306000 -1.461600 -3.448200 -4.082100 
0.052000 -1.552800 -0.620900 -1.830200 -0.599600 -1.397300 -2.098300 -0.890000 -5.692100 -0.366200 -1.961900 -1.225000 
0.054000 -0.521700 -1.379900 -1.681400 -0.993500 -1.303500 -1.315700 -1.246300 -1.800200 -1.432400 -2.813500 -4.681100 
0.056000 -1.121100 -1.873000 -1.034100 -0.824200 -3.229500 -2.288900 -3.135600 -2.909100 -1.486200 -3.057800 -9.927400 
0.058000 -2.991100 -1.375700 -2.513600 -2.915700 -2.208900 -1.519700 -2.017900 -1.138300 -1.948800 -7.546300 -3.302500 
0.060000 -1.271600 -1.658500 -2.153300 -0.955600 -1.133800 -2.289600 -2.861600 -3.582800 -1.783100 -1.091200 -9.143700 
0.062000 -0.543200 -0.657600 -3.565800 -2.004100 -0.588500 -2.432600 -0.790800 -2.154000 -4.797000 -3.241500 -10.222100 
0.064000 -1.301300 -1.878900 -1.185100 -1.952100 -0.944900 -0.416600 -4.443200 -10.537100 -2.523000 -2.451600 -2.594600 
0.066000 -0.597600 -0.882900 -1.505200 -2.379800 -1.327700 -1.074300 -2.794500 -1.495700 -0.537400 -14.380400 -11.512900 
0.068000 -2.550700 -0.615700 -1.250500 -2.669700 -2.422200 -2.472400 -0.914000 -5.307400 -3.144000 -3.834300 -3.493000 
0.070000 -0.859400 -0.899900 -0.522600 -0.495000 -0.817400 -1.337000 -1.621200 -0.910500 -1.045800 -1.757100 -2.455300 
0.072000 -0.874800 -2.831700 -1.012700 -4.437400 -0.640800 -2.406600 -3.379400 -2.589200 -0.602900 -1.754500 -3.353400 
0.074000 -1.289600 -0.943500 -1.316300 -1.537800 -1.642200 -2.900900 -2.982200 -2.952800 -1.785000 -2.788300 -11.650300 
0.076000 -2.248900 -0.779000 -0.502300 -1.464600 -2.982400 -1.628800 -3.049200 -0.868600 -3.416400 -2.722500 -4.643700 
0.078000 -2.216200 -1.625600 -4.159900 -1.572900 -1.642600 -2.033900 -5.764600 -0.665300 -1.022700 -0.267800 -2.451800 
0.080000 -0.698300 -1.023200 -1.732600 -2.062500 -2.254200 -1.879100 -2.366400 -1.397500 -2.897100 -4.541100 -2.951400 
0.082000 -1.649000 -1.222800 -0.736500 -0.573000 -1.963200 -2.899000 -2.371200 -2.648100 -1.464900 -1.213800 -1.621700 
0.084000 -1.073200 -0.855400 -1.361200 -3.115400 -2.683400 -0.833100 -0.943300 -3.189600 -0.528200 -5.941000 -4.166300 
0.086000 -2.432900 -1.236500 -1.877700 -0.455700 -0.927000 -1.644800 -1.281500 -0.788500 -2.137000 -2.663200 -7.005200 
0.088000 -1.208700 -1.400900 -1.842900 -1.288100 -2.036000 -0.443700 -0.452700 -0.623300 -1.224600 -4.315000 -3.189100 
0.090000 -0.925400 -0.611300 -1.930600 -2.006900 -0.843500 -1.911300 -1.299800 -1.625000 -2.485800 -4.078200 -6.382000 
0.092000 -3.079300 -0.877100 -2.395100 -2.538200 -0.682000 -0.966700 -1.872400 -3.363900 -1.692300 -2.748600 -6.442600 
0.094000 -1.802200 -0.693800 -1.308300 -2.248100 -5.604800 -1.123300 -2.299900 -0.984000 -1.797700 -0.758600 -6.808200 
0.096000 -1.208500 -1.161900 -1.660400 -1.199300 -1.261800 -1.851000 -1.714300 -3.361900 -2.555300 -2.179200 -0.420400 
0.098000 -1.196400 -0.750000 -0.886500 -2.096600 -1.548900 -1.722400 -1.063700 -2.614900 -1.425800 -7.095400 -3.905100 
0.100000 -0.811900 -1.684900 -0.945400 -0.740900 -1.371800 -1.716700 -2.412800 -2.597300 -3.244100 -4.390300 -7.830400 
0.102000 -1.738100 -1.967900 -2.177200 -1.949400 -1.125300 -1.096700 -2.737500 -2.616500 -1.855300 -2.267200 -15.317900 
0.104000 -1.674000 -3.421900 -2.256200 -2.262700 -0.886900 -2.664500 -1.571600 -4.498700 -2.605400 -3.872300 -12.905500 
0.106000 -2.686800 -1.946000 -2.353900 -1.590800 -1.283900 -2.144300 -0.894900 -2.366700 -2.387000 -4.848900 -11.626900 
0.108000 -1.979100 -1.089500 -2.784500 -0.483900 -1.353700 -1.291300 -1.377100 -2.243900 -5.548900 -1.922100 -17.428800 
0.110000 -0.272800 -2.031400 -5.187100 -0.565400 -2.233700 -2.095900 -1.028100 -3.658900 -1.565500 -7.307200 -4.445600 
0.112000 -1.503000 -0.690700 -2.438400 -1.661500 -1.584300 -1.127800 -0.524400 -2.607100 -2.500300 -2.192400 -5.260900 
0.114000 -2.896200 -0.776900 -1.271300 -1.389100 -1.685500 -0.505800 -1.420700 -1.997600 -3.451000 -3.415100 -1.691800 
0.116000 -1.811100 -2.157900 -1.520500 -1.051400 -2.528600 -1.672300 -1.573500 -3.504100 -3.486800 -2.328000 -11.448600 
0.118000 -2.202200 -0.297500 -3.165400 -1.314000 -2.154200 -0.826200 -1.615800 -2.623700 -1.663000 -9.849300 -3.538400 
0.120000 -1.570500 -0.851400 -2.146600 -1.318800 -2.287300 -1.769300 -2.200400 -0.956200 -2.493100 -6.496200 -8.922500 
0.122000 -0.328200 -0.631900 -3.390800 -1.508800 -0.692000 -3.908000 -1.433700 -2.058500 -1.581300 -1.729800 -2.670000 
0.124000 -0.810700 -1.427100 -3.141300 -2.092400 -2.776900 -0.972000 -0.461000 -0.487600 -5.263100 -2.504800 -8.906200 
0.126000 -1.258100 -0.616900 -1.448700 -1.748700 -0.784200 -1.007400 -1.706600 -2.660200 -2.808900 -3.967400 -18.001800 
0.128000 -1.577200 -1.912400 -0.670800 -0.647000 -1.339800 -0.958000 -2.074800 -1.121200 -4.023900 -1.896800 -3.064200 
0.130000 -2.253900 -3.398600 -1.214800 -1.798800 -1.218800 -1.646100 -1.199800 -3.142100 -3.940200 -2.116500 -2.703000 
0.132000 -1.154800 -1.226900 -2.878200 -1.417900 -0.837800 -1.799900 -2.345600 -0.944700 -2.519300 -12.781100 -3.949900 
0.134000 -2.202700 -1.966300 -1.494000 -2.094900 -2.558400 -1.402800 -1.246600 -8.130400 -4.977700 -1.324100 -3.462200 
0.136000 -1.499600 -1.683700 -1.089900 -1.608400 -3.472200 -1.912200 -2.609900 -2.179200 -6.582400 -2.996400 -8.677000 
0.138000 -1.396500 -1.914800 -1.790800 -0.612700 -0.562200 -0.809800 -1.778900 -0.991800 -2.390900 -2.342200 -3.498200 
0.140000 -0.670800 -2.565200 -1.973000 -1.003900 -1.103600 -2.575000 -2.630500 -0.780700 -2.240500 -0.879200 -1.588000 
0.142000 -2.116400 -1.703200 -0.732200 -2.361600 -0.749600 -2.250500 -1.060000 -7.473500 -2.580400 -0.188800 -10.228900 
0.144000 -1.033800 -1.170900 -6.057200 -1.145700 -1.148200 -1.576800 -1.060400 -5.585000 -3.901900 -0.927900 -10.709400 
0.146000 -0.438400 -1.815500 -1.715700 -2.785200 -0.579000 -2.583900 -0.288000 -0.849700 -3.619300 -1.689000 -1.078500 
0.148000 -1.211600 -0.180100 -2.439100 -0.268400 -0.310100 -3.188200 -3.128600 -0.758000 -5.873400 -0.734800 -2.643700 
0.150000 -0.984800 -1.218700 -0.187000 -2.215600 -3.071300 -4.176700 -1.900300 -1.584200 -3.730300 -1.913500 -6.125300 
0.152000 -0.996900 -1.529300 -0.234100 -0.713200 -0.473400 -0.599000 -3.224500 -1.266200 -8.985100 -6.253700 -5.682800 
0.154000 -1.320300 -2.964700 -1.965200 -1.016900 -0.735800 -1.060300 -1.390300 -1.313200 -2.243000 -1.899400 -4.426300 
0.156000 -2.561200 -2.017300 -1.245300 -2.562900 -3.129300 -3.781200 -1.830300 -2.661600 -5.942800 -4.181600 -6.157000 
0.158000 -1.621900 -1.744500 -1.102600 -2.297200 -1.581200 -0.544900 -4.231900 -1.602200 -1.933800 -19.694200 -3.095300 
0.160000 -2.120800 -1.974700 -3.974200 -1.269500 -2.184100 -2.799800 -1.589600 -4.814800 -2.663300 -2.684000 -13.147700 
0.162000 -1.253100 -1.661300 -2.148700 -1.065900 -2.313600 -1.196600 -0.893700 -3.360000 -5.047300 -5.092500 -2.905200 
0.164000 -0.219400 -2.290400 -0.992500 -1.544300 -3.075500 -0.469800 -0.897400 -1.211900 -8.283900 -3.633600 -1.934500 
0.166000 -1.265600 -2.385500 -3.066400 -2.639000 -0.482800 -0.781200 -5.159300 -3.279300 -2.307600 -0.696000 -17.622100 
0.168000 -1.275700 -0.847400 -2.133600 -0.349400 -1.567600 -1.193700 -3.595600 -2.072800 -1.900000 -0.417400 -27.905200 
0.170000 -1.781500 -1.446900 -2.889800 -1.511500 -2.424900 -1.189100 -1.532600 -0.632300 -3.946900 -7.245400 -2.402500 
0.172000 -2.426300 -1.500200 -1.701700 -1.296100 -0.390800 -0.651700 -2.363500 -2.256900 -1.862200 -1.540800 -2.076000 
0.174000 -1.175400 -1.374200 -0.767600 -1.384300 -2.076400 -1.592600 -1.462900 -2.811300 -4.979000 -0.846400 -4.961000 
0.176000 -1.566400 -1.513600 -0.758200 -1.536000 -1.243900 -2.823600 -1.716100 -6.192300 -1.769600 -1.988100 -7.637800 
0.178000 -1.035400 -1.770700 -1.613300 -2.135900 -0.863800 -1.519000 -1.627600 -1.400800 -2.266300 -1.077700 -3.008400 
0.180000 -0.292100 -1.141900 -2.034500 -1.844700 -0.379600 -2.199300 -1.568900 -1.408000 -6.399100 -0.732100 -3.432600 
0.182000 -1.400300 -1.118200 -1.519100 -0.723700 -1.095100 -1.244200 -1.935600 -5.903500 -10.011900 -10.294700 -3.037600 
0.184000 -2.537600 -1.226100 -2.506100 -0.338200 -2.110900 -0.210000 -2.235700 -2.111100 -4.313000 -4.270200 -4.465800 
0.186000 -3.468800 -0.352200 -2.313600 -1.274900 -0.554100 -0.868300 -2.737000 -1.768400 -2.216700 -3.697100 -3.714700 
0.188000 -0.502700 -0.374500 -0.958700 -0.447900 -0.214300 -1.002900 -1.969200 -1.758800 -4.050700 -9.652600 -7.713700 
0.190000 -2.201300 -0.821900 -1.420200 -3.607000 -2.659200 -1.438900 -5.422500 -4.319200 -8.619400 -2.547900 -1.068100 
0.192000 -1.555000 -3.848600 -2.121500 -1.147200 -1.095500 -2.089300 -2.216200 -2.648100 -8.615500 -15.263100 -3.656400 
0.194000 -0.858900 -1.704300 -0.648000 -1.476000 -2.392600 -1.972500 -1.577700 -3.124200 -3.790600 -6.250400 -1.835100 
0.196000 -0.066900 -1.308200 -1.733300 -3.136000 -1.733200 -1.140400 -3.112100 -4.870500 -8.696000 -2.554500 -1.430800 
0.198000 -1.735700 -2.031600 -3.197400 -0.834800 -1.565500 -0.465800 -0.637000 -1.691500 -5.553800 -2.767800 -3.238400 
0.200000 -2.454800 -1.510600 -0.889100 -3.059400 -0.468300 -3.791300 -3.805400 -3.031600 -2.819200 -12.338600 -2.022500 
0.202000 -1.096000 -1.545200 -2.780800 -2.541700 -0.942600 -2.617200 -2.341900 -1.847500 -4.074000 -5.750600 -9.216400 
0.204000 -1.446500 -0.713900 -0.324700 -0.398600 -1.535400 -1.467900 -0.519200 -0.841900 -2.913300 -3.543600 -14.969900 
0.206000 -1.066500 -1.347100 -1.288500 -1.563300 -2.695400 -1.288100 -3.515100 -2.872600 -7.741400 -6.915000 -14.185900 
0.208000 -3.723600 -2.486800 -1.282800 -3.451200 -2.148000 -3.918300 -2.321100 -1.554200 -5.026600 -4.250300 -6.117000 
0.210000 -0.821800 -0.661000 -0.361300 -0.800100 -0.804000 -1.001200 -3.592200 -2.338500 -9.910800 -6.318100 -2.102300 
0.212000 -1.965500 -1.203900 -0.696200 -1.217200 -0.843500 -2.312400 -3.528900 -3.218300 -6.351400 -1.560500 -2.946200 
0.214000 -1.905800 -0.921900 -1.459300 -1.630100 -0.625000 -0.749800 -3.000600 -2.558200 -4.756000 -5.658000 -7.615000 
0.216000 -2.362200 -2.946900 -2.220700 -1.021900 -1.012900 -0.757100 -1.942400 -1.419700 -3.054700 -11.526900 -11.940800 
0.218000 -2.927100 -0.679900 -1.123100 -0.739200 -2.034800 -1.144700 -3.104800 -2.176300 -4.931600 -10.112600 -10.523800 
0.220000 -3.147600 -1.167600 -0.818900 -1.531200 -1.226900 -0.798300 -2.652000 -1.266600 -2.851400 -4.287400 -1.807500 
0.222000 -1.708900 -1.393200 -1.123000 -1.263200 -1.955500 -1.095400 -3.016300 -1.556200 -2.728200 -9.080300 -1.742900 
0.224000 -3.590400 -2.221300 -2.568700 -1.291400 -2.035300 -0.983700 -2.380900 -3.591500 -2.416900 -14.100500 -2.790800 
0.226000 -1.525100 -0.883500 -1.821100 -0.921600 -2.296800 -1.633200 -3.297600 -3.591800 -2.706000 -5.645000 -3.038400 
0.228000 -3.860400 -1.221400 -0.945700 -0.800100 -1.202200 -1.157000 -1.214400 -1.556600 -1.427500 -2.510400 -10.503400 
0.230000 -2.567700 -1.645300 -1.563100 -0.365600 -1.800800 -1.271000 -0.806400 -2.946800 -2.470300 -1.937900 -1.047000 
0.232000 -0.692100 -1.132300 -3.304800 -1.146200 -2.925000 -4.086400 -2.806400 -4.097000 -2.293800 -2.746000 -15.440700 
0.234000 -0.684500 -1.779800 -1.513600 -1.309600 -2.158000 -1.591900 -3.119700 -4.096300 -2.254300 -2.763900 -4.535900 
0.236000 -2.877300 -1.145000 -2.255700 -0.970400 -1.433400 -0.774200 -9.222200 -3.019800 -7.058900 -5.883500 -5.473300 
0.238000 -1.282400 -1.697800 -0.502900 -0.517200 -1.018900 -0.662000 -3.444500 -1.499300 -3.856200 -2.736400 -8.843200 
0.240000 -2.426900 -1.365600 -2.540200 -1.543800 -2.378400 -1.003000 -1.088200 -2.516600 -1.733000 -15.256900 -11.093200 
0.242000 -0.930500 -2.625400 -2.957500 -0.394400 -1.332400 -0.934300 -1.951700 -2.297400 -3.523900 -5.930500 -2.661300 
0.244000 -0.540000 -2.488700 -1.450100 -2.462400 -1.236300 -2.454400 -1.597800 -1.691300 -5.612900 -3.193400 -17.890500 
0.246000 -1.367600 -2.294500 -2.240700 -1.363500 -0.833300 -5.775000 -1.423100 -0.422100 -2.440500 -14.613400 -10.149600 
0.248000 -1.159000 -2.495900 -1.541500 -1.553800 -1.981800 -0.572300 -2.210300 -3.345900 -4.942900 -4.984500 -1.626900 
0.250000 -1.390500 -0.355800 -1.479600 -2.116000 -0.846400 -1.167600 -5.058500 -2.838000 -4.923000 -8.548100 -3.714300 
0.252000 -1.813100 -1.480100 -0.996100 -0.896100 -1.866000 -1.209800 -2.001300 -0.698700 -1.545700 -1.546100 -1.405000 
0.254000 -1.869800 -0.986500 -0.768500 -2.085600 -0.390300 -1.504800 -2.222200 -1.007200 -2.933400 -3.099900 -8.352600 
0.256000 -3.360700 -2.790500 -1.246400 -0.618900 -2.498200 -1.664800 -4.859700 -1.472500 -1.535500 -6.282900 -4.226000 
0.258000 -0.979600 -1.073600 -0.653600 -1.035500 -1.500500 -0.725800 -3.024000 -0.807800 -1.646800 -3.118100 -3.149900 
0.260000 -1.079400 -2.563600 -3.724200 -0.436700 -1.695200 -2.093300 -2.311800 -2.078100 -4.667100 -1.785100 -8.021300 
0.262000 -1.648500 -1.830600 -1.293500 -1.822500 -0.999000 -5.051000 -2.402600 -0.448300 -4.093700 -1.029400 -17.840900 
0.264000 -1.278400 -0.968400 -0.871000 -1.382400 -1.941100 -3.822800 -1.968500 -3.695400 -5.164800 -2.324900 -12.758700 
0.266000 -0.877400 -1.299900 -0.901000 -1.352700 -0.812700 -1.597500 -3.528700 -1.618900 -4.619500 -2.719900 -1.647700 
0.268000 -1.732500 -0.956400 -0.585700 -0.595100 -0.908200 -0.412400 -1.070800 -1.875200 -2.786200 -1.649700 -4.653000 
0.270000 -1.522500 -0.956000 -1.829100 -1.035900 -0.993500 -1.688400 -1.634800 -2.337300 -2.927200 -1.865500 -4.845600 
0.272000 -1.264900 -1.474100 -2.006400 -0.414200 -2.055100 -1.270900 -6.370200 -4.232600 -0.789600 -7.895200 -18.415400 
0.274000 -0.771100 -2.118800 -1.856400 -2.087000 -1.207200 -0.772200 -4.067200 -1.938800 -6.136200 -3.590500 -3.407800 
0.276000 -0.973600 -1.918500 -1.127000 -3.266800 -2.174800 -1.220200 -0.869900 -4.207300 -2.292900 -12.019100 -16.864600 
0.278000 -1.402400 -2.038100 -1.422800 -1.379700 -1.202800 -0.769500 -1.467100 -2.102800 -2.928200 -6.660400 -7.587100 
0.280000 -0.386000 -0.948900 -1.330200 -1.036900 -2.373000 -1.392500 -1.876500 -1.918800 -0.852500 -9.067300 -4.853800 
0.282000 -0.741700 -2.871200 -1.755400 -1.757400 -1.781900 -3.148200 -1.662000 -3.685400 -3.506500 -4.133400 -2.725400 
0.284000 -0.762900 -0.975900 -1.045600 -0.977000 -2.599000 -0.857000 -1.647600 -8.260800 -6.014300 -1.909500 -22.212000 
0.286000 -1.270500 -1.865400 -1.756400 -0.540100 -4.716200 -1.861800 -5.230000 -3.375400 -4.251700 -3.015800 -8.016500 
0.288000 -1.543800 -1.895900 -1.354200 -0.757100 -2.512000 -1.700300 -1.570000 -6.345200 -2.563300 -2.890100 -3.076600 
0.290000 -1.179000 -1.642800 -0.578800 -2.423000 -2.550000 -1.341900 -0.981100 -2.044100 -7.116000 -13.750400 -6.144200 
0.292000 -0.530700 -0.713200 -1.086100 -0.971700 -2.916800 -0.664000 -0.905600 -3.222600 -1.478600 -6.125400 -29.568900 
0.294000 -0.511700 -2.040100 -1.066400 -1.547500 -1.243500 -0.230800 -2.293200 -3.465700 -4.143600 -0.372500 -10.179100 
0.296000 -1.456900 -2.175000 -1.275500 -0.638800 -2.069700 -5.586800 -1.162200 -2.968700 -0.820400 -1.744200 -12.091400 
0.298000 -1.356800 -2.323200 -0.595100 -0.602100 -1.674300 -2.082100 -2.074900 -3.799900 -3.275800 -3.566000 -3.248800 
0.300000 -1.268100 -1.071600 -1.641900 -1.889700 -1.500700 -5.108800 -2.946300 -1.018100 -1.302200 -2.880800 -10.382400 
0.302000 -1.541900 -1.091500 -0.975300 -0.620800 -2.388100 -1.918300 -1.859500 -2.025100 -9.362500 -1.731200 -2.969100 
0.304000 -0.632800 -1.200200 -1.588000 -1.943500 -2.143000 -1.325400 -0.494700 -4.352900 -2.220400 -7.167000 -2.938900 
0.306000 -0.637900 -1.731700 -0.566300 -0.830200 -1.629100 -1.510400 -3.151000 -4.105500 -3.445300 -2.046800 -3.093000 
0.308000 -0.585700 -1.254400 -0.369000 -1.823900 -1.534600 -1.702200 -3.435000 -3.838400 -4.208300 -0.831200 -22.316800 
0.310000 -0.324200 -0.986700 -0.620600 -1.690100 -1.185300 -1.168000 -1.261400 -6.051100 -2.387000 -1.907200 -12.137100 
0.312000 -0.694000 -1.837400 -1.108600 -1.327900 -3.050000 -1.715700 -1.065500 -5.252300 -2.978200 -4.992600 -2.750900 
0.314000 -1.665100 -0.896100 -0.482500 -1.715000 -0.316400 -3.214600 -3.135300 -5.031000 -0.980400 -3.266600 -2.437500 
0.316000 -0.300300 -2.884400 -1.188300 -1.369700 -1.455100 -1.600700 -3.917900 -3.028000 -2.627300 -3.639200 -21.381900 
0.318000 -0.597800 -0.756500 -2.289900 -0.718300 -2.121400 -1.583600 -3.461600 -5.062000 -1.839500 -6.086700 -1.334600 
0.320000 -1.771600 -1.499100 -0.249700 -1.046900 -1.418400 -0.491500 -1.408600 -1.458400 -1.599400 -3.310400 -5.942200 
0.322000 -0.244000 -1.643400 -1.439500 -0.626800 -1.091900 -2.212000 -0.964300 -1.309100 -0.917700 -4.032200 -7.722600 
0.324000 -2.536900 -2.659500 -2.393600 -0.834300 -1.175800 -0.884400 -1.022800 -2.868900 -6.355800 -1.933400 -10.550100 
0.326000 -0.653400 -2.405000 -1.518700 -1.206100 -1.780300 -1.520000 -0.313700 -2.515000 -2.341800 -3.700000 -2.807300 
0.328000 -1.532400 -1.225500 -0.630600 -2.326300 -0.520600 -0.733800 -0.411900 -2.170400 -6.292800 -9.095600 -4.365300 
0.330000 -1.256000 -2.076800 -1.788800 -0.359000 -1.501800 -1.176000 -1.600200 -1.076400 -2.402900 -0.796500 -3.020300 
0.332000 -1.023100 -0.978000 -1.614200 -0.586500 -2.787000 -1.154200 -1.357100 -6.389000 -2.779700 -3.441000 -5.959300 
0.334000 -1.606900 -1.433700 -1.372400 -1.530000 -2.035100 -1.080700 -4.232300 -2.435900 -5.145800 -1.776900 -3.961800 
0.336000 -1.369200 -1.626900 -1.361900 -1.530500 -1.688200 -0.969900 -1.497400 -4.364200 -0.854200 -3.388300 -2.679800 
0.338000 -0.698900 -1.779400 -0.864500 -2.136900 -2.069100 -2.889400 -2.092200 -3.050300 -3.405600 -6.837600 -4.002100 
0.340000 -2.162700 -1.254800 -2.352700 -2.295400 -2.046400 -1.359800 -1.294300 -2.799700 -2.108700 -1.048700 -22.717700 
0.342000 -2.132800 -1.908400 -2.162600 -1.521600 -3.946600 -1.463600 -0.898000 -2.190000 -4.756800 -3.215100 -1.738600 
0.344000 -0.679900 -1.394900 -3.681400 -1.407000 -2.407400 -1.577900 -0.740800 -3.508500 -5.846200 -3.732300 -4.128700 
0.346000 -1.414400 -0.494900 -1.569900 -2.200000 -1.725900 -0.982000 -1.319300 -2.056100 -0.679100 -5.125000 -4.002600 
0.348000 -0.907500 -4.475800 -1.758600 -2.254100 -1.887800 -1.714300 -0.017400 -2.024400 -1.821400 -0.928400 -1.484100 
0.350000 -0.251000 -2.735300 -0.689500 -0.675700 -0.518100 -2.382100 -1.905500 -0.762800 -2.053300 -1.165300 -3.758000 
0.352000 -1.244300 -2.803900 -0.679300 -1.336600 -0.308500 -0.461400 -2.770200 -1.303700 -10.377400 -0.493700 -3.889500 
0.354000 -0.573400 -1.077900 -1.946300 -2.966000 -0.845300 -1.379100 -1.029000 -7.077600 -3.730100 -7.556100 -4.477400 
0.356000 -0.528300 -1.694800 -0.872700 -1.383500 -0.861100 -1.701900 -1.084600 -4.174100 -2.802600 -1.764700 -10.013600 
0.358000 -0.640100 -1.110600 -1.339900 -1.489000 -2.205900 -1.047800 -0.320300 -1.650700 -3.497900 -5.717800 -1.328800 
0.360000 -0.682100 -1.257300 -1.457000 -2.105900 -1.209900 -1.645000 -1.531700 -1.100500 -6.240100 -1.677500 -3.338100 
0.362000 -0.972700 -2.011100 -1.190800 -1.801000 -1.685900 -1.203400 -1.731000 -0.515700 -2.138300 -1.683500 -3.230100 
0.364000 -0.626400 -0.922300 -2.390300 -3.276000 -1.337600 -2.789400 -0.361800 -1.716700 -3.064800 -1.875200 -1.128200 
0.366000 -1.478000 -2.347100 -2.037100 -0.999700 -0.815500 -2.020800 -3.248800 -2.665000 -2.965800 -2.001500 -3.330100 
0.368000 -1.972700 -1.719300 -0.632000 -1.567100 -0.895000 -0.632200 -1.086100 -0.916900 -1.435700 -2.181600 -1.939400 
0.370000 -1.723800 -1.104000 -0.646900 -1.100200 -1.452300 -5.745900 -1.248500 -2.588600 -0.751100 -1.569100 -5.158400 
0.372000 -1.315000 -1.505100 -0.405300 -1.418300 -1.652600 -1.443000 -1.776700 -1.396500 -0.658700 -1.093000 -1.695200 
0.374000 -2.883600 -2.154400 -1.033600 -6.544900 -2.285400 -1.002900 -2.147300 -2.906000 -2.969500 -2.961000 -10.879900 
0.376000 -0.764400 -0.564500 -0.494900 -0.647000 -1.830000 -1.167700 -0.479300 -2.680700 -3.475300 -1.440900 -2.075500 
0.378000 -0.825500 -1.400300 -3.518600 -3.657300 -2.272800 -3.590100 -1.052400 -2.193800 -1.694000 -2.381600 -2.482800 
0.380000 -1.131600 -1.741400 -0.505700 -0.643900 -0.925200 -1.356800 -1.728400 -1.118200 -0.547200 -1.800700 -7.759300 
0.382000 -1.525100 -1.877000 -0.478500 -1.043800 -1.032100 -0.668900 -0.548600 -4.572000 -1.726600 -0.262600 -7.231000 
0.384000 -0.168800 -1.053100 -1.827100 -0.622800 -1.807900 -2.285000 -2.281100 -2.845200 -2.742200 -2.581300 -1.977900 
0.386000 -2.889300 -2.201500 -1.472300 -1.784600 -0.430700 -1.349700 -2.226000 -1.396100 -4.053800 -1.794500 -6.044300 
0.388000 -1.237100 -1.929600 -1.202700 -1.279300 -1.556000 -3.672700 -1.006600 -7.970700 -1.711900 -0.699900 -2.649100 
0.390000 -0.629700 -3.051400 -0.679900 -2.130000 -0.463800 -1.253400 -0.771300 -3.927600 -0.848400 -0.687700 -1.357500 
0.392000 -0.786100 -1.608400 -0.324600 -2.776200 -0.807200 -2.236800 -1.736400 -2.380700 -3.000800 -6.940500 -8.176400 
0.394000 -1.284300 -2.738000 -0.643700 -2.614400 -2.477600 -1.365500 -0.568000 -3.283300 -2.499600 -3.779600 -11.467200 
0.396000 -1.057400 -3.143400 -0.916100 -2.596300 -1.134700 -2.320600 -2.340600 -1.108400 -1.867600 -2.449700 -1.793400 
0.398000 -0.719400 -2.314200 -1.618800 -2.937600 -0.538100 -1.392800 -0.793500 -4.335200 -2.986300 -2.186300 -2.739100 
0.400000 -2.297100 -1.091900 -1.672200 -0.479300 -1.710100 -0.715300 -2.086200 -1.889300 -1.855600 -0.933300 -2.319700 
0.402000 -2.228700 -1.287600 -0.495300 -1.245700 -2.462500 -3.217600 -2.921300 -2.647900 -4.423400 -1.478500 -3.341200 
0.404000 -1.373500 -2.164900 -2.306400 -1.180200 -3.000600 -2.480800 -2.994400 -1.204800 -2.938900 -2.095100 -5.328000 
0.406000 -3.219900 -1.899800 -0.657000 -1.640900 -1.300700 -3.600900 -2.495000 -1.132900 -1.415900 -2.101400 -2.225300 
0.408000 -1.054000 -0.439800 -0.782200 -0.563500 -0.965700 -0.486100 -0.988800 -1.171100 -2.483700 -3.022300 -10.475100 
0.410000 -2.272200 -0.721700 -3.501600 -1.224700 -2.510700 -1.702600 -1.980800 -3.573800 -4.188800 -5.293300 -3.156000 
0.412000 -1.365000 -1.334000 -1.480400 -0.706500 -1.404900 -0.890500 -3.007200 -3.213200 -4.638400 -3.299000 -1.457800 
0.414000 -0.546300 -1.688600 -1.594300 -2.518900 -2.186100 -1.039600 -4.474300 -8.303100 -2.380300 -1.999100 -4.597200 
0.416000 -1.481600 -1.697100 -3.191100 -1.335100 -1.606300 -2.082400 -3.628900 -2.201800 -3.809400 -1.249800 -2.318400 
0.418000 -0.855000 -1.973300 -0.795500 -1.163300 -1.948600 -3.455800 -4.732400 -0.785200 -7.746300 -3.045800 -3.096700 
0.420000 -0.754200 -1.059400 -1.747000 -0.998800 -1.062900 -2.343100 -0.846400 -1.660600 -8.271500 -3.737500 -6.804300 
0.422000 -1.143900 -4.353800 -1.069200 -0.729400 -0.244900 -0.550400 -2.234400 -0.466600 -2.873900 -3.087000 -6.309300 
0.424000 -0.748200 -0.271400 -2.501700 -0.967200 -2.852400 -1.502100 -2.427700 -2.622900 -1.596600 -3.025500 -2.486900 
0.426000 -2.585100 -1.604200 -1.014500 -2.195900 -0.737600 -3.991300 -2.725800 -6.251400 -10.263800 -7.649500 -3.636100 
0.428000 -0.570700 -1.387700 -1.539800 -0.298500 -0.957400 -1.602200 -3.685600 -0.990800 -5.557300 -2.827400 -2.121300 
0.430000 -0.806900 -2.361000 -1.829000 -0.318000 -1.204700 -2.497600 -5.384100 -2.580900 -3.227200 -2.831800 -3.495200 
0.432000 -0.957500 -2.077400 -0.598500 -1.187300 -0.428300 -5.897800 -1.130700 -0.665200 -3.067500 -3.198700 -1.163900 
0.434000 -0.928800 -3.694000 -1.056800 -0.287700 -3.328200 -2.432800 -1.235500 -2.642500 -2.714500 -1.985900 -1.818100 
0.436000 -1.099900 -1.133400 -2.091100 -0.904600 -0.690400 -1.376800 -3.829100 -1.574800 -5.027000 -3.145700 -2.643900 
0.438000 -1.134000 -1.462800 -0.867000 -3.209900 -0.501200 -2.724100 -2.749000 -1.826200 -0.815700 -3.279200 -1.139400 
0.440000 -2.091500 -1.252600 -1.218700 -0.485100 -1.450200 -1.347500 -1.928200 -1.122600 -13.921000 -9.685500 -1.453000 
0.442000 -2.359400 -1.122700 -1.010200 -0.443700 -0.651500 -2.415900 -2.596400 -1.658100 -3.448200 -1.890000 -1.244300 
0.444000 -2.734500 -1.944500 -0.618200 -0.407500 -0.891300 -3.016700 -1.773100 -2.754200 -2.132100 -0.829500 -11.098200 
0.446000 -1.720900 -1.999700 -0.276100 -0.708500 -1.326700 -3.739300 -4.064000 -1.420400 -1.673400 -2.150700 -4.085900 
0.448000 -1.383100 -0.544800 -2.333500 -1.131600 -0.944900 -1.475100 -0.943000 -1.877000 -3.081700 -0.572800 -1.040100 
0.450000 -1.380800 -2.170300 -1.950600 -2.235900 -0.901700 -2.817700 -2.700900 -0.922000 -1.765000 -1.672800 -3.147700 
0.452000 -0.561900 -1.327900 -0.738700 -3.452600 -1.298200 -2.167600 -0.692000 -4.309200 -2.675500 -4.773800 -2.306300 
0.454000 -0.992700 -2.979600 -0.600300 -1.272800 -1.208600 -2.404500 -0.670500 -1.332200 -4.050400 -6.133100 -4.313900 
0.456000 -0.907600 -1.722500 -1.464000 -0.697800 -2.464400 -5.151000 -1.195200 -1.286000 -0.903800 -3.588500 -1.812900 
0.458000 -1.080400 -1.252200 -0.471300 -0.731300 -2.709800 -3.590200 -3.396500 -0.985100 -6.807200 -0.562500 -2.870600 
0.460000 -0.670400 -1.337500 -1.747100 -1.431400 -0.611900 -3.527300 -1.410800 -0.921800 -15.133900 -1.585200 -2.786500 
0.462000 -0.430500 -2.089200 -0.427300 -2.221600 -2.392500 -1.579600 -1.573300 -2.138700 -4.450500 -9.624100 -4.203900 
0.464000 -0.616600 -0.724200 -1.667200 -1.198800 -1.039500 -3.604300 -1.386100 -2.272600 -5.694600 -5.575900 -21.065800 
0.466000 -1.632800 -2.293700 -0.949900 -1.868600 -1.732200 -1.444800 -0.631400 -0.836300 -4.570900 -4.452800 -6.436900 
0.468000 -1.934100 -1.706500 -2.865200 -1.039600 -0.426000 -1.957000 -1.236000 -1.012600 -4.279400 -3.903800 -6.986200 
0.470000 -1.372100 -1.469800 -0.490800 -1.385600 -1.198200 -1.686600 -0.856000 -2.850300 -1.581900 -2.797400 -5.172300 
0.472000 -0.972700 -1.551800 -1.849400 -1.003600 -1.658900 -2.403100 -1.016300 -0.923100 -3.733100 -2.333100 -2.870800 
0.474000 -1.268400 -1.046300 -0.444800 -0.912000 -1.915400 -2.617000 -1.948500 -2.552700 -2.223200 -6.216800 -10.975000 
0.476000 -1.308400 -1.487300 -1.203300 -1.946200 -0.795000 -4.209500 -1.696500 -1.251900 -2.672000 -2.207300 -13.532300 
0.478000 -0.963500 -2.250000 -2.370900 -0.863500 -1.089900 -2.288500 -2.932900 -0.188200 -1.844200 -5.562700 -17.436500 
0.480000 -2.468300 -2.352000 -0.980400 -1.441000 -2.197000 -1.500200 -1.661000 -1.511800 -2.832600 -5.267900 -5.474000 
0.482000 -2.585900 -0.662300 -0.673600 -2.603900 -0.431800 -3.942000 -0.477900 -2.934700 -5.457900 -0.770900 -1.536400 
0.484000 -1.312200 -0.371000 -1.287100 -1.141600 -0.865900 -2.110800 -2.131600 -1.239200 -2.091800 -2.915900 -21.000400 
0.486000 -1.681500 -1.346100 -1.500500 -1.009000 -0.707500 -1.680500 -0.434900 -2.450600 -4.190400 -3.570900 -9.660900 
0.488000 -1.077400 -0.900700 -0.529200 -0.694700 -1.809700 -2.585800 -1.741400 -1.039500 -3.715200 -4.303100 -14.534100 
0.490000 -1.029400 -2.003500 -1.475500 -4.488500 -2.548500 -4.297500 -2.024900 -2.769400 -1.732000 -10.072300 -4.699400 
0.492000 -0.851200 -2.055100 -0.713600 -2.886600 -1.002700 -5.693000 -1.786100 -1.394700 -3.489300 -2.218800 -6.175500 
0.494000 -2.830300 -0.792200 -0.923300 -0.675200 -2.029600 -2.025100 -0.747900 -2.109400 -6.080400 -3.559800 -3.187900 
0.496000 -0.255800 -0.667500 -2.427800 -0.756100 -4.141400 -1.775400 -2.388300 -1.658300 -6.045800 -4.054900 -6.736400 
0.498000 -1.948200 -0.532100 -0.765800 -0.951500 -0.917900 -2.024900 -2.304200 -2.100600 -2.225100 -1.884500 -2.766100 
0.500000 -1.040400 -3.450700 -1.465000 -1.263500 -2.156700 -1.722100 -1.909400 -0.947600 -4.295800 -4.037100 -3.783800 
0.502000 -0.652800 -1.340500 -0.279800 -1.417700 -0.731700 -1.302700 -3.312400 -2.208300 -2.410800 -1.582100 -8.740700 
0.504000 -1.502600 -1.135100 -1.172000 -1.102800 -6.087000 -0.757600 -1.299200 -1.042700 -4.925000 -1.157600 -8.444900 
0.506000 -0.610800 -0.661200 -0.805100 -1.819600 -0.918600 -0.930000 -4.134500 -3.830700 -2.013800 -3.422400 -0.665000 
0.508000 -1.642200 -1.456400 -1.436300 -0.700200 -0.989300 -0.699000 -1.145000 -0.579200 -3.536100 -5.582600 -4.637400 
0.510000 -1.354800 -1.635500 -1.543400 -1.613400 -2.688900 -2.916100 -4.992100 -2.041000 -4.260500 -6.625600 -5.379100 
0.512000 -0.701600 -1.699800 -0.648400 -1.518200 -0.380900 -2.490200 -1.544100 -4.215000 -2.624900 -7.646700 -7.996400 
0.514000 -2.129000 -1.662100 -2.751400 -1.066400 -1.504100 -2.557400 -0.909300 -0.881100 -1.808900 -1.080200 -1.912700 
0.516000 -3.373700 -1.531100 -0.646000 -1.408300 -0.948300 -1.324500 -2.570700 -2.270500 -4.124300 -4.467600 -3.031200 
0.518000 -1.705700 -1.055400 -1.048400 -0.834300 -0.603700 -1.107200 -0.909400 -4.016100 -15.895500 -2.334200 -1.148700 
0.520000 -1.446000 -1.124300 -1.483400 -1.555000 -1.963800 -0.227800 -2.469200 -1.356000 -5.741800 -7.060600 -4.557200 
0.522000 -1.104000 -0.992800 -0.340800 -1.355900 -0.810500 -1.343200 -1.615600 -1.328100 -1.468000 -6.519600 -2.856600 
0.524000 -1.185900 -2.032800 -2.667000 -3.255800 -0.833300 -2.780600 -1.878500 -1.798000 -3.081100 -13.297100 -1.989200 
0.526000 -1.407000 -0.832000 -4.008400 -1.572500 -0.582900 -3.562300 -1.330500 -3.946000 -2.956500 -2.787000 -2.643600 
0.528000 -2.095000 -2.362400 -1.602700 -2.419600 -1.555000 -4.277400 -2.759900 -2.341400 -4.684300 -5.930200 -2.458500 
0.530000 -0.486500 -1.525700 -2.604600 -4.529100 -0.808600 -1.071400 -2.479200 -2.954400 -5.807800 -10.212400 -4.049900 
0.532000 -1.983300 -3.548900 -1.172500 -0.840400 -4.369900 -0.406400 -0.779400 -4.999700 -3.722700 -4.593900 -1.890600 
0.534000 -1.821000 -1.590400 -2.727400 -1.839200 -1.187000 -2.454600 -1.495800 -3.116600 -4.746600 -6.895900 -1.383600 
0.536000 -0.416000 -3.916200 -0.961500 -3.553600 -1.169100 -5.144700 -4.266100 -1.911500 -1.701500 -4.827800 -2.015900 
0.538000 -2.484600 -4.090200 -1.197300 -1.371900 -1.438100 -1.555500 -2.754900 -1.009200 -4.013100 -9.979400 -5.733000 
0.540000 -0.393100 -2.699300 -3.774200 -0.896700 -2.288700 -1.705200 -0.989300 -3.219200 -3.495500 -3.442800 -6.228600 
0.542000 -1.908500 -2.862500 -1.545900 -2.016700 -1.034300 -2.971400 -1.210400 -1.171700 -2.728200 -7.130100 -11.646100 
0.544000 -1.421100 -2.244800 -0.934400 -1.545900 -0.916000 -6.161700 -0.947800 -2.270300 -6.433900 -6.528600 -4.188100 
0.546000 -1.455000 -3.022000 -1.824000 -1.831800 -0.562200 -0.724000 -3.591300 -1.878300 -3.048400 -7.394700 -2.199300 
0.548000 -0.899600 -2.953500 -1.002400 -2.200000 -2.550600 -0.541400 -4.940400 -1.555300 -1.284700 -8.521100 -2.462300 
0.550000 -1.442600 -2.628500 -1.436000 -1.121800 -1.376200 -3.501600 -3.935100 -2.044400 -4.171000 -2.792500 -8.845000 
0.552000 -3.003400 -2.628900 -1.693100 -2.116300 -0.659700 -1.451400 -0.933800 -2.078000 -2.863600 -2.096500 -0.851700 
0.554000 -2.063200 -2.323300 -0.684900 -0.695200 -2.015800 -2.095300 -2.977700 -1.788300 -7.810100 -1.511900 -4.054500 
0.556000 -0.375100 -1.925900 -1.369800 -0.874600 -1.768100 -1.318300 -2.154600 -3.997800 -3.185400 -4.212700 -4.890700 
0.558000 -3.789400 -1.004500 -1.715000 -3.131500 -0.905100 -2.128200 -1.480000 -1.764700 -6.423000 -2.403100 -1.799900 
0.560000 -0.239200 -0.861000 -0.622500 -2.490700 -0.313900 -2.902000 -1.469800 -3.319500 -10.897100 -7.215500 -5.863900 
0.562000 -1.427200 -1.339900 -0.458400 -2.117900 -0.271900 -1.868600 -1.904600 -1.689300 -3.861000 -5.151800 -0.140900 
0.564000 -1.123100 -0.679000 -0.717900 -2.332300 -0.499900 -1.256500 -2.498900 -1.114600 -5.831800 -0.254200 -2.219200 
0.566000 -0.759800 -1.877700 -1.534000 -0.801900 -1.363100 -2.073700 -2.786500 -1.194700 -4.366100 -2.609700 -3.206900 
0.568000 -1.003500 -1.670700 -1.842800 -1.392000 -2.231000 -0.819600 -3.284700 -2.863200 -3.302800 -6.102700 -3.880500 
0.570000 -0.471600 -0.651900 -1.283400 -2.142600 -0.463600 -1.107400 -2.144400 -0.417200 -4.763500 -8.401700 -13.920400 
0.572000 -0.929700 -0.498900 -0.993900 -3.162400 -1.539900 -1.268200 -3.429100 -1.078100 -2.972500 -2.170300 -3.215700 
0.574000 -1.367500 -0.976700 -0.461200 -0.873000 -1.803600 -1.150000 -5.070100 -0.847000 -4.581200 -4.383700 -14.961400 
0.576000 -2.186300 -0.795100 -1.003900 -2.688400 -0.701200 -0.431400 -3.239500 -3.269300 -6.409700 -1.282800 -2.435100 
0.578000 -0.978600 -1.889100 -2.200400 -0.983200 -1.361700 -1.890400 -4.338000 -0.766200 -6.855000 -1.182100 -2.638200 
0.580000 -0.956200 -2.368400 -0.867900 -0.883000 -0.883800 -4.023000 -7.218400 -1.631500 -6.516900 -3.121500 -0.984800 
0.582000 -0.347300 -0.145600 -2.431900 -0.203900 -0.750800 -4.394700 -4.183000 -3.606800 -4.383000 -0.783800 -6.345500 
0.584000 -2.635900 -4.460400 -1.330900 -2.337100 -2.540600 -1.718800 -3.025700 -3.374700 -4.242200 -1.288800 -2.612400 
0.586000 -0.504100 -1.459300 -0.965700 -2.515200 -1.411100 -2.064500 -2.655400 -1.053200 -5.193100 -2.546000 -2.651100 
0.588000 -1.574900 -1.612500 -0.658900 -1.325800 -1.155400 -0.859900 -1.590900 -1.653900 -4.279700 -0.937500 -3.157700 
0.590000 -0.454300 -0.918600 -0.624500 -1.882500 -0.196400 -2.149400 -6.878000 -3.167700 -9.037000 -2.307400 -3.507800 
0.592000 -0.852700 -1.925800 -1.360800 -1.020000 -1.678700 -1.104600 -3.964300 -2.102200 -4.050600 -1.550900 -6.136900 
0.594000 -0.817200 -0.246600 -1.775200 -1.046800 -2.140400 -0.637000 -6.835700 -1.963100 -8.372100 -8.462700 -2.398400 
0.596000 -2.274000 -1.525600 -2.009300 -3.010300 -0.358400 -0.951400 -1.345100 -2.612700 -9.294800 -2.449400 -3.492100 
0.598000 -0.968500 -0.489600 -0.439500 -1.339500 -1.680500 -2.466300 -3.472200 -1.757800 -8.744700 -3.275600 -3.493700 
0.600000 -1.796800 -0.836800 -1.317700 -0.945900 -0.595900 -0.904600 -2.538400 -1.325900 -2.585200 -1.151400 -2.533600 
0.602000 -1.535800 -0.879900 -1.246100 -1.714200 -0.436500 -0.746200 -4.680400 -0.873900 -9.450900 -3.036700 -6.398500 
0.604000 -2.239400 -1.061300 -0.503500 -1.837100 -0.630900 -3.967500 -1.918000 -0.574000 -4.928500 -3.669600 -2.864100 
0.606000 -1.629100 -1.830400 -1.108400 -1.498300 -2.501400 -0.629000 -2.282300 -0.607400 -9.904800 -2.937800 -3.671500 
0.608000 -1.434700 -0.447800 -1.478100 -0.529400 -0.759100 -2.829400 -1.147300 -1.510500 -2.765700 -3.720600 -13.373400 
0.610000 -1.828900 -2.301000 -0.585200 -1.615200 -1.602500 -1.565800 -2.043300 -2.425100 -0.806500 -1.643900 -3.270800 
0.612000 -1.085500 -1.800400 -0.300300 -1.480100 -1.093700 -3.509800 -1.573500 -2.513600 -4.700100 -2.499900 -1.770900 
0.614000 -2.402200 -1.115100 -2.512000 -1.749600 -1.387500 -0.880700 -0.520300 -0.925800 -2.137300 -3.481300 -5.711300 
0.616000 -2.244700 -0.898900 -1.182100 -1.503200 -0.457400 -2.163300 -1.506000 -1.783800 -1.681800 -3.191400 -8.257800 
0.618000 -2.080500 -1.005000 -1.292800 -4.641800 -1.649700 -3.270100 -2.184800 -2.540100 -3.053100 -1.102500 -17.147300 
0.620000 -2.124200 -0.975900 -1.083300 -0.571100 -1.351900 -0.903000 -0.741700 -0.678500 -5.041600 -3.073900 -13.949300 
0.622000 -1.142700 -0.680700 -1.589700 -1.150500 -1.184900 -3.616500 -2.809800 -1.826900 -3.582600 -0.928300 -1.260300 
0.624000 -0.703700 -1.059600 -2.132100 -1.730100 -2.785400 -2.604300 -0.346100 -2.446300 -4.309600 -3.583000 -4.887900 
0.626000 -1.996000 -2.439100 -0.711900 -0.373000 -1.115600 -1.803200 -0.781500 -1.505000 -5.325700 -2.938200 -11.955800 
0.628000 -0.834900 -2.706500 -0.753400 -1.387300 -1.514700 -1.935400 -4.562000 -2.395300 -2.939900 -1.212300 -5.656900 
0.630000 -1.405000 -1.178000 -1.426600 -1.655900 -2.741300 -1.129700 -5.957300 -1.003100 -4.844800 -6.105000 -2.929000 
0.632000 -2.418900 -0.591000 -1.009100 -1.617500 -2.101300 -2.682400 -5.903300 -3.492800 -4.392400 -3.219600 -8.012600 
0.634000 -2.254300 -1.415700 -1.609900 -2.052800 -1.769700 -0.707700 -1.758600 -4.654900 -5.312900 -4.189500 -0.664000 
0.636000 -1.983800 -0.521800 -1.076400 -1.459600 -1.469800 -3.230900 -1.532800 -2.701200 -3.118800 -2.177900 -1.515400 
0.638000 -2.608300 -1.130800 -0.370900 -0.665000 -2.943400 -0.266000 -1.245900 -1.431100 -2.148700 -2.295400 -5.520200 
0.640000 -1.390600 -0.875500 -1.025500 -0.789400 -1.629200 -2.296200 -0.939700 -1.187500 -13.555600 -2.241400 -2.500800 
0.642000 -0.869600 -1.282000 -1.294400 -1.128600 -5.138400 -1.087000 -1.271100 -1.007700 -5.465900 -3.422400 -7.311300 
0.644000 -1.614700 -1.769500 -0.687900 -1.807100 -1.925800 -2.004100 -2.135800 -1.876100 -4.747500 -5.337200 -5.577000 
0.646000 -1.767300 -2.255400 -1.719100 -0.456800 -1.745000 -1.428400 -2.985000 -0.863400 -3.496400 -2.132600 -0.839100 
0.648000 -2.596800 -0.447000 -0.339600 -1.167900 -4.147600 -1.533700 -1.817100 -3.420600 -0.847800 -4.033200 -5.367100 
0.650000 -0.553100 -1.386300 -0.780300 -1.339600 -1.557700 -2.592200 -1.084300 -3.452700 -5.231800 -3.573100 -7.412700 
0.652000 -2.784400 -1.463800 -0.444600 -0.619700 -1.503400 -1.941200 -0.148300 -2.553200 -2.281200 -1.557100 -5.395000 
0.654000 -0.706500 -1.757300 -1.585500 -0.507000 -0.841100 -0.882000 -0.141900 -4.144700 -5.575400 -2.032200 -5.370500 
0.656000 -1.582900 -1.357800 -1.892500 -1.156300 -2.120000 -1.379200 -0.205300 -3.345900 -1.256800 -7.797600 -7.853100 
0.658000 -0.465500 -1.904100 -0.732000 -1.937400 -2.088900 -1.401500 -2.752600 -1.546800 -2.985100 -4.234400 -2.825800 
0.660000 -0.894300 -2.228500 -2.024700 -5.353000 -2.026300 -3.392800 -1.131600 -2.356800 -3.725900 -7.866100 -23.356500 
0.662000 -2.956600 -1.940000 -0.909800 -2.114600 -2.474100 -2.479800 -1.519000 -0.362200 -2.984700 -4.683000 -32.797300 
0.664000 -0.379400 -0.724600 -2.954700 -1.825100 -1.772800 -1.058000 -1.319900 -3.041400 -1.567100 -1.504200 -5.588900 
0.666000 -1.730100 -1.447400 -1.723300 -1.489300 -1.287400 -1.318200 -5.413700 -3.792600 -1.404100 -1.465300 -3.717000 
0.668000 -1.443100 -1.707100 -4.862400 -2.152000 -3.116900 -1.528200 -1.262000 -1.915100 -1.679900 -0.752000 -4.756700 
0.670000 -0.256500 -0.553400 -1.944700 -2.078600 -0.603000 -0.460200 -1.013900 -1.642200 -1.241000 -2.039800 -1.094800 
0.672000 -0.825700 -1.888300 -1.552200 -1.562500 -0.666100 -0.653900 -2.162900 -1.223400 -2.627900 -5.125400 -2.615800 
0.674000 -0.376000 -1.050200 -0.420500 -1.657500 -2.354800 -4.382700 -1.144900 -0.157000 -2.072900 -2.637900 -2.609300 
0.676000 -2.410900 -1.632700 -1.141600 -1.291000 -1.292100 -1.168700 -2.284300 -7.595800 -0.496100 -1.275900 -3.374300 
0.678000 -1.148800 -0.559400 -1.506400 -1.988900 -1.137100 -1.498900 -1.465000 -1.190600 -2.291400 -6.612000 -2.956900 
0.680000 -0.938100 -1.982300 -1.443600 -2.697100 -1.180100 -1.190700 -2.033900 -0.907600 -3.002900 -3.735400 -4.121400 
0.682000 -1.461700 -1.363900 -1.494300 -3.371500 -2.105600 -3.790000 -1.100100 -1.846600 -0.746500 -8.890500 -2.544100 
0.684000 -1.614100 -0.840400 -0.978300 -0.718300 -0.916200 -0.714800 -1.039900 -4.224500 -4.812100 -6.132600 -2.026000 
0.686000 -1.249400 -2.695900 -1.706500 -1.692300 -1.293500 -1.408800 -1.770100 -4.471700 -1.760600 -0.877800 -2.846000 
0.688000 -1.744600 -2.501700 -0.776400 -0.750100 -3.137200 -0.759200 -3.906900 -0.999700 -3.263500 -1.146500 -0.869800 
0.690000 -3.223400 -1.154200 -1.464000 -1.305700 -0.464000 -0.792200 -3.651400 -4.410700 -6.317400 -0.626400 -8.083100 
0.692000 -1.521500 -1.730100 -1.282900 -2.321400 -1.952400 -0.625100 -2.742200 -1.843900 -1.610800 -7.862600 -15.810700 
0.694000 -2.208200 -1.681300 -1.185700 -2.484900 -1.408400 -1.006600 -0.754600 -2.317500 -2.151000 -1.412500 -1.453400 
0.696000 -0.427100 -1.437900 -0.602000 -0.723200 -1.639500 -1.980000 -1.490100 -0.786000 -2.520400 -3.838200 -2.837500 
0.698000 -1.678500 -1.030100 -0.087900 -1.508400 -1.182900 -3.293400 -4.604600 -4.956300 -4.857500 -2.172800 -1.433600 
0.700000 -1.440800 -0.338100 -1.142600 -0.729800 -0.967100 -1.220400 -1.059800 -2.473100 -3.403000 -2.936000 -13.980500 
0.702000 -0.488200 -0.745200 -1.176700 -1.801500 -1.966000 -0.517500 -1.301300 -1.494800 -2.879900 -2.754100 -1.202600 
0.704000 -2.230700 -2.266100 -2.462200 -2.539900 -0.912000 -1.971100 -1.266800 -1.138800 -2.539100 -2.081100 -2.572200 
0.706000 -1.310000 -1.421800 -1.041900 -2.451000 -0.830700 -0.928700 -0.851000 -1.397600 -2.129500 -0.845600 -8.343400 
0.708000 -1.367900 -2.531100 -2.103200 -1.826900 -0.651000 -1.666600 -2.090000 -0.890100 -1.441100 -1.235400 -2.771500 
0.710000 -1.860600 -0.947800 -0.276900 -2.797300 -2.560900 -0.696100 -3.009600 -2.092800 -3.839900 -2.076500 -3.210600 
0.712000 -1.478000 -2.147700 -1.209400 -8.783000 -0.600100 -1.861200 -2.464300 -1.169400 -4.557000 -1.682400 -7.764800 
0.714000 -0.669200 -0.148800 -1.795300 -1.253300 -1.968600 -1.030800 -0.950800 -1.515600 -5.970200 -1.757200 -4.655900 
0.716000 -2.420500 -1.002600 -0.826200 -1.119100 -1.979500 -5.165200 -0.763300 -1.144900 -6.583800 -3.478000 -2.241000 
0.718000 -0.959300 -1.625700 -0.685500 -2.050000 -1.360000 -2.079400 -0.865300 -3.092700 -4.576300 -3.353000 -1.975700 
0.720000 -0.455000 -1.076100 -1.189600 -3.206200 -1.948800 -2.091500 -1.989900 -1.946600 -1.063500 -6.569300 -2.043500 
0.722000 -2.387200 -1.654100 -0.472200 -1.792300 -0.798100 -2.087100 -1.094000 -3.129800 -2.003600 -11.701700 -8.698900 
0.724000 -0.648800 -0.793800 -0.862800 -2.184100 -2.523700 -0.270700 -2.731200 -5.752600 -1.977700 -3.706300 -3.189000 
0.726000 -0.984500 -2.588800 -2.251100 -1.666800 -1.394400 -1.041800 -1.891300 -2.335600 -3.186600 -2.504600 -1.451600 
0.728000 -0.387400 -2.388600 -2.014900 -1.479200 -4.116800 -1.458300 -1.765600 -1.751700 -3.478300 -1.596000 -7.419100 
0.730000 -1.344200 -1.285600 -1.319700 -2.808500 -3.213300 -0.117700 -2.092200 -0.502700 -5.832400 -3.331700 -5.098700 
0.732000 -0.797500 -1.025900 -1.110400 -1.567200 -1.729500 -3.935400 -1.419400 -4.127100 -5.769200 -5.695600 -3.317600 
0.734000 -1.940600 -1.550600 -0.907200 -1.732300 -0.711200 -0.423000 -2.880900 -1.371900 -4.160400 -2.666500 -9.723500 
0.736000 -1.229800 -0.332700 -0.501000 -2.655600 -1.127200 -1.432000 -1.277900 -2.064300 -1.532500 -0.972700 -2.208600 
0.738000 -0.821300 -2.011300 -0.487700 -0.424000 -0.754200 -1.781900 -2.094300 -2.069300 -2.718100 -3.180800 -2.104900 
0.740000 -2.073700 -1.434400 -2.415500 -1.291200 -0.825000 -1.836100 -3.025700 -2.613500 -1.238500 -3.482000 -7.929900 
0.742000 -1.233000 -1.301300 -1.228500 -2.220100 -1.953900 -1.115100 -1.137600 -1.264700 -3.689300 -3.367000 -2.640400 
0.744000 -1.953400 -2.928800 -2.163500 -3.546700 -1.323900 -1.760900 -1.387100 -1.559800 -2.245300 -3.602600 -3.796400 
0.746000 -1.502000 -1.321000 -1.933900 -2.341400 -3.958500 -0.626500 -4.202900 -4.255600 -1.509100 -2.141600 -4.175000 
0.748000 -0.827100 -0.430400 -0.804200 -2.189100 -1.250500 -2.283100 -1.201700 -2.808700 -3.686700 -7.318800 -5.208700 
0.750000 -2.710100 -2.012500 -1.316800 -5.003500 -2.627100 -0.391400 -1.812000 -3.736000 -2.937600 -1.078700 -3.022600 
0.752000 -1.100500 -2.294500 -1.204900 -1.922900 -0.794200 -2.481100 -2.131200 -1.810700 -5.057500 -3.249800 -2.289900 
0.754000 -0.350300 -1.452500 -0.118800 -1.709000 -0.963000 -0.944300 -0.888600 -2.429900 -5.784700 -2.317400 -4.779100 
0.756000 -1.902300 -1.782300 -2.136800 -2.740200 -0.689000 -1.141600 -2.931900 -1.643800 -1.914900 -1.582600 -3.646800 
0.758000 -1.327200 -1.489400 -0.742700 -0.947900 -1.266400 -1.752900 -2.498300 -2.969100 -2.931000 -3.756300 -28.518600 
0.760000 -1.742100 -1.695400 -2.558700 -0.962300 -0.874800 -1.831200 -2.029300 -1.949200 -2.433000 -1.915200 -4.427300 
0.762000 -1.565900 -2.029200 -0.571800 -1.306300 -0.818600 -3.108800 -2.814600 -2.294600 -2.612800 -1.725700 -4.945300 
0.764000 -1.752500 -1.667800 -2.041800 -3.648600 -0.591700 -1.276200 -2.578300 -3.406300 -4.589000 -1.356900 -2.276100 
0.766000 -1.930900 -1.306000 -0.932200 -4.482800 -2.072900 -1.710600 -0.490100 -5.117400 -0.719900 -2.107200 -5.903700 
0.768000 -1.984200 -1.439100 -1.385900 -1.627400 -2.627400 -0.715300 -1.351500 -1.545800 -2.192200 -3.198700 -0.531800 
0.770000 -1.931900 -0.875300 -1.450900 -0.485200 -1.075100 -2.959100 -1.764800 -1.891500 -3.949400 -14.409700 -2.079100 
0.772000 -0.616200 -1.626300 -1.904100 -1.777200 -2.306300 -2.585300 -1.515900 -1.993300 -5.041000 -2.504200 -13.645500 
0.774000 -1.863000 -0.390400 -2.179600 -1.429700 -1.383600 -2.640600 -1.404700 -7.787600 -1.937100 -3.547500 -4.717400 
0.776000 -1.529300 -1.422700 -1.082000 -0.917500 -1.239400 -2.510800 -0.556500 -5.198000 -6.821800 -12.165000 -5.854500 
0.778000 -1.351300 -0.815600 -0.416500 -3.140400 -1.234400 -4.458800 -1.819600 -3.463600 -1.105400 -5.172500 -3.857800 
0.780000 -0.642600 -0.781400 -1.857600 -2.727100 -0.786900 -1.818600 -1.320600 -2.120300 -3.397800 -0.656000 -5.869900 
0.782000 -1.755600 -1.025000 -0.820900 -3.002000 -2.241400 -0.713600 -2.602300 -2.502100 -5.356200 -4.721000 -13.052900 
0.784000 -3.290200 -2.191800 -0.396800 -1.511600 -1.677000 -1.540100 -1.549900 -1.899600 -5.246000 -2.976600 -18.269600 
0.786000 -0.936900 -1.197800 -2.557600 -2.039100 -1.856800 -4.173300 -0.968300 -1.846300 -3.642300 -1.638600 -2.268700 
0.788000 -1.578800 -1.369300 -2.580800 -4.131400 -1.925800 -0.564700 -4.526500 -1.892400 -3.960400 -8.745400 -6.522400 
0.790000 -0.899800 -2.056700 -1.386800 -3.718100 -1.101200 -2.470900 -2.290700 -2.896100 -2.455900 -1.687000 -6.178500 
0.792000 -1.532000 -1.906000 -0.807100 -1.950400 -1.974300 -2.117500 -0.354000 -0.454700 -1.093400 -4.679800 -1.363500 
0.794000 -1.892900 -2.280500 -0.598900 -2.439100 -1.934100 -0.777800 -1.040200 -1.189500 -4.285800 -5.983800 -1.464100 
0.796000 -0.687300 -3.758900 -0.933000 -1.787400 -1.418400 -1.226400 -1.247300 -1.084800 -3.983100 -0.855500 -5.273900 
0.798000 -0.884200 -1.179400 -2.267000 -0.745400 -0.164700 -1.284000 -1.114900 -1.933100 -4.098700 -9.432300 -3.517100 
0.800000 -0.125500 -0.952100 -2.293300 -1.097500 -0.516700 -0.835300 -2.255200 -1.506000 -1.113900 -4.408500 -2.845600 
0.802000 -0.528400 -2.661600 -1.878000 -2.099900 -1.439100 -0.923600 -1.101600 -3.255900 -0.449900 -1.250200 -5.557700 
0.804000 -2.456200 -0.502700 -0.787800 -1.459800 -1.667800 -1.585600 -0.444900 -1.449300 -2.036300 -14.653600 -3.063700 
0.806000 -0.942000 -3.324400 -0.562800 -1.125100 -0.451700 -0.631200 -3.595100 -3.157200 -2.881300 -1.355300 -4.765000 
0.808000 -0.874700 -0.976700 -0.753300 -2.230100 -0.934000 -1.263800 -1.005400 -1.290600 -9.656600 -2.634900 -2.796500 
0.810000 -1.234800 -0.435700 -1.291900 -1.483600 -0.984900 -0.824000 -0.790000 -1.634400 -1.718500 -1.964100 -1.026000 
0.812000 -2.267500 -1.331500 -0.820500 -3.433600 -1.720000 -0.585900 -1.398100 -2.563000 -0.528700 -1.248900 -7.969400 
0.814000 -1.485200 -0.202000 -2.043500 -2.000800 -2.437300 -1.189200 -0.439200 -1.307000 -3.066000 -2.589500 -7.526700 
0.816000 -0.603500 -0.948700 -1.292200 -2.233600 -1.166300 -4.347400 -1.867500 -1.922100 -0.283700 -3.319200 -2.698900 
0.818000 -1.095800 -1.303000 -0.427800 -0.450800 -0.822700 -2.347000 -1.245300 -2.154600 -2.544300 -2.323900 -0.769400 
0.820000 -1.343500 -1.841800 -1.470300 -0.389400 -1.597400 -0.613500 -3.722200 -1.976600 -1.335600 -6.051000 -4.281400 
0.822000 -0.973700 -0.862300 -0.623200 -1.023000 -0.944100 -1.595100 -2.409400 -8.874800 -2.189600 -2.624900 -2.591100 
0.824000 -2.990300 -2.166200 -1.184400 -1.370400 -0.882600 -0.804600 -0.750700 -3.386200 -6.632900 -4.838200 -2.781300 
0.826000 -1.076700 -1.245200 -0.559900 -2.382000 -0.675100 -0.699400 -0.746600 -1.747100 -0.916300 -2.875200 -2.132800 
0.828000 -0.990900 -1.518900 -1.229800 -1.241200 -1.073100 -0.879400 -2.200400 -4.835800 -6.083200 -5.547100 -2.364800 
0.830000 -0.739300 -1.253100 -0.650600 -3.239200 -1.416700 -1.866100 -0.778900 -2.999100 -3.188100 -3.691900 -9.508700 
0.832000 -2.140200 -2.029400 -1.494700 -3.662700 -0.491600 -2.430800 -2.177600 -4.026300 -2.886900 -2.659300 -3.184800 
0.834000 -1.254800 -1.578100 -1.360500 -2.993600 -4.009600 -1.064800 -1.225900 -2.513900 -1.265500 -1.469700 -2.122000 
0.836000 -1.918500 -1.360300 -2.392200 -0.268200 -0.624000 -1.829500 -0.880200 -2.033000 -2.041800 -6.746100 -10.561300 
0.838000 -0.358900 -0.840800 -1.197200 -1.439500 -1.372600 -0.350000 -1.691500 -0.882800 -0.962700 -8.876100 -1.686600 
0.840000 -0.978800 -1.447900 -0.519600 -1.142800 -0.928500 -1.404000 -0.539500 -1.735700 -5.394600 -3.248600 -2.734300 
0.842000 -0.905900 -0.976900 -0.393600 -1.474300 -2.197400 -1.421000 -3.146900 -3.269200 -3.680700 -3.486600 -5.035200 
0.844000 -1.576300 -1.223600 -0.033500 -1.398400 -0.976000 -1.662200 -1.416500 -2.250700 -3.246600 -12.489200 -4.842600 
0.846000 -0.566500 -1.689600 -0.745600 -1.876800 -2.065200 -0.807000 -0.541600 -1.572300 -4.386200 -2.631300 -1.351600 
0.848000 -0.855700 -2.472900 -0.570300 -2.448800 -0.609500 -2.417100 -6.225100 -2.414400 -2.024000 -5.136400 -2.520700 
0.850000 -0.962400 -1.597100 -1.332200 -2.447100 -1.025100 -6.231600 -3.118500 -6.208900 -1.245500 -3.003400 -4.436300 
0.852000 -0.902700 -1.802400 -2.016300 -2.714400 -1.938500 -0.969100 -1.289200 -1.724900 -3.967200 -3.323600 -3.855500 
0.854000 -0.781300 -1.596100 -1.199800 -1.077600 -1.781700 -0.745300 -1.080100 -3.340900 -2.895100 -1.780100 -10.118100 
0.856000 -1.727700 -1.642900 -0.430800 -2.432800 -0.359400 -2.091900 -0.822800 -3.749200 -4.950900 -8.419700 -6.374900 
0.858000 -0.778900 -0.817800 -1.409300 -1.688000 -1.110200 -2.008800 -2.980200 -3.121700 -1.835200 -1.883300 -3.185400 
0.860000 -2.317900 -1.972600 -1.873500 -2.937000 -1.517000 -1.583600 -2.529500 -2.039600 -3.033800 -1.681900 -6.156600 
0.862000 -2.713900 -1.035900 -0.763700 -1.865000 -2.213600 -1.436200 -1.595000 -5.000700 -5.048000 -0.737700 -5.170100 
0.864000 -2.605900 -0.700500 -1.115800 -2.961200 -1.926700 -2.061500 -0.687600 -3.176900 -1.508100 -1.659900 -1.599900 
0.866000 -0.893800 -1.923800 -2.554700 -3.105400 -0.829300 -0.925100 -1.877400 -3.286200 -4.648900 -1.624300 -12.230600 
0.868000 -1.936300 -1.249600 -0.573500 -1.628000 -2.491200 -3.267900 -2.118300 -5.085300 -6.529400 -3.684900 -10.962800 
0.870000 -0.784500 -0.377400 -0.443300 -2.674300 -0.405400 -2.796900 -2.136000 -8.625100 -4.079600 -4.087100 -7.324300 
0.872000 -0.908900 -0.968400 -0.333500 -0.974700 -0.314100 -1.442800 -2.070100 -3.592100 -4.192200 -0.835600 -1.164100 
0.874000 -0.762000 -1.311200 -0.909400 -1.088900 -1.399000 -1.780200 -2.923200 -1.797700 -1.657000 -3.051200 -4.851300 
0.876000 -2.335900 -1.654400 -0.311500 -2.244700 -1.416800 -0.963300 -0.977100 -1.659300 -0.745300 -5.312100 -7.485600 
0.878000 -2.895900 -2.459600 -0.770900 -1.512500 -1.152900 -0.278000 -1.788500 -2.005200 -2.662800 -3.294700 -5.809600 
0.880000 -1.319100 -1.712100 -0.395800 -4.457900 -1.666600 -1.331400 -3.034200 -2.938100 -1.729900 -11.140800 -2.315700 
0.882000 -0.921900 -1.299900 -1.807000 -4.558200 -0.558400 -2.168000 -2.100700 -1.594700 -3.836200 -3.719700 -6.126800 
0.884000 -0.821200 -0.895800 -0.690300 -3.441700 -1.616800 -1.176300 -1.745800 -6.844400 -3.666000 -5.441600 -3.363400 
0.886000 -1.443600 -0.904600 -1.833400 -2.422700 -0.097900 -2.709300 -0.337600 -0.993500 -1.226500 -3.025800 -3.058500 
0.888000 -1.627300 -3.081100 -3.133200 -1.951100 -1.396700 -2.704900 -2.098300 -1.666700 -4.277600 -1.074500 -2.338000 
0.890000 -2.702500 -0.700000 -1.767600 -1.594200 -2.066300 -2.225600 -2.372100 -3.272100 -1.037000 -1.352800 -12.774600 
0.892000 -1.384400 -0.255800 -1.712200 -1.681200 -0.867500 -1.448200 -1.949800 -6.707300 -2.114000 -4.183900 -4.023000 
0.894000 -1.752800 -1.393800 -0.484100 -2.726500 -1.410200 -1.341200 -0.615600 -6.081800 -2.377000 -5.175800 -3.239400 
0.896000 -1.586500 -1.119300 -1.386700 -1.465500 -1.496300 -0.707100 -1.505900 -3.967000 -5.565700 -4.333100 -6.009900 
0.898000 -2.232000 -1.735100 -0.315000 -1.210600 -1.535400 -1.946200 -0.854400 -3.941900 -3.175300 -2.762400 -20.920000 
0.900000 -0.331400 -1.720100 -1.419300 -3.680200 -1.599300 -2.396300 -1.635600 -3.523500 -3.985300 -5.882800 -29.059300 
0.902000 -0.371600 -0.989200 -1.603800 -3.102800 -1.453300 -0.650600 -1.862200 -2.870800 -1.423600 -1.641500 -5.282100 
0.904000 -1.397500 -1.481600 -1.470900 -2.843300 -2.750100 -1.717400 -2.019600 -2.659200 -3.993300 -1.395000 -10.326600 
0.906000 -0.530900 -0.456300 -0.632800 -2.284600 -2.357700 -1.309400 -0.719700 -7.670800 -4.180600 -2.426000 -2.108700 
0.908000 -1.063600 -1.862700 -0.879100 -2.137500 -0.624400 -0.457900 -0.850900 -4.771800 -0.758500 -2.928000 -2.765600 
0.910000 -2.631400 -0.576000 -2.443100 -1.556300 -2.046700 -5.042600 -0.436900 -2.578100 -1.833000 -5.122000 -6.650500 
0.912000 -2.674300 -0.989400 -0.829900 -4.046500 -1.089000 -0.985400 -3.273900 -2.294800 -0.630300 -2.464500 -2.039000 
0.914000 -2.705500 -0.601800 -1.961500 -1.170300 -1.827100 -1.432800 -0.285200 -1.101700 -2.507700 -2.524700 -11.611200 
0.916000 -0.829700 -2.787200 -1.410800 -2.426700 -3.507500 -2.920000 -1.353800 -2.924800 -5.611300 -1.387300 -1.258500 
0.918000 -1.027700 -0.921100 -0.801900 -0.564600 -1.692700 -5.426400 -2.120100 -1.798300 -2.808800 -5.885100 -16.034000 
0.920000 -0.785000 -1.859500 -0.762900 -1.627500 -2.487500 -3.126900 -1.390500 -1.474900 -1.701700 -0.388900 -5.751400 
0.922000 -0.954300 -2.051200 -1.371900 -0.862800 -0.892000 -0.884700 -2.364400 -1.848200 -0.424600 -7.340700 -2.346100 
0.924000 -2.217100 -2.382400 -1.305100 -1.027500 -2.912200 -1.475900 -0.587700 -3.529700 -0.886300 -1.704300 -1.342400 
0.926000 -0.858500 -1.684000 -1.366500 -0.575500 -1.375100 -2.677000 -1.190000 -3.023700 -3.373400 -3.412900 -1.447600 
0.928000 -1.876700 -1.352300 -1.862700 -1.743500 -1.152000 -2.629000 -1.418300 -2.944200 -8.369500 -4.405500 -0.769700 
0.930000 -2.149000 -0.928800 -0.879800 -2.603500 -2.447500 -0.611100 -1.398000 -2.516100 -2.426500 -5.514000 -3.869300 
0.932000 -0.721100 -2.517900 -2.212500 -1.645400 -0.841800 -0.670600 -0.865700 -1.674800 -3.098600 -5.358000 -2.567800 
0.934000 -0.179500 -0.727200 -0.542700 -3.615200 -0.772700 -2.141700 -2.739600 -0.766600 -6.517000 -8.707700 -2.860700 
0.936000 -1.073900 -1.333200 -0.782600 -1.687200 -0.504500 -0.827000 -0.958800 -1.773300 -1.141500 -17.283300 -3.559000 
0.938000 -1.209300 -0.598600 -2.856000 -2.838200 -0.674600 -0.762500 -0.966600 -5.967300 -1.033400 -1.186400 -3.228200 
0.940000 -1.703800 -0.470500 -1.236100 -1.393800 -1.399100 -1.549400 -0.879500 -3.117000 -9.180600 -6.315400 -4.304000 
0.942000 -0.330600 -2.283400 -0.638700 -1.508600 -0.994500 -0.970000 -2.075800 -1.351800 -4.624500 -3.704800 -2.246000 
0.944000 -1.410800 -0.747600 -0.858400 -1.495500 -1.514500 -0.896500 -0.907300 -4.466100 -2.055600 -7.336400 -6.655700 
0.946000 -2.047000 -3.632700 -2.040100 -2.021900 -1.310300 -1.693500 -1.432600 -2.634200 -1.392000 -2.418800 -3.891100 
0.948000 -1.881100 -1.737600 -2.035700 -3.804700 -2.607400 -3.165100 -2.566200 -1.558100 -1.545500 -7.709300 -6.852400 
0.950000 -0.449500 -0.602600 -1.031100 -2.915000 -1.112300 -1.599200 -1.052000 -2.418800 -2.015400 -3.278300 -1.199700 
0.952000 -1.672500 -0.632500 -1.452800 -1.044300 -0.604300 -3.174300 -2.100400 -3.209200 -2.917900 -3.773500 -2.748300 
0.954000 -3.514100 -0.731800 -0.760600 -3.258500 -0.933000 -1.674100 -1.618200 -4.114600 -0.459300 -7.981400 -5.337600 
0.956000 -0.516000 -1.510800 -0.708300 -1.467700 -1.545800 -1.564100 -1.851500 -0.917900 -4.404200 -13.076600 -3.614400 
0.958000 -1.680800 -0.921400 -2.356000 -2.737100 -0.393800 -0.945200 -3.374400 -2.061700 -2.459300 -7.871800 -28.852000 
0.960000 -0.450500 -1.844600 -0.897300 -0.901800 -0.425300 -1.949800 -2.141100 -0.118900 -1.416400 -6.206300 -23.515300 
0.962000 -0.552200 -0.190600 -0.666900 -1.924300 -1.270700 -2.363500 -2.051500 -5.071100 -2.947400 -3.275100 -16.550600 
0.964000 -2.254000 -0.422600 -0.680100 -1.668400 -2.373700 -1.938300 -1.154800 -5.508500 -4.468300 -6.576400 -25.894000 
0.966000 -2.726500 -2.045600 -2.420000 -1.983700 -1.085400 -0.993400 -2.660300 -0.927400 -1.564500 -2.173800 -17.505900 
0.968000 -1.015500 -1.436300 -1.202600 -1.071800 -1.407900 -1.561700 -1.974000 -1.736900 -2.331300 -5.913600 -3.546500 
0.970000 -1.200100 -0.554100 -1.368800 -2.799900 -0.996500 -1.787900 -1.152800 -2.685300 -3.639200 -6.140400 -9.501700 
0.972000 -1.519700 -2.728600 -1.163100 -3.455100 -1.457600 -1.555500 -2.539700 -2.096100 -2.001400 -3.086100 -5.821800 
0.974000 -1.353700 -1.179700 -0.594700 -2.211100 -1.662600 -1.603200 -1.237800 -5.477000 -7.420200 -2.206200 -8.237000 
0.976000 -1.548400 -1.739100 -0.320700 -0.834700 -2.931400 -0.728400 -4.114400 -4.121100 -1.325500 -2.846300 -17.805900 
0.978000 -1.731900 -0.934300 -2.297900 -2.465200 -2.534300 -1.841000 -0.869800 -2.259400 -1.752500 -3.902700 -26.629400 
0.980000 -1.173200 -0.844600 -0.599200 -1.810900 -1.023000 -1.011500 -1.975400 -2.717000 -0.737900 -4.368200 -12.997200 
0.982000 -0.777400 -1.494200 -1.312200 -2.817200 -1.032300 -3.385300 -2.285300 -4.086000 -1.797400 -3.914400 -2.892200 
0.984000 -1.925100 -0.701900 -0.666800 -2.591100 -1.850700 -1.632200 -1.398600 -4.141900 -3.018500 -6.384900 -1.358800 
0.986000 -0.956200 -3.333800 -1.753800 -2.107100 -0.959900 -1.972600 -1.536900 -2.463000 -5.935600 -8.715800 -2.151900 
0.988000 -1.220300 -1.454100 -1.045200 -2.845600 -0.691600 -0.547300 -0.864800 -2.271100 -1.749300 -3.106400 -12.922500 
0.990000 -0.666400 -1.286300 -0.502900 -0.631000 -0.934700 -4.154600 -1.385800 -2.350900 -4.773200 -5.135800 -6.627600 
0.992000 -0.894300 -1.879500 -1.115100 -0.833100 -2.624100 -2.541800 -3.639100 -2.722300 -3.296300 -6.515500 -2.696500 
0.994000 -1.918000 -1.402700 -0.650800 -1.763300 -0.957000 -3.599600 -4.425500 -4.082400 -1.642100 -7.977900 -2.791800 
0.996000 -1.860300 -1.398400 -1.059200 -2.276700 -1.129200 -1.033200 -1.850400 -5.223000 -1.283900 -5.497400 -4.539600 
0.998000 -1.039200 -1.913900 -0.345900 -1.846800 -0.975900 -2.312200 -0.940200 -1.665400 -2.797500 -3.036600 -0.870200 
