# gradients (DV/DL) for lambdas: 0.0 0.1 0.2 0.3 0.4 0.5 0.6 0.7 0.8 0.9 1.0
0.000000 -1.799200 -1.553500 -5.507900 -3.166400 -3.134000 -1.200700 -1.982700 -10.349700 -24.478500 -17.186700 -104.843100 
0.002000 -1.667400 -3.149600 -1.949900 -5.580600 -1.746400 -6.391900 -9.424000 -4.825800 -18.394600 -14.167400 -58.619100 
0.004000 -1.401500 -1.910100 -3.454900 -2.013300 -5.299100 -2.778700 -4.997900 -2.492500 -26.412300 -11.926200 -125.012600 
0.006000 -0.756900 -1.858400 -2.578000 -1.188600 -5.316400 -3.026500 -6.647000 -3.518700 -19.129400 -5.430500 -88.286000 
0.008000 -1.190900 -2.111600 -2.750400 -1.629500 -4.269400 -5.277700 -7.851100 -4.978400 -30.575400 -6.019400 -83.815500 
0.010000 -1.095500 -0.887100 -1.648500 -3.576500 -2.808000 -5.329700 -9.017200 -7.109600 -20.502900 -5.369800 -97.731100 
0.012000 -1.044000 -3.602400 -2.193700 -2.778100 -3.694100 -8.112500 -6.945400 -2.730800 -17.855800 -7.917000 -72.899600 
0.014000 -1.256900 -4.099600 -2.242500 -1.539100 -4.872800 -3.768700 -7.171500 -4.109800 -21.193100 -5.180400 -79.607100 
0.016000 -0.783700 -3.289700 -1.755700 -1.064900 -4.059600 -1.287800 -3.923900 -6.552400 -25.213700 -1.019300 -68.334300 
0.018000 -0.894800 -1.402200 -3.412900 -2.059800 -0.459300 -3.834000 -9.121200 -10.159000 -16.878700 -3.958500 -61.300500 
0.020000 -0.933500 -4.157500 -0.597000 -4.359900 -3.229400 -4.516600 -1.617200 -2.737400 -11.908800 -8.829200 -72.101700 
0.022000 -1.187500 -2.796000 -1.666000 -0.990000 -1.901300 -2.927300 -1.924600 -7.295200 -18.623200 -14.278200 -71.906400 
0.024000 -2.647800 -2.336100 -1.410200 -1.616900 -9.501600 -5.275300 -6.897200 -3.442000 -23.934300 -8.989100 -67.156500 
0.026000 -2.100400 -0.617800 -0.859700 -2.997400 -3.384200 -4.340600 -4.021200 -4.345600 -16.018400 -18.799700 -83.935700 
0.028000 -0.891600 -4.768000 -7.723700 -2.140300 -4.866400 -7.661700 -2.852400 -6.283800 -13.569200 -18.493800 -74.721300 
0.030000 -3.795300 -3.392600 -6.037500 -1.723100 -0.721400 -5.876700 -3.346800 -0.778900 -25.676600 -20.396100 -103.445300 
0.032000 -1.719400 -2.309000 -1.485300 -0.611200 -2.590600 -5.410400 -4.507800 -5.242400 -6.339100 -21.560600 -72.293400 
0.034000 -1.417200 -3.116700 -3.380200 -0.200400 -2.228500 -4.890500 -6.641300 -9.091900 -24.572500 -15.133900 -80.419900 
0.036000 -4.093400 -2.460100 -0.408600 -1.307600 -3.704900 -6.271500 -7.817800 -3.861900 -26.183900 -18.994200 -97.447000 
0.038000 -4.646500 -2.569700 -2.409800 -3.789700 -0.559400 -6.527200 -2.835200 -13.961900 -13.843100 -17.770800 -67.376400 
0.040000 -3.534300 -4.833400 -1.955200 -1.422800 -2.121100 -5.421800 -6.226900 -7.078500 -13.310500 -19.495600 -71.735000 
0.042000 -1.094300 -2.458900 -2.006200 -5.375300 -3.467900 -2.937100 -1.715800 -8.021500 -13.126200 -13.970100 -95.255200 
0.044000 -1.248900 -1.587200 -2.674000 -1.427900 -3.036000 -4.962300 -2.435100 -3.551500 -17.903400 -10.056500 -88.894200 
0.046000 -1.326600 -3.325200 -2.267300 -2.869700 -4.050900 -6.207700 -6.559600 -7.476000 -13.649200 -5.234100 -71.345200 
0.048000 -1.245900 -1.974300 -4.451900 -1.997700 -3.252400 -10.570400 -3.297600 -5.242700 -23.755700 -8.673100 -68.957600 
0.050000 -1.810000 -2.282600 -1.529400 -2.105200 -2.200800 -5.818800 -8.792200 -5.771500 -23.243900 -9.825500 -66.531800 
0.052000 -3.004000 -3.231200 -2.419300 -0.508300 -2.765000 -4.465400 -3.784500 -6.692700 -23.189700 -13.171700 -69.835100 
0.054000 -1.956300 -3.235900 -1.794500 -2.958000 -4.477500 -7.896900 -6.953000 -6.908800 -20.410600 -10.874700 -94.929900 
0.056000 -0.719600 -0.978900 -1.529100 -3.421000 -6.259800 -7.461400 -11.546100 -8.192900 -24.501600 -24.301800 -67.732700 
0.058000 -2.879600 -2.454800 -0.982500 -1.467900 -3.083700 -5.141100 -10.093300 -8.105700 -28.564300 -9.563100 -72.113300 
0.060000 -1.967200 -5.480600 -1.314800 -1.702900 -2.295000 -6.451600 -11.088700 -12.543500 -23.795200 -7.876200 -62.127200 
0.062000 -2.293600 -2.170000 -1.711300 -1.719300 -1.999500 -5.211600 -8.078100 -7.998800 -27.910300 -14.598600 -75.383700 
0.064000 -0.856800 -2.281300 -2.352000 -2.566300 -1.193000 -4.106600 -5.583000 -8.217000 -23.137800 -12.514800 -107.301400 
0.066000 -1.727900 -4.158600 -1.547000 -0.973600 -2.920800 -3.681900 -4.134700 -3.156900 -23.432400 -9.729200 -99.105300 
0.068000 -1.688100 -2.783800 -1.781000 -4.486500 -0.847500 -1.188400 -3.081200 -9.796400 -15.710100 -21.759900 -89.365300 
0.070000 -1.819600 -3.143200 -2.329500 -0.938100 -1.239100 -4.470600 -6.599600 -4.980600 -14.338900 -14.275700 -87.629600 
0.072000 -1.360600 -1.967000 -2.036300 -1.244500 -1.161900 -3.463200 -3.607400 -4.656200 -18.072800 -9.264900 -116.276300 
0.074000 -1.369900 -0.650500 -2.204800 -1.378900 -0.808400 -5.877800 -5.432100 -6.842700 -20.251800 -11.325800 -99.346800 
0.076000 -0.678500 -0.872000 -1.572400 -1.568500 -2.781000 -5.117800 -7.373100 -5.156700 -22.971800 -12.004000 -89.669300 
0.078000 -1.442000 -5.334200 -2.218200 -2.958000 -2.299100 -2.405800 -6.180200 -6.806900 -4.926700 -12.607900 -114.732900 
0.080000 -0.692400 -1.640200 -1.862100 -1.328200 -3.050900 -3.485800 -2.126800 -4.452000 -7.925100 -15.655800 -117.477900 
0.082000 -2.195900 -1.678000 -3.941700 -3.608600 -3.191400 -3.870300 -2.210500 -8.663500 -7.207500 -24.092700 -55.262500 
0.084000 -1.034900 -3.108700 -2.403600 -1.270700 -2.054600 -1.723700 -1.471100 -4.698300 -8.605600 -10.354300 -86.485200 
0.086000 -1.065600 -1.089600 -1.207800 -3.010800 -4.075800 -2.311100 -1.891600 -4.325500 -16.842400 -6.514100 -82.666100 
0.088000 -1.014500 -3.468200 -4.272000 -1.522100 -3.656600 -3.439400 -2.866000 -3.139100 -16.374700 -2.991600 -56.902600 
0.090000 -1.134600 -1.898300 -2.567000 -0.816500 -2.455200 -4.148100 -2.464800 -3.636500 -6.480200 -11.136600 -93.131200 
0.092000 -0.757100 -4.419000 -4.186100 -1.458700 -2.108900 -5.559900 -3.491600 -9.728400 -3.688300 -18.516200 -106.629100 
0.094000 -2.494000 -4.261100 -2.873400 -2.326400 -2.684300 -2.825000 -0.164000 -3.636300 -11.396100 -9.965300 -64.761200 
0.096000 -3.335300 -0.644700 -2.608000 -1.948400 -3.461400 -2.247700 -1.694100 -3.473600 -18.921600 -20.649600 -92.766600 
0.098000 -1.851600 -5.228600 -1.470100 -2.998500 -1.088000 -3.612700 -3.613300 -7.867300 -10.075200 -19.433400 -78.061100 
0.100000 -2.454500 -2.365300 -2.711200 -1.098900 -2.085200 -4.579100 -1.940700 -10.198200 -12.439700 -13.883100 -129.763000 
0.102000 -1.352200 -2.047000 -1.889400 -4.169500 -2.405000 -3.068700 -2.274400 -7.852700 -23.457900 -28.258900 -103.584800 
0.104000 -1.467000 -1.424900 -6.036200 -2.355900 -0.681700 -4.805000 -5.455100 -20.767300 -7.002500 -10.508400 -86.864900 
0.106000 -1.187500 -1.000100 -1.598700 -1.587400 -1.717500 -2.687400 -3.716800 -4.075700 -13.717900 -28.076700 -99.494300 
0.108000 -2.819800 -4.817700 -1.668500 -1.161500 -3.631600 -4.440200 -4.834900 -6.769700 -10.963100 -27.579500 -61.283800 
0.110000 -1.166900 -2.040300 -2.979000 -0.444000 -1.110600 -4.814200 -2.240200 -4.149400 -9.510700 -27.053000 -104.782600 
0.112000 -2.433100 -3.486800 -2.315600 -2.282100 -5.152200 -3.682800 -2.985900 -9.240000 -11.790100 -22.029900 -103.632800 
0.114000 -2.107300 -1.989700 -0.688000 -2.154600 -0.375700 -3.543800 -2.761200 -2.895900 -14.001700 -14.974400 -94.681700 
0.116000 -1.029300 -2.724100 -1.694800 -2.437100 -4.473900 -5.063500 -3.965600 -12.034900 -11.417900 -11.298200 -89.104700 
0.118000 -1.001700 -3.510500 -3.982400 -1.725700 -2.161300 -4.711400 -2.121000 -1.735100 -14.299500 -8.367600 -112.377700 
0.120000 -0.870200 -2.268000 -4.561400 -1.876400 -1.683900 -5.401100 -3.954000 -3.049700 -19.399900 -13.496100 -68.700400 
0.122000 -2.187300 -2.688700 -3.482200 -1.797400 -1.754700 -2.506800 -3.735100 -4.011000 -7.730100 -7.599500 -65.093000 
0.124000 -1.444800 -1.976600 -1.882400 -3.466900 -0.946100 -4.123000 -4.849800 -9.636000 -4.737200 -15.149600 -60.802100 
0.126000 -3.326700 -3.177100 -3.319200 -2.544100 -1.772900 -3.894500 -2.994200 -4.134600 -15.559400 -7.326500 -68.351700 
0.128000 -1.133400 -1.232200 -3.041600 -0.737100 -3.247200 -1.963300 -0.966200 -10.536900 -3.509300 -9.459200 -95.043900 
0.130000 -1.872900 -1.351000 -3.057300 -1.759400 -1.758300 -3.690400 -3.472900 -4.661900 -2.793200 -17.858100 -97.484200 
0.132000 -2.779500 -2.740900 -1.029500 -1.297600 -2.485800 -4.364700 -0.657200 -8.307000 -3.726200 -15.657900 -71.986600 
0.134000 -2.457700 -1.161100 -1.180200 -0.397000 -2.464100 -1.044900 -5.580400 -4.892500 -13.057500 -32.278700 -79.957500 
0.136000 -2.413800 -2.955300 -3.982600 -1.346500 -3.045900 -5.151800 -3.384600 -0.562400 -5.393300 -16.253600 -87.961700 
0.138000 -0.336700 -1.736200 -1.964400 -3.646200 -2.180300 -4.731600 -1.366000 -3.843900 -11.824200 -23.576700 -76.957500 
0.140000 -0.842600 -2.807400 -2.897300 -1.569300 -1.220900 -1.190500 -3.466300 -10.860400 -10.875100 -1.350900 -70.950100 
0.142000 -0.911500 -2.147800 -4.023500 -1.168400 -1.447800 -5.798800 -2.995800 -3.029400 -13.812500 -8.270300 -71.368100 
0.144000 -0.536900 -1.028700 -3.810700 -2.242700 -1.397700 -3.233200 -4.402400 -5.662100 -14.708900 -10.320100 -95.556300 
0.146000 -3.482100 -1.804800 -3.363200 -3.291600 -3.570200 -1.165200 -1.230100 -3.510400 -9.380500 -6.532800 -73.855400 
0.148000 -1.483800 -1.217000 -6.661000 -1.494800 -2.152000 -6.717900 -4.370500 -9.195400 -8.571800 -1.005800 -84.254700 
0.150000 -1.658000 -1.247200 -1.397500 -1.290300 -1.560600 -4.747500 -8.467700 -9.281600 -13.488700 -15.373700 -90.105200 
0.152000 -2.758900 -4.966600 -2.321600 -2.317900 -2.314100 -1.481500 -7.354800 -5.047100 -11.518500 -9.410200 -73.875100 
0.154000 -1.900300 -1.459600 -2.717500 -2.025100 -1.423400 -5.474200 -2.628900 -3.000600 -9.626200 -19.410500 -79.099000 
0.156000 -0.897700 -1.849800 -3.007200 -3.840100 -4.122100 -5.281100 -3.646800 -6.812300 -18.956500 -19.278000 -94.889800 
0.158000 -1.869200 -5.608300 -5.106800 -2.277200 -3.098600 -2.795900 -4.672100 -16.208100 -11.667000 -14.831400 -86.569600 
0.160000 -3.343200 -2.119500 -3.194900 -1.168800 -5.564500 -2.991500 -3.065400 -11.811400 -2.446200 -9.387400 -102.118400 
0.162000 -1.639300 -2.564700 -2.096700 -1.565900 -4.650500 -2.533100 -4.759600 -5.611300 -19.054800 -13.605000 -77.038700 
0.164000 -1.225400 -1.708600 -2.352800 -4.208800 -1.197100 -2.523200 -5.712300 -4.484800 -5.012900 -5.254800 -68.048100 
0.166000 -0.906700 -1.760400 -1.650800 -1.345600 -4.493000 -0.927300 -2.271500 -7.367000 -11.920200 -16.383200 -73.587400 
0.168000 -0.512100 -0.674600 -1.343800 -2.192000 -1.477400 -2.212100 -7.312000 -11.424100 -11.995300 -24.215700 -73.702900 
0.170000 -1.987100 -1.295100 -0.972100 -2.858400 -2.740500 -8.051500 -4.683900 -6.677600 -6.102400 -22.410500 -74.864200 
0.172000 -1.158200 -1.080000 -1.032100 -3.545300 -0.920900 -4.427200 -0.228400 -11.217500 -9.790400 -16.422500 -99.669700 
0.174000 -1.345900 -3.269500 -1.752500 -1.814000 -3.405600 -1.255600 -4.781500 -14.357800 -9.922600 -37.921000 -104.782000 
0.176000 -2.867800 -1.925800 -4.051400 -2.140000 -2.383500 -4.404000 -5.300100 -10.266700 -11.176600 -15.876300 -88.669800 
0.178000 -1.276600 -3.307200 -1.969600 -1.155200 -1.597400 -4.087200 -1.211400 -6.943300 -9.217100 -20.030400 -80.546400 
0.180000 -2.018300 -2.210800 -2.946100 -0.231200 -5.492500 -5.078100 -2.351800 -7.214700 -5.673300 -17.574500 -59.523400 
0.182000 -2.182300 -1.987600 -3.869500 -0.239300 -4.404100 -5.475600 -4.642900 -6.180200 -4.216200 -19.279500 -74.473800 
0.184000 -3.187200 -0.877100 -0.766800 -3.510700 -1.845300 -2.152000 -3.383100 -5.154700 -7.355200 -19.971200 -44.050200 
0.186000 -3.006800 -2.227300 -1.071900 -1.501000 -4.875500 -5.292000 -3.867200 -10.550300 -6.470700 -29.313400 -80.526200 
0.188000 -2.138800 -3.860700 -2.442500 -2.110900 -1.930900 -2.708400 -2.247300 -7.377000 -17.094800 -30.244800 -77.403500 
0.190000 -2.099600 -1.451400 -1.184800 -1.265100 -1.419200 -4.430200 -2.448600 -4.653000 -8.655500 -12.441800 -88.953200 
0.192000 -2.672200 -2.137300 -0.732500 -2.470800 -0.703600 -4.330700 -2.839100 -5.488000 -19.748600 -20.125600 -76.652300 
0.194000 -2.697400 -4.094300 -2.431200 -0.261900 -2.679200 -1.815200 -4.488300 -9.282200 -5.660400 -36.620600 -90.206000 
0.196000 -1.733800 -1.450000 -2.414400 -0.989100 -0.595400 -5.155800 -3.476700 -7.523700 -8.564100 -18.043600 -84.026000 
0.198000 -2.255600 -2.695100 -0.888700 -3.265000 -3.710300 -2.659100 -0.981900 -3.672300 -11.376900 -26.264100 -90.822800 
0.200000 -2.744600 -2.522800 -2.889300 -5.033900 -2.954700 -3.982000 -4.390700 -3.796500 -4.245900 -15.745600 -89.859100 
0.202000 -1.078800 -0.217900 -2.298700 -0.606600 -1.734600 -2.842500 -1.711800 -5.643000 -10.927400 -8.592000 -56.355100 
0.204000 -4.199300 -1.817600 -1.665100 -1.820500 -2.679200 -2.764400 -3.022700 -7.910100 -9.819800 -31.964900 -70.455900 
0.206000 -2.348700 -1.611600 -3.685200 -0.753800 -2.537700 -3.382500 -4.054000 -3.724400 -13.465400 -14.308700 -60.359300 
0.208000 -2.436900 -2.818100 -3.132900 -1.797400 -5.148700 -6.503400 -2.712700 -3.520000 -21.304400 -20.597100 -108.243900 
0.210000 -0.999400 -1.482900 -0.987100 -0.960300 -5.171200 -5.538500 -3.233500 -5.451500 -23.799900 -21.149200 -97.695300 
0.212000 -1.777900 -0.569800 -2.516100 -1.452500 -2.880700 -5.177900 -0.154300 -8.674700 -21.037900 -21.355100 -65.006000 
0.214000 -3.728600 -2.468600 -1.237300 -0.966500 -1.883800 -5.360500 -2.737600 -7.663800 -19.450800 -22.436600 -63.533300 
0.216000 -0.791600 -2.050300 -1.598600 -1.042200 -1.629400 -5.776000 -3.166200 -10.907600 -12.197500 -30.262200 -74.542600 
0.218000 -1.086700 -3.028900 -2.099600 -3.125100 -1.871900 -4.842100 -2.788700 -5.842600 -27.729300 -19.640500 -78.359800 
0.220000 -3.001900 -0.687000 -0.985100 -1.200100 -1.885300 -5.876400 -1.553800 -5.092600 -29.520600 -23.736900 -87.570800 
0.222000 -0.737500 -1.390500 -0.849900 -1.880600 -1.130000 -12.099400 -1.082500 -3.685600 -27.714100 -11.775000 -63.723000 
0.224000 -2.683900 -0.534400 -1.596000 -1.463200 -3.178800 -7.025000 -2.718700 -5.989000 -30.060700 -19.402900 -65.607300 
0.226000 -1.523700 -3.767600 -1.314200 -0.824000 -1.293000 -8.352800 -2.869800 -6.080700 -25.555800 -15.058300 -62.105200 
0.228000 -0.503200 -6.476800 -1.407500 -2.558000 -1.622100 -7.967700 -8.094500 -8.100400 -21.989000 -8.986400 -104.281700 
0.230000 -1.726100 -0.533900 -1.783400 -1.256400 -1.503900 -6.700600 -4.273100 -11.637800 -18.305600 -3.534700 -59.149700 
0.232000 -2.165300 -0.364300 -1.226200 -5.232600 -2.294500 -5.853700 -7.017200 -10.599100 -5.449200 -4.669700 -79.372300 
0.234000 -1.441800 -1.764600 -1.803800 -0.869300 -5.813600 -6.020300 -2.290300 -9.446700 -2.957700 -0.785900 -71.104100 
0.236000 -1.811200 -4.591200 -2.544400 -0.312300 -3.527600 -4.709900 -2.375400 -6.102500 -4.636500 -12.252000 -77.952900 
0.238000 -1.505300 -3.997600 -4.774000 -2.005100 -2.171100 -1.561300 -2.981400 -8.748500 -5.885700 -11.065600 -80.313700 
0.240000 -0.291700 -1.812900 -1.555500 -0.415900 -1.258600 -4.672100 -3.711400 -2.378800 -5.072400 -6.963200 -103.027400 
0.242000 -1.483900 -2.416000 -0.578300 -0.521900 -1.974100 -2.106900 -2.433800 -5.931100 -4.439800 -19.241000 -106.654300 
0.244000 -2.555000 -1.980500 -2.135300 -0.937800 -3.573300 -3.640500 -4.928700 -4.160500 -10.650400 -11.100500 -84.196400 
0.246000 -2.831900 -1.732500 -0.738300 -2.455300 -1.736700 -4.060900 -2.096900 -5.211100 -4.990700 -16.725700 -102.157900 
0.248000 -1.475200 -3.618100 -5.762200 -4.625700 -2.344200 -6.014100 -3.282900 -14.345000 -10.679400 -8.305500 -87.389800 
0.250000 -3.259500 -1.374300 -2.686200 -0.620300 -1.604700 -2.652200 -5.130000 -10.968600 -5.074000 -6.725000 -74.543000 
0.252000 -2.632600 -1.996500 -1.984700 -5.282800 -4.114200 -3.383400 -2.860200 -9.600800 -3.728800 -20.263600 -77.002900 
0.254000 -1.045200 -2.772700 -1.118400 -1.125300 -3.054200 -5.035700 -1.586400 -6.905400 -2.987000 -7.185900 -78.147800 
0.256000 -1.209300 -1.468600 -2.766200 -0.872000 -1.464200 -5.229800 -5.026100 -21.402100 -7.377600 -21.032700 -93.834800 
0.258000 -1.697400 -2.849300 -0.409500 -0.908900 -0.976100 -3.708800 -6.526600 -7.990900 -5.280800 -9.061300 -92.962400 
0.260000 -1.356000 -4.786100 -1.418200 -1.417500 -0.753600 -4.306700 -4.760800 -3.800000 -4.480500 -57.388200 -86.472400 
0.262000 -0.702200 -1.633300 -3.835000 -0.166500 -4.313000 -6.845600 -5.183500 -3.480400 -5.308400 -22.817600 -67.182000 
0.264000 -2.444600 -5.046400 -4.236000 -1.333700 -1.879100 -3.020600 -3.557500 -3.543300 -3.149700 -21.662000 -61.407300 
0.266000 -0.811600 -3.590600 -1.150700 -1.373000 -1.562700 -6.137900 -4.563100 -7.879600 -4.561900 -21.473600 -73.338200 
0.268000 -1.672500 -1.708000 -2.464800 -2.745900 -3.051700 -5.939600 -3.676200 -1.392500 -2.773200 -24.816500 -79.015200 
0.270000 -1.455200 -3.471900 -2.834700 -0.892200 -0.867600 -2.040600 -2.134500 -9.940400 -3.080500 -42.654900 -107.310400 
0.272000 -3.425900 -2.797300 -1.555400 -0.732500 -2.200200 -2.074500 -2.925100 -8.514800 -2.581900 -23.987900 -75.800800 
0.274000 -2.538200 -2.841300 -0.583400 -3.054300 -1.480600 -2.603800 -3.111700 -10.835900 -1.971300 -13.603900 -64.375900 
0.276000 -1.504200 -2.604300 -0.557500 -3.282900 -1.210300 -12.084500 -5.656500 -3.141600 -9.798300 -22.942800 -61.272700 
0.278000 -0.751600 -2.499800 -2.343600 -1.609600 -0.816900 -4.280400 -2.190500 -3.647900 -6.461300 -9.759100 -82.742000 
0.280000 -2.959400 -2.010900 -3.009600 -2.250300 -4.639900 -2.158100 -1.129400 -2.894900 -2.749700 -10.285800 -72.953100 
0.282000 -1.506200 -1.321100 -2.696200 -1.400500 -2.741000 -1.708000 -3.273000 -5.714300 -3.677900 -6.077400 -81.826800 
0.284000 -1.295100 -0.890400 -0.403000 -1.591000 -1.891300 -1.745900 -3.848300 -8.139000 -2.678500 -11.556400 -89.734300 
0.286000 -0.946200 -1.739200 -1.131200 -1.107700 -1.421200 -5.894400 -2.556200 -1.949100 -2.808700 -11.342100 -81.176200 
0.288000 -1.554000 -2.457300 -1.144300 -2.689300 -1.766100 -5.784400 -1.357200 -5.326000 -2.998600 -3.554900 -60.015100 
0.290000 -1.671100 -2.718800 -4.208100 -3.768500 -1.160700 -5.728600 -7.794800 -5.746600 -2.605900 -13.474200 -67.481900 
0.292000 -1.249200 -3.126700 -0.131300 -2.381900 -4.335700 -5.686100 -2.058900 -6.027800 -2.646600 -10.064200 -82.410900 
0.294000 -0.523100 -1.168500 -1.788200 -0.366300 -1.281900 -9.562900 -1.586200 -10.657700 -2.020100 -5.690900 -81.706600 
0.296000 -2.992200 -2.435700 -2.364200 -1.679300 -2.935900 -3.432500 -5.636000 -4.941100 -7.567400 -12.466400 -76.831200 
0.298000 -1.774700 -1.194800 -1.844100 -3.581700 -2.621700 -9.958700 -2.276600 -8.054200 -9.286000 -14.462200 -85.796900 
0.300000 -1.506300 -3.103200 -2.448100 -0.664400 -2.770000 -8.836200 -1.528300 -6.863700 -6.398900 -9.186600 -115.734100 
0.302000 -0.586600 -2.812500 -0.196900 -0.669400 -3.240900 -8.542000 -3.225500 -7.022600 -6.443100 -19.196000 -83.306300 
0.304000 -2.381200 -1.320800 -0.206300 -3.213500 -1.612100 -6.994600 -0.816600 -6.378700 -5.565600 -10.940800 -108.413800 
0.306000 -1.669100 -2.425300 -2.575200 -4.546200 -3.935400 -10.840400 -0.750700 -5.079800 -4.349700 -15.068900 -87.595200 
0.308000 -0.250700 -2.492200 -2.681400 -2.085300 -4.271700 -10.419000 -6.040300 -12.285800 -4.686800 -5.312800 -94.539400 
0.310000 -1.061800 -2.689300 -4.090800 -1.505900 -5.345200 -8.146200 -3.498500 -4.941200 -7.056100 -8.637000 -60.451600 
0.312000 -1.623800 -0.876300 -2.074300 -3.542300 -0.850200 -8.040200 -1.696300 -2.057300 -9.864400 -16.636600 -98.567400 
0.314000 -2.823500 -1.321900 -1.114800 -0.643700 -5.750900 -8.165700 -2.415500 -3.781300 -8.903900 -12.529100 -70.629500 
0.316000 -1.965500 -5.677200 -2.760800 -1.664300 -4.544900 -5.088500 -1.583100 -2.547000 -4.336000 -10.822900 -103.317200 
0.318000 -1.331900 -2.560100 -1.255600 -4.153900 -1.304800 -4.463800 -1.574100 -3.803500 -4.979700 -5.073300 -81.576200 
0.320000 -2.944100 -1.323500 -0.633500 -1.470700 -2.108900 -3.022100 -3.579300 -4.307200 -4.784800 -7.757400 -54.090900 
0.322000 -4.418600 -2.806800 -1.628300 -0.403800 -1.712400 -3.561100 -1.701000 -4.694700 -2.588500 -26.243900 -81.181300 
0.324000 -1.048400 -1.899400 -5.180300 -1.006100 -5.090100 -5.390200 -8.764100 -9.819900 -4.181300 -11.555900 -82.037000 
0.326000 -3.013100 -0.885700 -2.547200 -1.004400 -1.426000 -9.577900 -1.538600 -6.920000 -4.053300 -4.329900 -82.223000 
0.328000 -3.651500 -6.124800 -2.100100 -1.238900 -3.578200 -2.970000 -1.084100 -5.851100 -6.796200 -1.978600 -86.832100 
0.330000 -2.318600 -2.502000 -2.289500 -2.345200 -2.739900 -5.947600 -4.348200 -1.118600 -2.550200 -11.031500 -76.889700 
0.332000 -2.060800 -1.777500 -1.326100 -2.663300 -4.135300 -5.884300 -1.801100 -3.270300 -4.476900 -5.150200 -77.798700 
0.334000 -2.200700 -1.984300 -2.847300 -1.023000 -2.678900 -7.162700 -0.972200 -8.626400 -10.392300 -12.149500 -67.873300 
0.336000 -1.444100 -1.377900 -1.974900 -0.979400 -3.887000 -9.209300 -4.907800 -2.776500 -2.937400 -19.983400 -80.703100 
0.338000 -2.107500 -1.851100 -1.571400 -3.220600 -1.324000 -6.361300 -1.509400 -5.232500 -2.303000 -19.763800 -90.003500 
0.340000 -1.767200 -4.196300 -1.692300 -2.171000 -1.384600 -5.409600 -2.831600 -5.904500 -5.355000 -9.850300 -65.922200 
0.342000 -1.560800 -1.989100 -1.303600 -0.803700 -9.859600 -12.340700 -1.184100 -5.247400 -3.918100 -26.490700 -62.497500 
0.344000 -1.357800 -1.347900 -0.552800 -3.786200 -1.583800 -7.107800 -0.769600 -6.682300 -5.128400 -15.063600 -88.258800 
0.346000 -1.804800 -6.272100 -1.085200 -0.661800 -1.375900 -4.859400 -1.295900 -2.485200 -12.191800 -24.945000 -84.748100 
0.348000 -2.482100 -3.555200 -0.555800 -4.564800 -3.435900 -6.521800 -3.340300 -3.447800 -11.064800 -19.340000 -75.891400 
0.350000 -0.877100 -3.282700 -1.248900 -8.934500 -1.323500 -4.680400 -2.257500 -5.461100 -4.810400 -28.471000 -106.423300 
0.352000 -0.742400 -2.821700 -7.010900 -1.165200 -2.162600 -2.269300 -4.425900 -4.976000 -6.438200 -31.496200 -70.037600 
0.354000 -1.100800 -0.744000 -1.628400 -3.610400 -2.712600 -5.686300 -7.037400 -1.111900 -7.945200 -11.977500 -61.545400 
0.356000 -2.006700 -4.161500 -1.679300 -5.629300 -2.391400 -2.578900 -1.151500 -3.338300 -10.446300 -18.134200 -127.842500 
0.358000 -1.185100 -1.793000 -1.918400 -8.897300 -1.483500 -3.458900 -1.712500 -7.043200 -7.230400 -8.200200 -124.798500 
0.360000 -1.866300 -1.029000 -1.538700 -1.093100 -2.509200 -4.624300 -4.514800 -4.849500 -4.728500 -16.923700 -106.113100 
0.362000 -2.685000 -2.177400 -3.532900 -5.640800 -1.046100 -5.504200 -3.479500 -14.527800 -9.433300 -35.275100 -85.291600 
0.364000 -2.146900 -0.500200 -1.135100 -5.609900 -0.451100 -4.605800 -1.578800 -11.446300 -1.704900 -8.344100 -73.383700 
0.366000 -1.242500 -4.047500 -3.611100 -6.800000 -5.137100 -6.311800 -2.524800 -6.735200 -10.286200 -12.538500 -93.755400 
0.368000 -1.992500 -1.572100 -1.621800 -0.757500 -3.208400 -2.070100 -4.048500 -2.028600 -2.745600 -31.906200 -66.325500 
0.370000 -1.330500 -4.359800 -4.527500 -1.387400 -0.863400 -2.441000 -7.217700 -8.435900 -9.545700 -18.204800 -86.090300 
0.372000 -1.028800 -1.677500 -2.707800 -2.695400 -2.497900 -2.000900 -1.052300 -5.833300 -6.093800 -19.150500 -69.724800 
0.374000 -1.082000 -2.430300 -2.448700 -3.967200 -5.384900 -4.254300 -2.531600 -10.082900 -13.807300 -5.577900 -108.461600 
0.376000 -1.007900 -1.482600 -1.917300 -2.008400 -3.241600 -3.203200 -3.644700 -5.854700 -12.215600 -35.784700 -82.606300 
0.378000 -2.884000 -3.793400 -1.173100 -1.110100 -1.002200 -3.149700 -2.889200 -2.643300 -10.275000 -25.579900 -75.687300 
0.380000 -3.052600 -0.732600 -2.796700 -2.259900 -2.673800 -1.772700 -4.218400 -1.172900 -5.842000 -17.198900 -72.909300 
0.382000 -2.754300 -1.433700 -2.453800 -0.980600 -1.451200 -4.235500 -1.871700 -2.519300 -4.412200 -6.177400 -90.602400 
0.384000 -1.854600 -0.816500 -2.492200 -2.238000 -5.070200 -2.531900 -0.653600 -4.206500 -9.596200 -17.880800 -93.877400 
0.386000 -0.665600 -2.073500 -1.076200 -2.722900 -2.345100 -0.575400 -2.842300 -2.326800 -9.467100 -11.702400 -70.664700 
0.388000 -1.011200 -2.023100 -0.656300 -3.042300 -2.847300 -0.874000 -2.677200 -3.545700 -9.702000 -29.776700 -74.171200 
0.390000 -0.891000 -1.059000 -1.916600 -0.895800 -2.761500 -0.511900 -4.139700 -0.927200 -13.038300 -13.725300 -72.899700 
0.392000 -1.753700 -1.388200 -2.703300 -1.864200 -8.332100 -3.928200 -2.591500 -5.249200 -3.052300 -7.066200 -73.245800 
0.394000 -0.515000 -1.245700 -1.944700 -4.132200 -2.161700 -2.018500 -1.018600 -5.162000 -4.735600 -29.643800 -69.630500 
0.396000 -1.603500 -2.046300 -1.521100 -1.041000 -1.841800 -6.850800 -2.715800 -4.823000 -2.247900 -13.219400 -57.557800 
0.398000 -0.864500 -2.033800 -0.968300 -4.076200 -0.808500 -1.468300 -2.063000 -5.936100 -3.088900 -20.752500 -59.564100 
0.400000 -1.878800 -2.012000 -0.372900 -2.405700 -1.379100 -3.189300 -2.234100 -2.327000 -4.024500 -19.130400 -109.871000 
0.402000 -1.855100 -1.491100 -2.081200 -0.256200 -4.614700 -4.848300 -4.281800 -3.408200 -4.069800 -16.634100 -70.746200 
0.404000 -1.628700 -3.160800 -1.956400 -2.248400 -1.934500 -0.824200 -3.976400 -1.565500 -5.625500 -22.023900 -77.795800 
0.406000 -0.737200 -2.462800 -2.886100 -1.575100 -3.973800 -3.530100 -4.118200 -0.404700 -5.789800 -18.589000 -62.436000 
0.408000 -1.659900 -2.235900 -0.516700 -1.377800 -1.480200 -1.943300 -4.383200 -4.167600 -16.996800 -25.018400 -58.036000 
0.410000 -2.346400 -5.826700 -0.936000 -0.552600 -3.419500 -2.408700 -1.279500 -2.052600 -18.372300 -10.623100 -49.536600 
0.412000 -1.359900 -1.160900 -2.220100 -3.937400 -0.739500 -6.004800 -1.629200 -5.421700 -8.225900 -10.953700 -73.747700 
0.414000 -0.526300 -2.320500 -4.539000 -2.183300 -1.899100 -4.035500 -3.830800 -7.178500 -13.097200 -34.006000 -37.573400 
0.416000 -2.022900 -1.686700 -2.799700 -1.571700 -3.235000 -1.043300 -1.567800 -5.607300 -8.092400 -17.247300 -92.235800 
0.418000 -1.298400 -4.692000 -2.159200 -0.253700 -1.346500 -1.498100 -1.894200 -5.049100 -20.438800 -10.770800 -50.278600 
0.420000 -2.890400 -3.986000 -2.416700 -3.092200 -1.916300 -2.659900 -1.493300 -5.824700 -9.861400 -26.129600 -104.025300 
0.422000 -1.435400 -3.088000 -3.858600 -3.503300 -3.288500 -4.306100 -1.470500 -3.119800 -5.478500 -15.510100 -106.776200 
0.424000 -3.227600 -1.731100 -3.027300 -1.869600 -2.318300 -3.860400 -3.585000 -4.368300 -9.836600 -8.363400 -72.550900 
0.426000 -1.111100 -0.616500 -2.091000 -0.945500 -2.619800 -1.480800 -1.976200 -1.706300 -7.461900 -10.187500 -77.393800 
0.428000 -1.530600 -4.366900 -0.818400 -1.993300 -1.536100 -1.381200 -2.033100 -3.476000 -4.673600 -9.231700 -85.481700 
0.430000 -2.697100 -2.262500 -1.481000 -1.048800 -2.299200 -8.143500 -4.165800 -4.518100 -3.803700 -8.171700 -104.653400 
0.432000 -1.188400 -0.747900 -3.020700 -2.435000 -1.848500 -1.860500 -2.119300 -5.405700 -7.707400 -3.771400 -69.782500 
0.434000 -1.842400 -1.133600 -5.130100 -1.966000 -3.054400 -2.702400 -3.448200 -3.166300 -5.531000 -17.714500 -85.743400 
0.436000 -0.637200 -1.637500 -2.145700 -0.530800 -0.922900 -0.462100 -8.540000 -4.133900 -18.931700 -13.469700 -71.627400 
0.438000 -1.999200 -1.422000 -0.965600 -0.472700 -2.087400 -3.938000 -6.813400 -4.021300 -4.050400 -7.534600 -93.002200 
0.440000 -1.398000 -2.689400 -0.419200 -2.975400 -1.160500 -1.919900 -1.241200 -3.240400 -8.171200 -10.228600 -81.510500 
0.442000 -2.374600 -2.080400 -1.983100 -0.400100 -1.493400 -5.971700 -2.066100 -5.113400 -8.005000 -4.920400 -89.198700 
0.444000 -1.089300 -3.456200 -1.723800 -1.892000 -2.710500 -5.169100 -1.559300 -1.862600 -5.962100 -11.165600 -99.667600 
0.446000 -1.463700 -1.514700 -0.879100 -1.058500 -6.785800 -3.815900 -2.474400 -4.628100 -3.639900 -9.573600 -91.552200 
0.448000 -2.715400 -0.419000 -1.201400 -2.550400 -2.031000 -2.945300 -3.742700 -3.234500 -8.695000 -9.155400 -61.197400 
0.450000 -2.473600 -1.943100 -1.203900 -3.067900 -2.254600 -1.770600 -4.007800 -9.562100 -5.358000 -11.510800 -102.093100 
0.452000 -0.835400 -1.573400 -1.724800 -4.801900 -1.030200 -2.928200 -5.277900 -1.627100 -2.544400 -4.609300 -83.038200 
0.454000 -2.662000 -0.410000 -1.086300 -2.940000 -1.620000 -4.216100 -1.579400 -1.263800 -3.690200 -10.629300 -67.240600 
0.456000 -0.732400 -1.480100 -1.684600 -2.205000 -5.337900 -1.957500 -3.275700 -2.922200 -4.612600 -7.509000 -77.739300 
0.458000 -1.291100 -1.727200 -0.987800 -1.549200 -1.795300 -4.712800 -3.378600 -3.345800 -4.952500 -8.682400 -66.166100 
0.460000 -5.157400 -3.498800 -1.615300 -0.968100 -1.489100 -2.844800 -6.114400 -2.302300 -1.144900 -12.291600 -71.392300 
0.462000 -2.256300 -2.864700 -4.663100 -2.619300 -3.125000 -2.589700 -3.642600 -2.588100 -7.300400 -11.063300 -57.953000 
0.464000 -2.026600 -1.818900 -4.944400 -2.064800 -1.127800 -3.710700 -2.943900 -9.505100 -12.576100 -10.936400 -77.836700 
0.466000 -2.197300 -1.728200 -1.104700 -1.259200 -1.831300 -0.782500 -1.240600 -1.770300 -7.478200 -8.492100 -80.695900 
0.468000 -1.309500 -1.447700 -0.556400 -3.024800 -3.063400 -1.871300 -2.639900 -4.060400 -9.807200 -10.952800 -71.359400 
0.470000 -0.552400 -3.617500 -1.006600 -1.391600 -1.293100 -2.385300 -3.825800 -5.610800 -14.595800 -5.285400 -84.326900 
0.472000 -0.560400 -1.582500 -3.451200 -1.701100 -4.983200 -4.117900 -4.075000 -8.893400 -14.893500 -6.839000 -75.961500 
0.474000 -3.609300 -2.450900 -0.949200 -1.718200 -2.500500 -4.143400 -2.018700 -5.251900 -11.655800 -13.622100 -75.368100 
0.476000 -1.222300 -2.881100 -0.748700 -3.634400 -2.076400 -0.783700 -5.475000 -2.473100 -9.924300 -6.410000 -80.314700 
0.478000 -1.492500 -2.682100 -0.937700 -2.024700 -3.086200 -2.476500 -2.031500 -1.611900 -8.231700 -14.291200 -74.151400 
0.480000 -2.385800 -1.857700 -1.345300 -2.061600 -1.875400 -1.499700 -2.615600 -1.039900 -11.867000 -20.746100 -70.096000 
0.482000 -3.031700 -2.666700 -0.781700 -1.571800 -3.408000 -1.760100 -2.640600 -3.537700 -12.793000 -17.282800 -83.798500 
0.484000 -1.549600 -2.050400 -1.474500 -6.039400 -1.565400 -2.907400 -2.939600 -3.401700 -9.634600 -10.208600 -83.881200 
0.486000 -1.231900 -4.295600 -1.062700 -0.936900 -2.597000 -5.770200 -5.102400 -2.984300 -8.958000 -10.416300 -72.696000 
0.488000 -2.926000 -2.302500 -1.653800 -0.887800 -2.755600 -3.219200 -5.618800 -6.202900 -18.671200 -14.022300 -86.772500 
0.490000 -1.903700 -0.865400 -2.075900 -2.674200 -3.698400 -1.193600 -2.069400 -0.845900 -15.792000 -18.006900 -63.678100 
0.492000 -1.805600 -2.708300 -1.317800 -3.277700 -2.765100 -1.947100 -3.817700 -1.285600 -16.599400 -15.162900 -110.958600 
0.494000 -1.863900 -0.845800 -1.726600 -2.744200 -1.638400 -4.721200 -1.387500 -3.054500 -16.829700 -17.700500 -63.525500 
0.496000 -4.359700 -0.642600 -1.257100 -2.688000 -1.279600 -3.005900 -2.355500 -3.755100 -11.850100 -14.876600 -84.655000 
0.498000 -2.563100 -1.868800 -1.138900 -2.228200 -5.414600 -2.927600 -5.871300 -3.214600 -15.019000 -23.915400 -64.161500 
0.500000 -0.887200 -2.644400 -1.848700 -1.357200 -1.855100 -7.410300 -3.651600 -0.764800 -7.984100 -10.180300 -64.421900 
0.502000 -1.071300 -1.029800 -0.886400 -1.319500 -1.390300 -4.674200 -1.647500 -5.593000 -16.689700 -53.026800 -58.603000 
0.504000 -1.295000 -3.256600 -0.352900 -4.252200 -1.001000 -2.771900 -3.966400 -2.266300 -7.142000 -16.417000 -114.661800 
0.506000 -3.642400 -4.694200 -1.991600 -1.076100 -1.780700 -2.122200 -0.930100 -5.192700 -15.074200 -15.258000 -101.494200 
0.508000 -5.094500 -3.137900 -2.257800 -5.104900 -1.355200 -3.237400 -3.523200 -2.698000 -9.852900 -26.619700 -88.733800 
0.510000 -0.571100 -3.342800 -2.539700 -5.485400 -2.545400 -4.003400 -3.960300 -1.282900 -11.374000 -24.075600 -96.293000 
0.512000 -1.936400 -2.992400 -0.102900 -4.233900 -2.064800 -4.518900 -0.859600 -6.474200 -2.165400 -45.147200 -95.180300 
0.514000 -2.298300 -5.526200 -0.389000 -3.141900 -2.388000 -2.524400 -2.108600 -3.553600 -10.272900 -13.980400 -100.613900 
0.516000 -1.935700 -3.073600 -2.369300 -1.712500 -2.723400 -1.709900 -2.768600 -4.939000 -10.083000 -16.185100 -73.261400 
0.518000 -2.639200 -1.172300 -0.949400 -4.985400 -2.000600 -3.044200 -3.514300 -3.142300 -10.375600 -18.645700 -61.963800 
0.520000 -2.378800 -1.178800 -2.844500 -4.129100 -5.757400 -4.167000 -4.585700 -3.587900 -14.215400 -21.121700 -85.977200 
0.522000 -4.004300 -3.413700 -2.221600 -1.348500 -1.613000 -7.023100 -4.019100 -3.490400 -11.579900 -11.425900 -90.624800 
0.524000 -1.273100 -3.621900 -0.463500 -3.889700 -1.507600 -3.873000 -2.578800 -0.751000 -3.190100 -13.564000 -80.880700 
0.526000 -2.045900 -3.027500 -0.695700 -2.520300 -2.772800 -3.493300 -1.404700 -5.082900 -6.337400 -31.136200 -73.282700 
0.528000 -2.634700 -3.119900 -3.526700 -4.435400 -3.050600 -2.865800 -4.227400 -9.224000 -13.879100 -22.878500 -74.808400 
0.530000 -2.589400 -1.791800 -3.559100 -1.960400 -2.570100 -3.715200 -3.344600 -10.128700 -7.656500 -30.512300 -80.982800 
0.532000 -1.696200 -2.266100 -0.534000 -1.637100 -0.779700 -3.300600 -0.241400 -3.382700 -18.434300 -22.506100 -63.348800 
0.534000 -3.002900 -3.624800 -0.242400 -2.456400 -1.306200 -3.460500 -2.881900 -2.953300 -11.377000 -20.827800 -73.806900 
0.536000 -2.409600 -4.595200 -1.525600 -2.856300 -0.807800 -1.693600 -2.534700 -2.503500 -11.282100 -29.769000 -84.713900 
0.538000 -6.547900 -2.521800 -1.389200 -4.208000 -2.165200 -1.605200 -2.915700 -3.277300 -5.212500 -18.182500 -83.808800 
0.540000 -3.570200 -2.063300 -2.421800 -5.668300 -2.293600 -1.261100 -2.874900 -2.452300 -5.628600 -15.258100 -70.052300 
0.542000 -1.701200 -1.998400 -3.401900 -2.353000 -3.896400 -3.738000 -0.982400 -2.896100 -12.177700 -10.033100 -90.470100 
0.544000 -3.518500 -3.160300 -2.235200 -3.553700 -2.083400 -7.452400 -1.072200 -3.801500 -13.371900 -3.869900 -82.108400 
0.546000 -2.557100 -2.758500 -2.087200 -1.266400 -3.925700 -4.636300 -2.144300 -1.165900 -4.372100 -7.005800 -68.853700 
0.548000 -3.299000 -1.533700 -5.108300 -2.103700 -1.930400 -5.460200 -3.315600 -1.428300 -14.214200 -10.705200 -102.018000 
0.550000 -1.601000 -1.822900 -1.466500 -3.290300 -1.246600 -1.958500 -3.127300 -3.085500 -1.407000 -1.859900 -66.842900 
0.552000 -1.388900 -3.472300 -2.050900 -0.823200 -3.242200 -1.128800 -2.701000 -2.844900 -8.704400 -5.081200 -75.151300 
0.554000 -2.984300 -3.608000 -2.703300 -1.724800 -1.469200 -3.004000 -6.501900 -1.703800 -9.364100 -10.036900 -82.788800 
0.556000 -2.147100 -3.634900 -1.287800 -3.275000 -4.582300 -1.896000 -2.637400 -1.388700 -9.815000 -6.940900 -83.603100 
0.558000 -4.215200 -3.091400 -1.168200 -2.371700 -2.620500 -4.649900 -4.599000 -1.540200 -7.482200 -6.653300 -58.801300 
0.560000 -3.088900 -1.545800 -2.847400 -3.489700 -3.359300 -3.892800 -5.533000 -1.746900 -16.889000 -3.269500 -53.936400 
0.562000 -1.471600 -3.362800 -1.066500 -1.314900 -2.835800 -1.934400 -1.369400 -5.820100 -18.259800 -14.343700 -58.198300 
0.564000 -1.390300 -3.806500 -2.105500 -0.752300 -3.125600 -5.477800 -1.346400 -4.014100 -9.840300 -6.458500 -75.227000 
0.566000 -1.962600 -1.270400 -0.933800 -0.790500 -1.782100 -2.554700 -1.103700 -1.916300 -6.445100 -5.919300 -81.210500 
0.568000 -1.125700 -4.659700 -3.498200 -1.065200 -3.087100 -1.080300 -2.169100 -3.429500 -10.316300 -20.512500 -71.737100 
0.570000 -1.167300 -3.705500 -0.872500 -1.301700 -2.518300 -2.308200 -5.081700 -2.498500 -20.000400 -9.119900 -59.480400 
0.572000 -1.506000 -2.764600 -2.371900 -2.289200 -1.717600 -1.700600 -4.907400 -3.233500 -13.856900 -2.295700 -63.443500 
0.574000 -1.155700 -1.199600 -2.214800 -2.591600 -2.653500 -1.021100 -3.211400 -4.031100 -8.329800 -14.937400 -70.680000 
0.576000 -0.859800 -2.251800 -0.326600 -0.625400 -0.615400 -7.900800 -4.204700 -6.345100 -15.750100 -4.891400 -57.884000 
0.578000 -1.300700 -3.358100 -1.045000 -1.149600 -3.714500 -2.838500 -4.291100 -4.326300 -20.546600 -10.500700 -57.044200 
0.580000 -2.207800 -2.103000 -2.610200 -2.551600 -4.466800 -2.456600 -2.764700 -8.496200 -18.898500 -18.432800 -65.332800 
0.582000 -2.866700 -2.613500 -0.735400 -1.473200 -0.302300 -3.475300 -3.006800 -3.298700 -15.734200 -5.304100 -66.834300 
0.584000 -1.402000 -2.487500 -1.310800 -0.895600 -0.617600 -2.362900 -2.686300 -5.432200 -15.429000 -3.474700 -67.741300 
0.586000 -0.567900 -2.516200 -1.598200 -2.100700 -1.470200 -1.234700 -0.205500 -3.475500 -18.132900 -4.322000 -70.578400 
0.588000 -1.787200 -2.130100 -3.406600 -0.859300 -3.587400 -3.109300 -0.813600 -7.664600 -20.733900 -13.776300 -81.900400 
0.590000 -1.798300 -3.915900 -1.314000 -1.394300 -1.278700 -1.540400 -3.510400 -1.577200 -8.051100 -10.652900 -80.597800 
0.592000 -2.407400 -3.001400 -4.416500 -0.930700 -0.631900 -2.587900 -1.824000 -5.285600 -6.548400 -29.646100 -75.181500 
0.594000 -3.567300 -2.583100 -1.245100 -2.625500 -1.289000 -6.406200 -7.172100 -8.132500 -5.446900 -4.332300 -74.200200 
0.596000 -1.995400 -2.913300 -1.660900 -3.455800 -1.123300 -3.001700 -10.130500 -6.448000 -12.788900 -8.469700 -61.282300 
0.598000 -0.311700 -3.818200 -1.708900 -2.785700 -0.951300 -0.838800 -4.541500 -5.071800 -17.486000 -3.603500 -82.100200 
0.600000 -1.027400 -0.840900 -1.077300 -3.860100 -1.280300 -3.035100 -6.868500 -4.566900 -18.051100 -9.491900 -62.011700 
0.602000 -0.612700 -2.219200 -2.591900 -1.152300 -2.091800 -4.016400 -4.172800 -6.767600 -18.501700 -12.684400 -79.082200 
0.604000 -1.762000 -2.961600 -3.021400 -1.510500 -1.512400 -1.856800 -3.941900 -2.298700 -11.596600 -14.938100 -67.222500 
0.606000 -2.306000 -1.148600 -1.929200 -1.833300 -1.480000 -1.290500 -1.939700 -2.369600 -21.339400 -11.753000 -83.624400 
0.608000 -3.018600 -2.659500 -0.839700 -2.283600 -1.097000 -1.103200 -4.335900 -1.152600 -10.509000 -18.733300 -76.136700 
0.610000 -1.164500 -2.786400 -1.201400 -0.755600 -3.009200 -2.664600 -2.338800 -3.581100 -5.779600 -22.071600 -78.900400 
0.612000 -0.807800 -2.187200 -2.169400 -1.396400 -1.712700 -6.101700 -5.905200 -1.883400 -7.848800 -16.853200 -74.927200 
0.614000 -1.501300 -2.761200 -1.448500 -1.512800 -2.332900 -4.753100 -4.458200 -1.885500 -12.265000 -8.626200 -93.127300 
0.616000 -0.953200 -2.569100 -1.343500 -3.947300 -2.850600 -5.126500 -2.464200 -3.715100 -8.113800 -7.187100 -91.038800 
0.618000 -4.901800 -1.020500 -1.044900 -0.590700 -4.562400 -4.142200 -3.520700 -3.405100 -11.609000 -21.207900 -106.720200 
0.620000 -1.045800 -1.311100 -3.807800 -0.168100 -1.639200 -4.487900 -1.870200 -1.336600 -13.014200 -8.159100 -83.287700 
0.622000 -0.586000 -4.695700 -4.472800 -1.980200 -3.090300 -3.600600 -4.272600 -1.861200 -13.081500 -15.268900 -61.092900 
0.624000 -2.413800 -2.621000 -0.645500 -1.807200 -5.177000 -4.098300 -4.666100 -2.855700 -20.966100 -11.524500 -104.263600 
0.626000 -2.123800 -0.544100 -1.544500 -2.021900 -2.582100 -2.369500 -2.259400 -5.903700 -19.392100 -21.197000 -83.969200 
0.628000 -2.430500 -0.760700 -1.468000 -1.799600 -2.981100 -3.705000 -4.772100 -5.598800 -17.420700 -10.697700 -65.984100 
0.630000 -1.538700 -0.746200 -0.925600 -0.902000 -1.123600 -2.780200 -1.199500 -3.774400 -21.381300 -16.831200 -64.886600 
0.632000 -1.826700 -2.131400 -1.016200 -3.197600 -3.038800 -1.992800 -3.200000 -5.843300 -16.360400 -9.092900 -56.520700 
0.634000 -1.560000 -0.720300 -2.408500 -2.456800 -4.979000 -0.685400 -2.214900 -1.107400 -15.288700 -27.677300 -105.379400 
0.636000 -1.205400 -2.517400 -1.550600 -3.964100 -4.483500 -1.747200 -4.486800 -2.701900 -15.892600 -16.175700 -91.534100 
0.638000 -2.013400 -1.338800 -1.339700 -2.554000 -4.343000 -2.807900 -3.021600 -3.745300 -24.447000 -2.609500 -82.412300 
0.640000 -2.596700 -2.719100 -1.106800 -2.547400 -2.620300 -4.158900 -1.530400 -2.089600 -15.713500 -24.146800 -67.076200 
0.642000 -2.624900 -2.018900 -1.622300 -1.353800 -2.087200 -3.014900 -3.169400 -2.107700 -14.022600 -11.878500 -46.857700 
0.644000 -2.549400 -2.291800 -4.729400 -1.723300 -2.804100 -1.462300 -5.511400 -5.274600 -18.754700 -9.090700 -85.928300 
0.646000 -2.997000 -1.027400 -0.747000 -2.134000 -1.319600 -3.896300 -3.536200 -2.906200 -13.324500 -3.618500 -69.709500 
0.648000 -3.656000 -1.527600 -3.124100 -4.164000 -1.416500 -1.161100 -4.635100 -7.311000 -11.961300 -5.013800 -78.381000 
0.650000 -1.254100 -0.972500 -0.445600 -3.358600 -5.906100 -3.057700 -1.797600 -5.051600 -18.895100 -9.914300 -90.118500 
0.652000 -4.302800 -1.322900 -1.644800 -0.735800 -2.204100 -4.766000 -1.443800 -2.456800 -12.049100 -10.374600 -100.977700 
0.654000 -1.161300 -1.861500 -1.281200 -2.585100 -5.240800 -0.873300 -1.779300 -0.843300 -15.837400 -6.509000 -67.185000 
0.656000 -2.134700 -1.250300 -2.375300 -2.439100 -1.174400 -3.838400 -2.591300 -1.449400 -14.645100 -12.452600 -98.882200 
0.658000 -1.321700 -1.250500 -1.234400 -0.771200 -3.185000 -6.342100 -1.974400 -4.251400 -3.265800 -8.919700 -80.507800 
0.660000 -1.575500 -2.259700 -2.471900 -2.486800 -4.098300 -3.038200 -2.376800 -1.155100 -13.753700 -14.964200 -81.690100 
0.662000 -1.900100 -2.495300 -2.868900 -1.418600 -1.450000 -3.670700 -2.462100 -1.052900 -4.051600 -15.835900 -70.648100 
0.664000 -2.024300 -0.147900 -2.202600 -1.500500 -2.971600 -2.204300 -2.924200 -2.863700 -9.442400 -29.729500 -95.827800 
0.666000 -2.214000 -1.215600 -3.625500 -1.323400 -1.859500 -3.458300 -2.679700 -2.772100 -7.208200 -6.454800 -74.555100 
0.668000 -1.103800 -1.223900 -3.107500 -1.347400 -3.714600 -2.494600 -2.908100 -7.347500 -10.475500 -11.878600 -61.272300 
0.670000 -3.151000 -0.979000 -2.851700 -1.322000 -4.105400 -1.348500 -3.088900 -5.922100 -8.588900 -10.066200 -87.457500 
0.672000 -1.071300 -1.688800 -1.651000 -1.913500 -3.751600 -2.400300 -6.237200 -1.948800 -13.491500 -9.393800 -72.602700 
0.674000 -3.454600 -2.584300 -2.185500 -3.608900 -2.011300 -2.800800 -3.924400 -1.629300 -10.062000 -12.240500 -73.375900 
0.676000 -0.713500 -1.381600 -1.280400 -2.712100 -3.702200 -5.169400 -3.623600 -5.643900 -18.427500 -14.704300 -81.904600 
0.678000 -2.616200 -1.737100 -1.223700 -1.493400 -3.017400 -1.333200 -2.249300 -4.636500 -15.119500 -5.849200 -110.873300 
0.680000 -3.259900 -2.436500 -0.226200 -3.471400 -0.555500 -3.301800 -2.155500 -3.942500 -10.315200 -14.725600 -67.928500 
0.682000 -1.757700 -2.357300 -1.474800 -1.324000 -5.070100 -1.933300 -4.068000 -0.834000 -15.765500 -16.816500 -85.878400 
0.684000 -0.932500 -1.458000 -1.617500 -2.159600 -2.766300 -4.531900 -4.921500 -2.298900 -17.053000 -10.135700 -66.733100 
0.686000 -1.393700 -1.331400 -1.220900 -0.420600 -2.506700 -2.640000 -3.774900 -2.377100 -17.252000 -13.782000 -67.030200 
0.688000 -1.870100 -2.247500 -1.779200 -2.615600 -2.492200 -1.930400 -4.512800 -1.175400 -9.915700 -3.740700 -74.673600 
0.690000 -2.869600 -0.528100 -2.724700 -0.869300 -1.406400 -1.928200 -0.961000 -7.027600 -9.071800 -10.497300 -68.877500 
0.692000 -1.645400 -2.081200 -0.567500 -0.493500 -2.686000 -1.847200 -3.567300 -3.378100 -6.785000 -5.051800 -76.790000 
0.694000 -1.062200 -1.825200 -1.979700 -1.486900 -0.470800 -3.763600 -5.022000 -0.518900 -4.521700 -26.186100 -52.310500 
0.696000 -0.568500 -0.596900 -2.410500 -1.111700 -2.911100 -2.605100 -1.440500 -7.781400 -7.572000 -7.765000 -77.746600 
0.698000 -2.807900 -1.437100 -2.214300 -1.107800 -3.184600 -6.452900 -1.496000 -1.764500 -9.370400 -12.229000 -104.690700 
0.700000 -1.625800 -1.113600 -3.036600 -0.819700 -2.419600 -6.147000 -2.578500 -4.233900 -7.895700 -12.138400 -114.464700 
0.702000 -2.626300 -2.717700 -0.626400 -1.186800 -3.967200 -2.096900 -2.786000 -1.048700 -25.105300 -12.163000 -80.598600 
0.704000 -2.195900 -2.574100 -1.405600 -0.783200 -1.619300 -2.052100 -2.175300 -4.593400 -5.488500 -18.815800 -77.559100 
0.706000 -3.161100 -1.977100 -0.972800 -1.560600 -2.404900 -4.289900 -2.449300 -3.933500 -9.698900 -33.991800 -92.580500 
0.708000 -1.125300 -0.863200 -1.561700 -1.034900 -1.918900 -6.827900 -2.431700 -2.390100 -8.128600 -7.557400 -88.373200 
0.710000 -2.027500 -0.507200 -2.082400 -0.865400 -1.662000 -0.395400 -3.336300 -8.787800 -3.935700 -40.840700 -74.412100 
0.712000 -1.065800 -3.781900 -2.475700 -1.070400 -3.009800 -6.040900 -2.011300 -4.064200 -6.316300 -15.916700 -62.689500 
0.714000 -3.670900 -0.705100 -2.231000 -2.282400 -0.981000 -7.598100 -3.659800 -1.869300 -17.068800 -13.863700 -76.262800 
0.716000 -2.616100 -1.697700 -2.451200 -3.661000 -3.694700 -5.316400 -3.919700 -3.709200 -14.989300 -42.335300 -74.666100 
0.718000 -3.756300 -1.169400 -2.005600 -1.510100 -5.881700 -9.342700 -2.983100 -10.865400 -8.331600 -14.192000 -75.435300 
0.720000 -2.715300 -0.980500 -1.391300 -1.594600 -1.636500 -7.178000 -2.956100 -3.599400 -8.403100 -15.679800 -65.385600 
0.722000 -3.428900 -1.621900 -2.261700 -1.536200 -3.620500 -11.818900 -1.598200 -2.845000 -9.946000 -15.064400 -66.127600 
0.724000 -0.231800 -1.107200 -1.443900 -3.656600 -5.266700 -9.478500 -2.440200 -2.564300 -4.959400 -19.508500 -89.312000 
0.726000 -2.748600 -2.444500 -1.134000 -0.782500 -3.273200 -5.802500 -4.464900 -2.785000 -9.900500 -30.852500 -95.063200 
0.728000 -1.116600 -1.353900 -0.990800 -0.454700 -2.407300 -7.508400 -1.636700 -10.431100 -10.543000 -21.076500 -82.997600 
0.730000 -1.680700 -2.037900 -1.597400 -1.200600 -2.631000 -4.888900 -3.155100 -6.051200 -7.508200 -18.283000 -81.888200 
0.732000 -0.845100 -1.038800 -1.254800 -0.865900 -3.196800 -8.927200 -6.196900 -4.341300 -8.033400 -31.283900 -86.436100 
0.734000 -0.751500 -1.560600 -4.105600 -2.677500 -1.726800 -7.874000 -4.152000 -4.143600 -2.111200 -25.025800 -79.581400 
0.736000 -1.053100 -1.569200 -1.818700 -0.697800 -2.207500 -9.182700 -1.977200 -3.022800 -2.729300 -19.547600 -77.225000 
0.738000 -1.907000 -0.810800 -2.458100 -1.409500 -4.450600 -6.973700 -3.704100 -3.642000 -9.100300 -14.682700 -92.879400 
0.740000 -1.198800 -1.854700 -2.870300 -4.702300 -2.752500 -5.930800 -4.543000 -5.051600 -8.434100 -25.756100 -94.205000 
0.742000 -1.863900 -1.841000 -1.220400 -0.910300 -3.475900 -9.363500 -3.450000 -4.700500 -5.833100 -30.821600 -83.969000 
0.744000 -1.953200 -1.642100 -1.434300 -0.938600 -2.295200 -8.884200 -6.916000 -2.696200 -7.073300 -14.625500 -75.306400 
0.746000 -1.634600 -2.402600 -1.951600 -1.103500 -4.516400 -6.109600 -1.921200 -3.892600 -7.740500 -28.721100 -86.110200 
0.748000 -1.240900 -1.856300 -0.791600 -0.975900 -0.851200 -6.073500 -2.374600 -3.275100 -4.893400 -39.383100 -116.530000 
0.750000 -1.577800 -0.913700 -0.872100 -2.035600 -2.366100 -10.225100 -5.548900 -0.860900 -11.919000 -29.498200 -100.422300 
0.752000 -1.206500 -2.935900 -0.768800 -2.114700 -2.815800 -7.638000 -2.700200 -3.682500 -10.941200 -19.897000 -80.191100 
0.754000 -1.582200 -2.762400 -1.532200 -0.764600 -1.902400 -7.419700 -4.923900 -6.416000 -11.236000 -47.913100 -72.870700 
0.756000 -1.823000 -3.130700 -2.031400 -0.832800 -1.303000 -9.570400 -1.388600 -5.375000 -7.923600 -21.642700 -89.332400 
0.758000 -1.437000 -1.251900 -3.369200 -0.577000 -3.131200 -10.611700 -1.460200 -6.507700 -13.549900 -41.215200 -68.458200 
0.760000 -1.485400 -1.721700 -2.566600 -1.460100 -2.221400 -6.239000 -2.377600 -1.292200 -8.539800 -19.720400 -58.732200 
0.762000 -2.246200 -1.369700 -1.703600 -2.130700 -2.566300 -10.780100 -7.106200 -0.518800 -4.450600 -27.455900 -35.054700 
0.764000 -1.510500 -1.437200 -0.732000 -1.226900 -1.474500 -7.728100 -4.388900 -3.966900 -4.859200 -12.797800 -56.799000 
0.766000 -1.876400 -2.280800 -0.766100 -3.578600 -1.702900 -6.047000 -4.836800 -4.335500 -3.291200 -9.142600 -73.665400 
0.768000 -1.588400 -0.950100 -0.955900 -2.860600 -2.876800 -5.173300 -4.799600 -3.195000 -3.913900 -15.026200 -41.654700 
0.770000 -1.918400 -1.042700 -0.405000 -0.820900 -4.148200 -4.329800 -2.898100 -8.030400 -13.937800 -8.943100 -16.951400 
0.772000 -1.179800 -2.895400 -1.382600 -1.159400 -1.808000 -1.649600 -1.851000 -3.675500 -9.908800 -6.095300 -56.773000 
0.774000 -1.259600 -1.123600 -1.398500 -2.896100 -0.919900 -2.857100 -3.340500 -3.241500 -8.184600 -9.879900 -72.079800 
0.776000 -1.829400 -3.655900 -1.852200 -1.536100 -1.496700 -1.573500 -3.130800 -2.299000 -3.822000 -5.804200 -68.476900 
0.778000 -1.845500 -1.425200 -2.762200 -4.724200 -1.101900 -3.054700 -6.153700 -2.696000 -6.971500 -6.735300 -75.243000 
0.780000 -2.233900 -5.348800 -0.639000 -3.240600 -4.074900 -1.546600 -5.433400 -11.157300 -4.679200 -6.433600 -63.975900 
0.782000 -1.342200 -1.465000 -3.073900 -1.988700 -5.894300 -2.153300 -3.777900 -7.326900 -6.571200 -4.572000 -49.675200 
0.784000 -1.418000 -3.051000 -1.377800 -3.382300 -4.562400 -1.537800 -2.917100 -1.857200 -14.459300 -4.996800 -75.620900 
0.786000 -4.298400 -3.190700 -0.993200 -1.173400 -0.278600 -1.065800 -2.396100 -0.504500 -14.597200 -3.143000 -58.869200 
0.788000 -3.065600 -0.556200 -1.938200 -0.804000 -2.394400 -3.932400 -5.324400 -0.603400 -4.298800 -10.731400 -73.694100 
0.790000 -0.849300 -1.189100 -3.165900 -2.854700 -1.349900 -2.890100 -1.106500 -1.423800 -3.851600 -5.510100 -75.943000 
0.792000 -1.679200 -1.551900 -2.012000 -1.292300 -5.291200 -2.944900 -0.535700 -3.544500 -14.052300 -9.426600 -73.598600 
0.794000 -1.347700 -1.819400 -0.642900 -1.880500 -1.368500 -1.305700 -1.968100 -7.352300 -5.860400 -9.282300 -74.869600 
0.796000 -3.845100 -3.532100 -1.207200 -1.870700 -3.399700 -3.103000 -3.347000 -3.676400 -1.055800 -18.757000 -73.132800 
0.798000 -2.655200 -4.752400 -1.330300 -2.283100 -6.623200 -2.664100 -2.007200 -2.518500 -6.791700 -20.268300 -95.223900 
0.800000 -2.776600 -3.449400 -2.125800 -1.011700 -1.373000 -2.323600 -4.419300 -2.608800 -3.105800 -32.692200 -78.217300 
0.802000 -1.302900 -0.262600 -0.854200 -3.092200 -1.812400 -2.453400 -2.412400 -3.223500 -6.667200 -17.516400 -88.783900 
0.804000 -3.027800 -1.131600 -0.429000 -1.497600 -1.434100 -2.423000 -1.779100 -2.572000 -2.164100 -28.111200 -103.056300 
0.806000 -2.972600 -2.293600 -6.737400 -4.171500 -1.721800 -8.467000 -2.417200 -2.246900 -3.758000 -33.068100 -109.622500 
0.808000 -4.154500 -2.517300 -1.283500 -1.993700 -3.373700 -4.646800 -2.672500 -5.853600 -3.875800 -29.402000 -80.952000 
0.810000 -2.004100 -3.037800 -3.340400 -3.009100 -2.410000 -5.877700 -2.764700 -4.316500 -3.160900 -24.168200 -90.739100 
0.812000 -3.161700 -3.381900 -1.511500 -2.142900 -2.931700 -7.443800 -4.271700 -2.412500 -6.919200 -22.564700 -93.912700 
0.814000 -1.655200 -0.828100 -1.213100 -1.274300 -3.467900 -6.700200 -4.874900 -4.481700 -8.362500 -25.549700 -74.505900 
0.816000 -3.192200 -2.931500 -0.673000 -2.432000 -1.371400 -6.916900 -2.194900 -4.801700 -3.798300 -14.932200 -68.894800 
0.818000 -1.567600 -2.968700 -1.013100 -0.107700 -1.019600 -5.802900 -3.073900 -5.105700 -11.319100 -19.408100 -73.521200 
0.820000 -1.118600 -4.806600 -2.165700 -1.381500 -3.153400 -5.477100 -2.021400 -1.071800 -16.774200 -24.093200 -45.131100 
0.822000 -1.178600 -5.148500 -1.102100 -1.054600 -4.671300 -5.885300 -1.014900 -2.686900 -3.745500 -14.408600 -62.698400 
0.824000 -1.239800 -1.780700 -1.886900 -2.333900 -2.814100 -6.834600 -3.640800 -2.617200 -13.223400 -20.167200 -49.414300 
0.826000 -2.036300 -2.536100 -0.867000 -1.791800 -3.440800 -8.765200 -3.903400 -6.518300 -5.924100 -12.932700 -55.498100 
0.828000 -1.748700 -2.217300 -3.816100 -1.784500 -2.838000 -7.031600 -1.166700 -2.877500 -8.377300 -8.437700 -54.646500 
0.830000 -3.414400 -1.812000 -2.970500 -2.124800 -3.335100 -9.457200 -0.880700 -0.941500 -7.207100 -6.707700 -45.625900 
0.832000 -0.515100 -1.329800 -1.361200 -2.436400 -0.870000 -8.508300 -0.760600 -4.118600 -3.603100 -5.008200 -88.462200 
0.834000 -3.627200 -1.525200 -1.695100 -2.373600 -5.459600 -7.810300 -1.916800 -6.948900 -6.595200 -11.501900 -30.602200 
0.836000 -1.325900 -2.527300 -1.337900 -4.137700 -1.981500 -8.232300 -6.182600 -2.107800 -3.568300 -8.217700 -75.687800 
0.838000 -1.740300 -2.042900 -0.517900 -2.474700 -2.311800 -4.566000 -0.721200 -5.674600 -6.712900 -5.115900 -58.231400 
0.840000 -3.805800 -2.258900 -1.680000 -2.358500 -3.086600 -0.749700 -1.216600 -6.499300 -12.123800 -9.578200 -33.386900 
0.842000 -1.253700 -1.456200 -1.116300 -1.179000 -2.051200 -0.486600 -1.319200 -4.855300 -4.170700 -11.088600 -36.027300 
0.844000 -1.652700 -1.198800 -0.810400 -4.094200 -4.094400 -2.376600 -4.173600 -5.381900 -3.576900 -6.791800 -31.376400 
0.846000 -2.815800 -2.826700 -2.155800 -1.299200 -0.835000 -4.536800 -3.043900 -1.371100 -6.220500 -2.375000 -51.232300 
0.848000 -2.393900 -2.890600 -1.846600 -1.257800 -5.496800 -3.942000 -1.691800 -11.426000 -6.490100 -8.242900 -38.599800 
0.850000 -1.307800 -1.152300 -2.721300 -2.500400 -2.603400 -4.094900 -3.823400 -1.846200 -2.679600 -14.958700 -51.305000 
0.852000 -1.773000 -0.579700 -1.827100 -4.695600 -4.615700 -7.144400 -1.998400 -2.000600 -5.915800 -16.616900 -46.371100 
0.854000 -2.269600 -3.188100 -1.342000 -4.372200 -2.956500 -4.902000 -3.347100 -3.875600 -11.815900 -19.140000 -34.934200 
0.856000 -3.534100 -1.195100 -0.649500 -4.019800 -4.668300 -2.691000 -1.397400 -8.171100 -5.977700 -16.304700 -46.477900 
0.858000 -1.589900 -1.185900 -0.629800 -3.936200 -3.898600 -4.354400 -5.983300 -4.395600 -6.669100 -8.980500 -43.323500 
0.860000 -3.057100 -1.654200 -3.105900 -6.276200 -0.506200 -1.285800 -3.727000 -11.797800 -8.587600 -5.081600 -44.230000 
0.862000 -2.876800 -1.060300 -0.609700 -3.666700 -2.736000 -6.427600 -2.955800 -1.258800 -1.558300 -14.145400 -31.153000 
0.864000 -0.878400 -3.075900 -0.968300 -2.227700 -1.733200 -3.297000 -2.821100 -3.570500 -4.078900 -16.374700 -34.192900 
0.866000 -2.442700 -1.472100 -0.358800 -1.943900 -1.734400 -2.897100 -2.364800 -5.415500 -5.730600 -21.464400 -49.484000 
0.868000 -2.214100 -1.895500 -0.501200 -2.660600 -4.256800 -9.673700 -3.807700 -4.249600 -5.213200 -10.907100 -97.354500 
0.870000 -2.664800 -2.607000 -1.350900 -4.953600 -5.597700 -13.046000 -0.989000 -3.622600 -6.338900 -10.066000 -124.590800 
0.872000 -1.807200 -1.661600 -1.027500 -3.621700 -1.127800 -1.344900 -1.177300 -4.990200 -9.433500 -10.410500 -87.809200 
0.874000 -3.721800 -2.898700 -2.065000 -1.257200 -0.985400 -3.920000 -5.105600 -3.910500 -14.651500 -12.454600 -113.991500 
0.876000 -3.008400 -0.637100 -0.627000 -1.065200 -1.763700 -2.869300 -0.399800 -5.551700 -4.961200 -8.150800 -115.425800 
0.878000 -3.182900 -0.744000 -1.238400 -1.038900 -3.087000 -4.027800 -2.733300 -2.072300 -6.348200 -4.069500 -98.765200 
0.880000 -2.826800 -1.205900 -1.123500 -1.238700 -0.751200 -4.170000 -6.550400 -3.366400 -2.911700 -9.490900 -120.164200 
0.882000 -3.013800 -0.519400 -3.362700 -1.293400 -2.173000 -1.394300 -2.811300 -11.672100 -6.840800 -2.945900 -67.098100 
0.884000 -0.670200 -1.164800 -2.443300 -1.971800 -0.666100 -3.320300 -1.414200 -3.167300 -3.967600 -7.313000 -68.890200 
0.886000 -2.790100 -2.078800 -1.998100 -2.178800 -3.384400 -1.176800 -2.086900 -2.550500 -3.442800 -7.894800 -117.328700 
0.888000 -2.467100 -1.110500 -1.898300 -1.642000 -2.947100 -4.324400 -2.487900 -3.330500 -4.726200 -15.532300 -120.060300 
0.890000 -0.829900 -1.745300 -0.612500 -0.683800 -0.719600 -3.941300 -1.820000 -5.846400 -2.200400 -18.222600 -133.914300 
0.892000 -1.974300 -2.028600 -1.929900 -0.827100 -1.218500 -0.717900 -2.021500 -3.085700 -3.887000 -16.314400 -131.877500 
0.894000 -1.970900 -2.804300 -0.540700 -2.358100 -6.639200 -2.580800 -2.799000 -3.744500 -5.205500 -7.107500 -85.496300 
0.896000 -1.542500 -1.838100 -1.315400 -1.188100 -2.711600 -2.354300 -1.586100 -4.562800 -5.618400 -3.778700 -81.679000 
0.898000 -1.857100 -0.943900 -1.112000 -0.305700 -2.792600 -1.655300 -6.520800 -5.339300 -3.234400 -11.121000 -121.718700 
0.900000 -1.249700 -2.377300 -0.775400 -1.955200 -3.144600 -2.001400 -3.137400 -4.211100 -4.781300 -5.599300 -104.935300 
0.902000 -1.380500 -0.515300 -1.194600 -1.235000 -1.784300 -1.032700 -5.024900 -5.374000 -7.865400 -7.772200 -112.022900 
0.904000 -3.247000 -2.094200 -1.027500 -1.306300 -2.548200 -3.986600 -5.697100 -4.583000 -7.116600 -4.557300 -132.022500 
0.906000 -1.278200 -0.882800 -0.675800 -2.568500 -3.202300 -1.352800 -2.785900 -7.140900 -9.101100 -15.236000 -64.963100 
0.908000 -0.592800 -1.700300 -1.001500 -2.109300 -3.041300 -1.072200 -7.355300 -3.697100 -5.955800 -11.041000 -159.048600 
0.910000 -2.652400 -1.038000 -1.152400 -2.113700 -2.985400 -1.255500 -1.333500 -1.202500 -7.560900 -7.321900 -110.182500 
0.912000 -1.339100 -1.608700 -1.301700 -2.411700 -2.303800 -0.615200 -1.745000 -4.285000 -6.027200 -9.135300 -122.725600 
0.914000 -0.921900 -0.330200 -0.362400 -2.879500 -3.369100 -1.248400 -3.857000 -6.596000 -7.829000 -3.160500 -105.201800 
0.916000 -2.325500 -1.978500 -3.237800 -1.786200 -1.684800 -0.444900 -1.447700 -3.036700 -4.598400 -8.255200 -146.639500 
0.918000 -2.237600 -2.436400 -0.987100 -0.204100 -3.550100 -0.887500 -2.344900 -5.658600 -5.233500 -7.079000 -129.832700 
0.920000 -1.652600 -1.520100 -2.179700 -0.905500 -2.390000 -5.104400 -2.233100 -2.791600 -4.361000 -12.900800 -109.651800 
0.922000 -2.458000 -3.189300 -1.273300 -4.559600 -1.064300 -2.220700 -2.079500 -2.089400 -4.603200 -12.842300 -67.213100 
0.924000 -0.569100 -7.562600 -0.884100 -1.179500 -3.750300 -1.326800 -2.685600 -2.948400 -5.810600 -14.543000 -61.735100 
0.926000 -0.982500 -1.211500 -1.297600 -2.949400 -3.491200 -2.028200 -3.690000 -1.940300 -5.707900 -23.331900 -80.566100 
0.928000 -0.629800 -2.613900 -1.469800 -1.607800 -4.064000 -4.578600 -3.861800 -1.500100 -3.488100 -13.028900 -59.696700 
0.930000 -1.735500 -2.473100 -1.631000 -1.971000 -3.805000 -8.370300 -1.281400 -3.772100 -5.362200 -4.795200 -81.824600 
0.932000 -0.580300 -0.705200 -1.433600 -1.959300 -2.142200 -4.152800 -8.836600 -2.281600 -5.849300 -1.962500 -48.559800 
0.934000 -2.454600 -1.061300 -2.479400 -0.946900 -5.146900 -1.587400 -3.366900 -1.350500 -11.068100 -5.332900 -159.059800 
0.936000 -2.850400 -3.853100 -2.014900 -1.555000 -4.782400 -2.345100 -5.446000 -3.467700 -5.606100 -9.382400 -93.779100 
0.938000 -0.579100 -0.300100 -1.108600 -3.838300 -3.819700 -1.240300 -4.139000 -4.570900 -3.253700 -3.148600 -104.353900 
0.940000 -6.115800 -0.795200 -0.892000 -0.651500 -3.306700 -1.623800 -2.911800 -4.726500 -5.648200 -12.679200 -57.288600 
0.942000 -1.629700 -0.776600 -0.691800 -1.250400 -4.047100 -2.014200 -2.431700 -5.613100 -2.110700 -3.861700 -133.387100 
0.944000 -2.889600 -1.149900 -0.356000 -0.453700 -1.713000 -1.826200 -2.505800 -1.891800 -7.195600 -5.685800 -124.656200 
0.946000 -1.199800 -1.292300 -1.194700 -0.801000 -2.719300 -3.225500 -2.946200 -1.198600 -8.728000 -6.780500 -115.300900 
0.948000 -1.468100 -2.398800 -1.325800 -1.824300 -2.966100 -3.156900 -1.654900 -3.339400 -4.409000 -2.794900 -94.037700 
0.950000 -1.739400 -1.411500 -1.772000 -0.922800 -1.050200 -4.762700 -4.173200 -4.104100 -4.224800 -6.531600 -109.425800 
0.952000 -2.068300 -1.560700 -0.642900 -0.963600 -5.334800 -3.465200 -2.432100 -5.155500 -5.795100 -4.288100 -52.071100 
0.954000 -1.486000 -3.428900 -0.853100 -1.962600 -2.541300 -3.963100 -5.831700 -2.372100 -3.449900 -3.295300 -92.531700 
0.956000 -1.962300 -2.473000 -1.332900 -1.952500 -2.486000 -3.179600 -4.469000 -1.552900 -2.634700 -6.912000 -99.839000 
0.958000 -1.089700 -2.017800 -2.073900 -2.486500 -7.036100 -2.406400 -1.016700 -2.566600 -5.317200 -5.461300 -41.823200 
0.960000 -2.381700 -0.776400 -0.844200 -3.174400 -3.498200 -2.442700 -3.467000 -2.393800 -2.998800 -6.226900 -83.388300 
0.962000 -1.410400 -0.992100 -0.893900 -0.895300 -1.925800 -1.293200 -2.557100 -7.109900 -5.102700 -10.884600 -120.985300 
0.964000 -3.832700 -0.683900 -4.492000 -1.323700 -0.993200 -4.387500 -1.797800 -3.666000 -7.578400 -6.428500 -93.534500 
0.966000 -2.000700 -3.222500 -0.170400 -5.325300 -2.654700 -0.325900 -1.032500 -1.872600 -1.634700 -5.992200 -132.330400 
0.968000 -1.779800 -3.013600 -0.443900 -0.972700 -2.161300 -0.667800 -2.277100 -4.054300 -19.783300 -16.934900 -142.366300 
0.970000 -0.507300 -1.462700 -0.930700 -2.100000 -4.083300 -1.673200 -0.920200 -2.320200 -7.014700 -11.082500 -137.771600 
0.972000 -3.187800 -0.755900 -0.769300 -2.927400 -2.352100 -2.811800 -1.533800 -4.401200 -4.769300 -4.851000 -131.521200 
0.974000 -1.407500 -1.995800 -1.778700 -0.985400 -1.145400 -1.986600 -2.751800 -2.826100 -3.640000 -6.118000 -125.787200 
0.976000 -3.228000 -3.265200 -0.977900 -2.176200 -2.290600 -1.542100 -3.930500 -5.977300 -1.899300 -7.046200 -106.943700 
0.978000 -2.220200 -1.172300 -0.858100 -1.370800 -4.536600 -2.045900 -2.792100 -2.719700 -5.686700 -11.457100 -148.270800 
0.980000 -1.004300 -0.576100 -0.706500 -1.270000 -0.756500 -6.366100 -1.504900 -2.679800 -9.609100 -8.708500 -80.630100 
0.982000 -2.340900 -2.604500 -1.116800 -0.397000 -1.586000 -2.595100 -1.425100 -3.259700 -4.524800 -4.343000 -93.786100 
0.984000 -6.492000 -2.233200 -3.435800 -2.902800 -3.185900 -1.988800 -0.732100 -6.819300 -6.134700 -3.970000 -115.058500 
0.986000 -0.946400 -2.157200 -0.337300 -1.627500 -1.044500 -1.102700 -6.832800 -0.614600 -17.436700 -10.347100 -73.981500 
0.988000 -1.058200 -0.347800 -3.447200 -0.800700 -1.906400 -3.394200 -0.967200 -1.246100 -9.676600 -10.634900 -116.850000 
0.990000 -0.912800 -1.378100 -2.974000 -0.697700 -1.879100 -1.874500 -5.514500 -2.586800 -3.839200 -8.512200 -94.017500 
0.992000 -3.275300 -3.773100 -0.649300 -2.432100 -1.953400 -1.552000 -2.237300 -1.873500 -4.417600 -1.432000 -133.844800 
0.994000 -1.414900 -1.847900 -0.285100 -0.273600 -2.173100 -1.527500 -0.675600 -2.260300 -6.556300 -5.005600 -82.203000 
0.996000 -1.294600 -0.652500 -1.906200 -1.555400 -0.797000 -0.796400 -5.133100 -4.902500 -8.311500 -4.131500 -90.047800 
0.998000 -5.994200 -3.245700 -0.563500 -0.994200 -1.397800 -2.390400 -2.532900 -1.500800 -3.620000 -7.609300 -78.656600 
