# gradients (DV/DL) for lambdas: 0.0 0.1 0.2 0.3 0.4 0.5 0.6 0.7 0.8 0.9 1.0
0.000000 -1.854000 -1.142100 -7.457600 -1.342400 -0.837600 -1.709000 -4.480400 -6.454700 -13.087100 -6.764700 -30.429600 
0.002000 -1.004200 -3.807400 -1.199600 -2.082500 -5.003300 -5.384500 -1.782600 -4.949200 -23.084500 -28.318300 -33.847500 
0.004000 -2.616600 -1.627900 -1.862600 -0.515300 -1.965300 -0.750600 -2.574900 -3.370900 -14.929500 -11.294900 -8.180600 
0.006000 -0.830600 -0.757900 -2.625700 -3.167600 -2.147000 -7.117400 -0.635600 -9.780400 -14.645700 -5.217800 -22.262300 
0.008000 -1.996500 -5.129200 -1.699200 -1.104200 -1.086000 -5.434000 -0.954200 -5.683800 -10.569800 -8.024400 -18.928000 
0.010000 -3.901500 -0.757800 -2.980800 -1.165200 -1.134900 -1.510100 -0.712500 -9.135700 -4.240300 -17.117600 -17.019500 
0.012000 -0.690300 -0.520100 -2.834400 -2.074800 -1.977700 -5.084900 -4.324700 -5.883300 -6.466600 -6.754500 -50.909900 
0.014000 -3.976700 -0.883800 -2.768000 -2.338500 -1.728200 -1.452100 -1.248000 -12.713500 -12.748200 -12.120300 -16.122200 
0.016000 -3.519400 -3.027000 -7.358200 -2.588800 -1.178200 -2.185700 -1.193100 -5.860100 -13.015100 -10.351500 -58.719400 
0.018000 -1.856300 -1.621600 -2.051200 -1.667600 -0.299700 -6.300100 -2.878800 -5.286100 -7.930100 -10.135500 -50.975300 
0.020000 -0.696800 -2.568100 -2.637800 -1.229000 -1.544600 -3.352900 -1.527900 -1.882200 -15.636700 -10.244900 -33.794700 
0.022000 -1.110400 -2.671600 -6.292100 -1.646200 -0.731800 -1.610700 -0.371400 -8.145200 -9.420400 -9.054700 -9.116900 
0.024000 -2.170000 -1.979700 -3.554100 -1.917000 -3.655600 -4.259100 -3.509000 -7.387500 -4.660200 -11.794800 -21.096500 
0.026000 -2.787600 -2.947300 -4.498600 -1.414400 -1.578500 -3.879500 -2.836700 -5.645600 -8.069800 -11.946800 -47.463500 
0.028000 -2.956800 -4.818000 -4.256500 -3.184900 -2.567400 -1.648600 -1.693300 -9.501500 -10.802300 -12.174000 -12.773600 
0.030000 -0.434500 -3.523900 -1.925000 -1.408400 -0.749800 -1.949300 -3.905400 -1.113000 -4.037400 -11.810200 -45.585900 
0.032000 -2.022400 -1.431300 -4.387100 -1.870800 -2.824600 -2.596100 -3.577600 -4.760900 -2.697100 -9.426900 -30.469000 
0.034000 -4.075700 -1.404000 -1.793900 -0.873200 -2.746700 -3.292300 -1.755400 -13.402400 -7.209700 -9.490400 -8.986300 
0.036000 -2.948700 -0.943500 -1.928900 -2.471600 -1.631400 -2.441400 -6.986100 -6.997200 -6.957800 -9.043400 -14.966500 
0.038000 -1.181100 -1.550000 -2.692200 -5.312900 -3.047300 -1.143400 -1.805000 -6.895100 -6.441400 -18.064000 -24.189600 
0.040000 -0.972200 -1.607600 -1.456700 -1.126800 -2.781100 -2.553700 -8.461600 -2.854500 -4.709400 -16.025100 -59.494400 
0.042000 -1.572100 -1.427200 -2.862100 -1.422000 -1.392900 -2.524300 -2.618400 -6.855900 -8.798900 -5.807900 -35.680600 
0.044000 -2.553900 -3.964300 -3.696300 -0.693600 -3.194800 -3.324200 -1.627800 -6.071900 -9.386500 -19.736800 -11.237500 
0.046000 -1.729300 -2.170200 -2.989600 -2.922600 -1.465800 -2.313900 -3.212800 -13.311400 -3.410400 -6.922800 -53.506600 
0.048000 -0.376500 -1.423000 -2.407900 -0.964600 -0.567800 -2.645900 -2.311100 -4.695900 -15.880900 -14.196100 -28.526800 
0.050000 -1.471300 -0.710100 -1.471600 -1.111700 -1.122500 -1.680200 -1.858400 -13.698800 -9.594800 -14.822800 -30.071200 
0.052000 -0.560100 -0.834900 -1.923700 -2.859000 -0.568200 -3.476100 -4.286700 -8.577900 -22.479300 -19.266100 -57.777900 
0.054000 -1.562700 -1.391200 -2.377500 -3.694700 -2.464400 -2.601000 -4.418700 -5.549700 -8.843800 -15.381700 -31.691500 
0.056000 -3.544500 -1.336800 -1.097100 -3.544300 -1.399300 -4.107800 -4.247700 -13.461800 -17.154300 -18.353700 -25.815100 
0.058000 -0.985900 -2.488100 -2.579700 -4.040700 -1.404100 -2.630300 -1.691000 -4.820700 -10.991900 -17.788900 -13.264200 
0.060000 -1.618100 -1.982000 -3.052400 -2.888700 -3.444200 -2.408700 -0.653000 -8.920200 -14.858800 -3.557100 -47.429300 
0.062000 -1.460600 -0.880400 -0.838300 -2.653300 -1.197500 -3.264200 -4.134800 -3.200800 -19.989000 -23.249300 -38.399000 
0.064000 -0.608500 -0.752100 -2.650700 -2.499300 -2.117700 -5.109500 -3.548000 -4.538000 -11.583900 -7.894800 -24.112800 
0.066000 -2.270400 -3.302100 -3.102000 -2.250800 -2.886300 -7.554000 -8.234300 -0.762700 -13.646000 -8.812700 -10.324700 
0.068000 -1.452100 -0.800300 -1.439500 -3.547900 -0.749000 -2.098700 -3.460000 -7.964100 -10.167100 -8.992100 -38.704000 
0.070000 -1.615200 -2.238300 -1.579800 -1.870100 -1.814100 -7.243300 -4.312400 -7.505500 -7.085600 -21.411200 -22.288400 
0.072000 -1.902900 -2.256600 -4.288600 -1.729200 -5.148600 -4.406900 -7.501000 -4.768000 -15.126900 -14.390400 -53.034700 
0.074000 -2.029200 -2.174900 -2.586300 -1.803000 -1.846900 -4.700400 -4.567500 -6.606900 -7.948900 -16.059600 -18.439300 
0.076000 -1.782300 -1.501400 -2.193700 -0.909700 -3.994700 -2.429300 -9.914300 -6.090000 -10.138800 -10.093500 -25.230900 
0.078000 -1.338700 -1.549200 -2.552300 -2.167200 -3.062800 -1.239400 -5.399500 -7.377900 -12.474000 -7.397700 -14.962500 
0.080000 -0.782300 -1.717000 -3.337100 -1.635800 -0.745600 -2.466200 -3.881100 -1.600200 -8.211000 -5.352800 -11.401300 
0.082000 -1.791800 -0.913800 -2.186100 -3.489700 -0.529600 -3.823100 -1.251700 -4.417300 -15.483000 -9.312200 -10.303800 
0.084000 -1.954300 -2.305400 -6.526600 -2.791700 -2.028900 -2.929300 -2.659800 -7.368500 -6.034100 -10.727700 -9.592600 
0.086000 -3.496800 -2.069000 -0.578000 -2.071500 -0.934100 -2.408100 -7.979100 -5.351600 -7.413100 -10.633900 -14.058700 
0.088000 -0.883000 -4.161700 -2.796400 -2.179400 -2.382000 -0.599100 -3.663300 -7.677400 -5.655000 -2.618600 -9.776900 
0.090000 -1.678500 -2.695800 -3.953800 -1.590400 -1.734200 -0.731400 -4.414000 -7.725100 -12.843700 -18.260500 -12.589700 
0.092000 -1.057500 -1.217400 -4.392700 -2.743900 -1.630700 -2.751200 -3.135900 -5.543400 -13.282900 -8.629800 -22.195700 
0.094000 -0.959600 -1.700200 -3.212200 -3.129100 -2.743400 -2.906500 -3.332200 -3.261900 -14.557100 -18.768600 -18.469300 
0.096000 -1.761300 -1.264900 -2.987100 -2.496600 -1.349400 -1.250900 -1.025100 -3.445100 -4.611200 -8.224300 -25.027000 
0.098000 -1.022200 -1.127700 -3.301100 -1.198700 -0.453900 -5.060900 -5.487600 -2.153500 -4.604100 -10.650700 -2.566100 
0.100000 -1.214800 -1.681000 -2.358200 -0.859900 -1.665300 -1.610100 -2.921700 -2.615500 -4.308400 -9.965800 -23.389400 
0.102000 -0.899900 -1.817400 -3.220500 -3.876200 -0.904300 -2.105800 -3.551600 -4.372400 -2.911200 -12.469100 -21.303700 
0.104000 -0.613800 -1.231600 -4.296500 -1.519800 -3.394900 -3.461800 -3.028600 -5.514500 -0.653800 -26.172800 -7.677200 
0.106000 -0.207200 -1.644900 -1.306400 -1.622500 -4.613700 -0.299300 -1.779200 -3.774400 -4.317300 -5.566500 -20.811200 
0.108000 -1.882500 -0.985400 -4.514300 -3.334500 -1.618400 -0.954300 -2.804200 -7.017700 -1.515500 -11.491800 -23.064100 
0.110000 -1.122300 -4.485900 -5.733000 -2.262900 -2.072800 -4.386200 -0.971400 -8.360500 -0.713800 -7.832500 -13.787900 
0.112000 -3.393300 -1.383200 -1.270800 -1.337300 -3.994700 -1.317300 -3.603400 -3.406200 -5.139300 -5.152300 -16.445700 
0.114000 -1.146400 -3.483600 -3.505200 -1.484000 -1.609100 -1.853900 -2.500300 -6.047800 -5.733200 -12.930900 -24.223000 
0.116000 -0.977100 -1.891100 -3.111900 -4.511600 -2.229400 -0.837100 -3.254500 -7.371500 -8.574000 -4.452400 -19.600000 
0.118000 -0.400200 -1.696300 -4.953300 -1.101400 -2.113300 -2.850600 -6.675000 -5.941000 -1.507800 -10.593400 -9.521300 
0.120000 -1.784800 -2.400500 -3.112200 -2.829200 -1.740100 -1.303700 -3.005700 -4.020500 -3.625400 -6.977100 -56.705500 
0.122000 -0.322300 -2.158600 -5.019300 -1.806300 -2.901900 -3.326800 -4.220800 -5.309200 -8.321300 -12.601600 -46.998700 
0.124000 -2.336800 -0.637700 -2.720700 -3.351100 -2.643900 -2.690900 -3.617800 -6.097400 -6.057900 -11.486600 -64.351100 
0.126000 -3.223000 -2.365800 -3.343700 -2.393600 -0.250500 -3.157300 -4.036500 -7.999000 -6.861400 -11.170800 -22.778000 
0.128000 -3.592800 -3.414600 -5.072800 -1.875600 -1.300000 -0.686200 -1.883500 -3.971800 -4.315000 -5.359600 -4.691500 
0.130000 -0.764200 -1.497500 -1.707300 -5.125600 -1.145800 -3.267600 -2.382300 -6.236000 -8.758200 -10.151600 -5.753500 
0.132000 -2.259900 -1.510800 -2.104400 -1.737100 -1.819400 -3.119900 -2.296800 -3.875700 -5.672700 -13.724400 -35.303200 
0.134000 -1.395800 -1.829000 -5.038000 -1.342600 -1.622200 -1.736600 -8.298000 -6.717200 -7.253600 -13.184100 -19.338500 
0.136000 -0.443900 -0.550500 -2.356900 -4.616100 -0.844600 -0.782500 -1.869000 -4.755400 -7.385000 -5.673800 -28.768900 
0.138000 -1.684900 -1.347000 -2.077500 -3.888300 -1.045200 -1.054900 -2.088600 -5.702600 -3.000200 -9.398300 -19.144900 
0.140000 -2.141700 -1.503400 -2.887900 -2.408400 -2.478300 -1.636700 -1.510500 -2.925500 -12.484500 -8.133100 -35.598400 
0.142000 -0.887700 -1.283000 -1.736200 -3.020200 -0.444500 -2.421100 -2.116700 -4.339700 -5.017300 -3.966400 -12.681600 
0.144000 -2.451300 -1.003900 -5.137100 -3.451400 -2.892800 -1.072900 -0.614300 -3.722400 -1.621000 -3.542100 -41.676800 
0.146000 -2.847700 -0.845900 -2.425700 -3.948800 -0.483300 -3.335000 -4.852900 -6.230700 -3.973400 -8.126000 -39.240700 
0.148000 -0.827300 -1.991400 -1.400600 -0.692700 -1.661400 -3.296700 -2.211700 -5.524700 -1.753500 -11.918900 -19.615900 
0.150000 -1.082400 -1.885600 -1.383700 -0.893400 -0.844400 -1.522100 -3.525500 -3.752800 -1.876500 -4.730700 -18.646400 
0.152000 -0.630900 -1.530100 -2.122100 -5.717100 -4.324400 -2.632900 -4.153000 -6.877800 -1.143800 -6.289100 -10.398800 
0.154000 -1.243800 -2.023300 -1.005000 -1.139800 -1.313200 -4.582100 -5.259800 -7.379400 -6.757400 -10.051000 -30.264700 
0.156000 -1.897700 -2.170600 -4.225000 -4.818400 -1.467300 -0.043700 -5.338500 -10.957500 -3.100300 -10.639400 -20.426200 
0.158000 -0.832000 -2.249400 -1.917000 -1.564500 -0.550500 -2.581600 -2.119900 -8.675100 -3.761000 -8.456300 -14.106200 
0.160000 -1.934600 -1.128900 -3.332100 -1.297400 -3.498200 -4.991000 -3.738800 -2.906900 -2.816800 -3.602000 -30.018600 
0.162000 -0.807000 -1.578300 -1.477000 -0.991700 -4.350900 -2.419800 -1.285800 -4.070800 -4.369000 -9.293100 -17.854900 
0.164000 -0.350600 -0.782400 -3.093100 -1.390300 -5.109800 -4.842500 -3.036200 -10.527900 -0.816500 -4.455400 -44.768700 
0.166000 -1.218600 -1.215600 -1.556100 -2.938700 -4.269600 -3.677000 -3.177300 -4.857900 -7.044200 -5.136700 -35.484200 
0.168000 -1.569500 -1.053100 -2.226300 -2.011000 -7.685100 -2.872500 -6.001100 -7.406200 -1.815200 -1.868100 -47.222600 
0.170000 -0.374000 -1.866000 -2.045500 -1.263300 -0.884100 -1.029000 -5.438600 -2.448900 -5.492000 -5.437900 -35.287500 
0.172000 -1.661900 -3.043800 -3.771200 -2.778600 -1.199800 -0.736700 -2.262400 -6.215200 -6.474300 -6.550400 -41.186700 
0.174000 -0.780700 -0.924500 -1.116800 -2.327200 -2.201100 -4.211100 -2.037600 -5.220500 -3.277000 -3.869400 -55.195800 
0.176000 -1.170700 -1.293400 -4.881200 -0.405300 -2.530600 -3.465200 -4.028500 -4.861600 -6.785100 -19.822500 -19.860000 
0.178000 -1.027900 -2.534900 -2.334800 -1.400700 -2.436500 -2.166600 -1.775800 -3.706000 -3.830300 -13.407800 -30.288100 
0.180000 -2.770200 -2.149900 -2.917100 -0.903800 -0.817800 -2.033800 -1.841000 -0.618200 -4.014100 -14.727200 -20.284400 
0.182000 -2.564200 -1.400000 -2.569500 -0.825200 -0.262300 -1.814200 -6.125800 -3.813800 -5.807300 -2.147600 -31.966600 
0.184000 -1.611800 -3.384300 -1.705900 -0.935300 -3.035200 -2.534200 -2.279600 -1.989300 -2.655100 -11.335400 -47.751400 
0.186000 -2.116000 -3.292700 -3.141900 -2.073400 -1.197500 -1.103500 -1.768500 -5.944000 -4.822200 -26.070100 -49.825800 
0.188000 -0.665900 -1.660100 -2.794400 -2.170000 -4.789800 -3.940900 -2.265000 -4.645800 -4.827600 -4.283400 -25.441700 
0.190000 -4.267800 -3.130000 -2.864500 -2.433600 -0.864900 -0.528800 -4.534800 -4.877000 -5.083000 -5.396600 -50.089800 
0.192000 -0.659000 -1.614500 -0.965100 -1.198400 -2.239600 -1.268700 -2.009800 -8.224700 -6.333600 -8.317300 -29.716800 
0.194000 -2.360000 -1.309600 -1.892700 -1.662100 -3.280900 -1.510000 -9.209200 -3.232900 -8.014400 -12.106300 -20.608200 
0.196000 -2.405700 -1.220600 -1.133800 -1.890000 -0.598000 -2.294000 -3.242100 -7.556800 -6.763700 -19.443100 -29.827200 
0.198000 -1.803000 -1.901600 -1.879600 -1.977700 -1.328200 -2.119000 -5.255400 -2.590000 -5.427800 -19.770200 -32.311800 
0.200000 -1.511700 -2.335400 -2.532900 -4.763400 -1.112400 -3.485400 -4.603300 -3.976200 -2.910700 -6.641300 -41.894700 
0.202000 -3.245300 -0.885700 -5.683500 -2.566100 -1.698100 -3.460800 -3.765800 -4.545600 -5.252300 -16.646100 -28.745700 
0.204000 -0.196900 -2.354800 -1.886000 -3.881600 -3.727500 -2.535800 -6.723900 -5.329200 -5.754500 -8.943800 -50.177100 
0.206000 -3.561800 -3.246500 -1.919700 -1.815700 -3.407200 -1.355600 -3.003600 -4.311500 -4.414800 -8.305200 -18.551800 
0.208000 -0.679300 -2.726200 -3.048000 -0.826400 -2.782100 -4.625400 -3.652900 -1.965700 -8.961400 -11.941700 -39.340100 
0.210000 -0.639000 -0.900100 -0.978600 -0.523400 -1.560400 -6.350000 -4.012700 -3.714300 -4.141100 -5.595300 -17.443100 
0.212000 -2.132800 -1.352400 -3.170600 -3.003200 -2.199400 -1.181100 -5.506800 -5.854400 -3.801900 -7.814100 -55.323700 
0.214000 -1.820400 -2.819300 -1.973300 -2.083700 -0.739900 -1.169000 -4.978000 -6.850100 -6.110900 -9.551100 -25.148300 
0.216000 -1.873600 -4.356300 -3.676400 -0.833700 -1.217700 -1.131600 -4.816400 -2.052200 -2.026300 -4.893200 -31.170500 
0.218000 -1.108800 -1.258000 -4.576700 -1.020500 -0.734800 -2.470200 -4.413900 -3.373100 -9.536900 -6.779600 -33.044800 
0.220000 -3.840200 -2.436200 -2.078700 -0.896100 -1.557200 -2.289200 -2.929800 -4.678000 -6.908500 -11.314700 -6.821600 
0.222000 -1.077000 -2.365000 -2.065300 -3.018700 -0.899000 -1.275300 -2.292200 -6.759700 -3.689700 -12.615600 -46.356500 
0.224000 -0.637500 -3.261000 -1.836000 -3.048300 -0.869900 -2.972400 -1.615300 -5.006200 -5.125800 -4.853100 -30.369100 
0.226000 -0.738200 -1.541800 -4.060700 -1.075300 -1.484200 -1.508200 -0.838700 -1.618100 -7.945500 -7.247400 -8.515700 
0.228000 -1.056300 -3.457100 -4.408100 -3.420000 -0.927200 -1.650200 -0.991000 -0.838700 -9.273700 -5.657200 -62.996700 
0.230000 -0.975400 -1.598100 -4.797000 -1.902900 -1.628500 -2.613800 -1.824200 -0.640000 -6.867100 -2.689800 -25.891200 
0.232000 -0.476200 -1.343500 -2.891800 -5.689800 -2.579400 -0.970300 -2.690700 -2.441200 -6.900800 -5.948000 -51.816600 
0.234000 -1.168600 -1.761900 -0.843600 -1.290700 -1.930100 -1.602400 -3.895800 -1.484700 -8.214500 -10.530200 -11.971900 
0.236000 -0.892500 -0.526200 -1.989600 -2.277300 -4.052600 -3.090900 -1.580700 -2.284700 -4.912700 -9.148600 -8.167600 
0.238000 -0.796000 -2.385500 -8.780500 -2.404300 -4.313000 -2.741000 -2.998900 -2.228600 -4.598900 -8.473700 -9.507300 
0.240000 -0.445200 -2.108300 -1.462700 -2.864000 -1.564100 -2.132500 -1.087100 -5.430600 -4.487300 -7.274900 -24.390200 
0.242000 -3.992600 -1.738000 -1.913600 -1.017800 -1.951800 -2.622400 -1.747200 -4.634300 -3.967400 -7.793100 -12.882600 
0.244000 -0.390300 -0.862400 -2.832000 -1.245800 -1.650300 -3.237400 -0.669200 -4.297400 -10.400000 -2.609000 -11.065600 
0.246000 -0.541600 -1.770300 -4.627600 -1.283600 -3.974400 -5.136600 -2.616400 -1.418400 -4.635100 -6.135300 -12.026500 
0.248000 -0.928900 -2.777800 -0.807300 -1.574300 -3.074200 -3.411400 -1.723300 -2.950000 -9.791400 -5.104800 -3.515500 
0.250000 -1.268800 -1.402200 -2.037900 -3.351400 -1.968900 -3.666600 -0.800900 -5.431900 -3.972400 -11.158700 -16.724300 
0.252000 -0.990500 -2.334400 -2.947800 -2.096500 -2.107600 -3.157800 -3.973700 -1.804500 -3.865700 -16.650800 -26.329100 
0.254000 -0.725200 -1.299300 -4.564900 -1.947500 -2.501800 -2.772100 -8.397100 -3.862300 -11.412300 -7.504300 -5.447700 
0.256000 -3.121600 -1.708400 -6.802600 -1.578900 -1.049800 -2.184700 -2.992800 -5.210200 -4.955100 -11.364500 -16.898000 
0.258000 -0.765100 -1.322600 -6.186200 -2.976600 -2.362300 -3.391400 -6.023200 -2.259700 -4.254700 -4.501300 -17.041300 
0.260000 -0.562700 -1.832100 -1.857000 -3.700600 -2.670700 -1.450300 -6.066100 -11.508500 -3.099500 -11.558800 -15.217500 
0.262000 -0.995800 -1.670400 -3.748500 -2.327700 -1.640100 -1.063300 -1.166300 -5.480900 -9.339400 -10.840900 -10.696600 
0.264000 -0.655300 -1.249400 -2.669800 -0.898900 -1.735000 -0.579800 -1.712600 -7.432000 -14.187300 -7.008200 -26.409900 
0.266000 -0.968700 -0.396400 -3.171300 -3.459300 -1.843200 -1.368600 -3.000600 -2.692600 -9.077900 -12.841200 -11.204300 
0.268000 -1.086100 -2.782800 -1.219700 -3.589600 -3.088500 -2.713100 -5.763300 -2.353500 -10.633900 -6.127600 -12.790200 
0.270000 -0.535400 -1.133700 -5.124100 -3.442000 -0.343400 -3.412900 -1.649200 -7.093300 -4.249900 -8.071100 -15.918000 
0.272000 -1.726800 -1.447400 -0.840500 -1.750400 -2.541500 -4.380200 -3.880500 -6.046400 -7.153000 -14.221400 -23.625700 
0.274000 -0.773200 -1.423100 -5.410300 -5.060900 -1.455400 -3.341900 -3.731000 -3.997200 -10.708300 -16.490200 -13.740000 
0.276000 -1.411200 -3.261500 -2.521600 -2.534700 -2.880300 -1.118500 -6.112300 -2.739500 -6.109000 -7.417100 -11.506600 
0.278000 -1.235500 -2.565900 -3.318100 -1.459700 -3.582300 -3.817900 -8.633200 -3.284900 -7.812200 -2.935500 -12.030300 
0.280000 -2.227600 -2.814600 -1.598700 -2.435700 -1.658500 -2.106000 -3.918400 -1.212900 -5.428100 -8.976000 -8.788400 
0.282000 -1.034900 -1.374100 -2.595400 -2.055700 -0.358600 -4.130900 -2.982200 -1.803800 -5.114000 -7.286300 -13.587700 
0.284000 -0.982400 -2.503000 -0.663400 -2.228800 -1.732700 -5.621100 -3.359300 -2.924800 -10.943300 -15.696900 -15.120300 
0.286000 -3.036200 -1.400900 -1.757000 -1.638600 -2.436200 -1.936800 -2.248600 -4.645000 -8.034600 -6.643900 -23.623400 
0.288000 -1.403100 -2.525200 -1.708200 -1.547300 -0.715800 -0.742300 -3.335700 -3.234600 -6.051700 -11.153700 -12.551600 
0.290000 -1.663700 -5.923700 -2.318500 -2.648800 -3.604100 -2.636600 -1.538500 -1.938600 -2.517700 -8.731000 -17.468200 
0.292000 -4.028500 -2.905700 -1.349300 -4.068000 -2.695500 -3.189700 -2.006400 -2.927200 -11.524900 -6.079400 -13.632900 
0.294000 -3.561300 -1.429300 -6.513700 -3.449000 -1.823900 -1.869000 -5.070300 -7.092100 -15.353900 -9.612900 -6.576600 
0.296000 -1.861900 -1.181400 -0.313700 -3.560100 -2.826800 -5.212100 -5.964400 -6.736000 -9.934000 -11.085100 -13.378100 
0.298000 -3.352900 -1.224400 -4.636600 -1.216500 -2.429000 -3.867100 -0.874900 -4.460300 -8.687800 -3.100900 -7.340500 
0.300000 -1.073000 -2.429600 -1.693000 -1.243600 -0.566400 -1.162600 -2.058900 -3.205300 -9.518500 -9.014800 -13.336100 
0.302000 -1.396300 -2.936800 -3.824600 -0.864700 -3.344100 -1.431900 -3.738800 -3.906200 -7.878100 -14.505000 -6.095100 
0.304000 -0.926900 -1.371200 -2.927200 -2.251000 -2.089600 -1.957300 -2.266000 -5.855800 -4.898300 -11.391600 -15.268400 
0.306000 -1.121700 -2.335600 -3.026400 -1.472000 -2.249300 -3.548900 -1.119100 -4.449500 -2.991400 -5.795500 -6.030500 
0.308000 -4.852700 -1.802800 -1.446200 -2.637600 -2.808800 -1.392300 -2.743500 -7.103800 -2.287400 -15.566900 -20.353600 
0.310000 -2.097500 -1.889900 -4.117400 -2.488800 -2.950900 -1.278800 -6.039600 -0.809800 -11.570800 -4.874300 -37.917600 
0.312000 -0.688700 -2.354800 -4.557700 -2.678300 -3.545400 -3.045400 -2.130200 -7.078300 -12.331800 -21.756300 -22.075500 
0.314000 -2.952600 -2.272300 -4.057000 -2.312500 -2.561600 -3.942200 -7.789100 -5.032700 -1.882400 -7.138700 -14.192500 
0.316000 -0.763400 -2.810800 -1.921900 -1.638600 -1.531800 -1.866200 -3.936200 -3.204100 -3.582900 -6.273700 -15.129900 
0.318000 -2.860300 -6.691900 -5.769500 -2.158700 -0.910100 -2.802700 -7.523800 -6.109800 -6.818800 -20.824300 -30.002600 
0.320000 -1.814000 -0.712100 -2.571600 -0.368900 -1.140300 -1.919000 -7.980900 -6.127100 -6.629800 -7.582800 -26.950300 
0.322000 -1.809400 -1.975700 -5.099200 -3.180100 -1.232200 -3.170300 -4.097100 -1.814500 -4.544200 -8.313000 -23.135800 
0.324000 -2.692900 -0.817500 -4.555700 -3.652700 -1.259500 -2.703900 -11.108300 -4.651700 -10.109300 -9.947000 -9.267500 
0.326000 -1.467800 -1.999600 -1.364000 -1.619500 -5.548900 -1.857900 -2.078400 -4.868600 -2.846500 -4.059300 -17.046600 
0.328000 -2.762400 -0.657900 -3.336500 -7.315600 -4.150200 -2.988700 -4.751400 -6.910500 -6.059800 -4.572900 -11.006500 
0.330000 -2.173500 -2.145300 -2.541700 -6.122800 -1.410200 -5.948700 -3.020900 -5.815300 -9.752200 -9.292500 -15.945800 
0.332000 -2.392400 -0.431700 -5.833400 -1.883800 -1.904400 -5.503100 -3.387900 -3.274700 -1.911400 -12.223800 -9.127900 
0.334000 -2.106200 -0.472200 -1.801700 -0.990500 -2.474500 -3.215000 -5.368700 -4.526000 -3.548500 -6.850400 -8.589900 
0.336000 -1.888500 -1.227800 -1.373600 -2.243800 -2.828600 -7.151400 -5.319300 -5.677000 -2.104000 -10.503500 -13.479700 
0.338000 -1.636800 -0.763600 -1.747900 -3.974000 -1.825100 -2.222300 -4.245400 -8.840400 -6.542500 -7.487600 -12.896800 
0.340000 -0.389300 -1.436500 -2.660100 -0.691600 -3.006000 -3.566300 -9.223800 -2.038100 -6.579400 -13.729300 -8.921200 
0.342000 -2.982500 -1.588300 -3.371900 -1.424200 -2.528800 -3.931000 -3.747100 -4.906700 -3.863800 -4.623200 -22.819300 
0.344000 -1.128000 -2.175400 -2.071100 -2.912400 -2.449900 -1.115600 -7.969300 -6.984900 -8.393600 -7.603400 -8.213200 
0.346000 -1.108900 -0.452500 -2.335900 -2.988300 -2.834000 -4.017200 -5.363000 -3.456200 -3.616600 -11.674700 -22.331400 
0.348000 -0.919900 -0.979400 -1.476100 -1.245800 -3.134800 -3.075000 -1.669600 -3.343000 -9.886600 -9.833900 -19.477800 
0.350000 -0.969300 -2.230100 -2.063900 -2.153900 -4.991600 -1.960600 -2.634800 -4.881000 -7.688500 -8.151100 -14.803300 
0.352000 -2.826700 -5.501400 -4.485800 -1.560200 -0.705000 -5.386600 -5.487000 -3.224900 -11.899600 -3.704600 -3.448900 
0.354000 -1.461800 -3.585300 -2.719100 -0.971700 -3.319100 -1.583000 -1.815000 -5.851500 -10.975900 -6.209600 -15.995800 
0.356000 -1.354500 -1.718000 -3.206200 -2.253000 -0.492500 -4.640200 -2.979500 -1.434600 -5.585600 -13.752800 -7.217600 
0.358000 -0.971900 -2.309800 -2.960100 -3.968300 -6.330300 -4.949700 -3.300600 -5.759200 -3.715200 -7.491800 -17.974300 
0.360000 -2.766100 -1.275600 -3.924400 -3.056900 -1.595300 -1.679800 -2.958900 -3.627400 -5.952800 -8.153300 -34.276600 
0.362000 -1.568100 -2.982600 -2.260600 -3.984700 -4.478000 -3.248300 -4.480900 -3.468500 -1.462300 -9.606500 -11.656700 
0.364000 -2.300200 -1.329600 -2.844000 -1.938600 -2.996000 -3.107600 -5.096100 -6.190100 -5.816100 -5.378100 -9.329800 
0.366000 -2.428000 -1.263900 -1.611100 -2.238800 -2.104400 -3.996100 -5.420200 -5.736700 -0.726700 -3.100300 -5.535200 
0.368000 -2.405300 -2.264900 -3.591400 -2.113500 -1.953400 -4.417800 -3.507900 -1.357900 -2.200800 -12.720300 -15.853400 
0.370000 -0.205900 -1.293300 -4.246900 -2.805600 -2.027500 -5.275700 -3.848700 -2.278100 -2.889100 -5.465900 -48.584800 
0.372000 -1.575700 -1.908200 -2.108100 -2.071300 -5.769400 -1.930200 -9.637400 -5.011400 -0.433700 -4.828100 -9.194500 
0.374000 -4.042600 -1.962500 -3.690100 -1.928500 -1.743200 -2.280100 -4.046600 -4.034600 -3.458300 -8.167700 -4.001300 
0.376000 -2.746100 -1.254900 -2.918400 -2.306400 -4.540800 -1.710900 -2.390500 -5.035900 -1.008900 -3.485500 -25.294600 
0.378000 -1.711000 -1.800400 -1.445700 -3.541300 -5.186100 -1.056100 -4.925500 -6.956300 -4.007100 -7.931300 -21.937700 
0.380000 -1.419000 -1.841000 -2.412400 -2.347800 -1.513500 -1.576100 -2.107500 -6.425100 -5.418400 -7.106700 -8.957200 
0.382000 -1.416400 -1.371200 -0.480500 -3.272600 -3.132000 -2.267700 -4.366700 -6.129700 -9.362500 -6.384500 -9.045200 
0.384000 -1.249800 -2.137800 -1.109200 -6.029400 -4.275200 -1.376600 -4.658900 -5.139100 -3.770800 -8.608500 -14.136000 
0.386000 -2.385000 -0.405400 -2.342400 -4.836100 -3.935500 -4.969700 -4.923500 -5.260500 -2.731600 -25.324900 -18.313700 
0.388000 -2.351400 -1.205500 -1.518200 -2.228800 -2.191800 -1.963800 -5.261800 -1.185700 -0.700500 -12.813900 -15.934400 
0.390000 -0.907200 -3.869700 -3.166900 -1.745300 -1.365800 -1.504400 -2.598200 -4.704800 -6.090500 -8.887600 -16.923400 
0.392000 -1.494600 -1.496300 -2.112500 -1.231800 -3.524000 -1.031300 -10.216800 -5.605000 -2.808600 -6.236800 -8.362300 
0.394000 -1.747700 -2.297900 -4.172400 -1.194200 -2.431100 -5.198600 -7.334100 -7.209400 -4.398300 -8.529000 -3.677500 
0.396000 -1.717300 -2.421900 -3.297900 -1.461400 -1.530200 -6.094600 -2.287700 -2.398400 -4.523100 -7.026200 -6.264100 
0.398000 -2.210500 -1.807400 -1.137100 -2.279200 -3.166600 -1.363100 -2.256700 -3.751600 -4.729900 -10.264400 -4.253600 
0.400000 -0.990400 -3.699600 -2.507300 -2.511200 -2.177000 -1.596900 -2.250900 -5.859300 -2.083400 -15.279900 -1.383000 
0.402000 -1.083300 -1.941900 -2.457500 -1.564800 -7.155800 -0.671000 -3.360600 -4.826900 -2.761200 -11.793400 -3.286700 
0.404000 -1.711200 -1.918100 -1.740300 -2.251900 -4.782500 -3.886500 -3.964900 -5.969300 -4.460600 -11.851700 -7.155300 
0.406000 -2.678000 -1.060500 -2.083300 -3.436500 -5.018200 -2.320600 -3.880700 -4.769800 -2.122800 -4.318800 -13.722100 
0.408000 -1.449600 -1.056600 -1.511500 -2.450300 -2.247500 -1.536200 -1.928400 -4.165200 -0.942800 -6.979600 -3.090300 
0.410000 -1.767300 -1.130300 -2.732300 -0.742300 -2.310700 -2.140000 -4.690600 -3.827400 -1.553800 -4.827600 -3.356800 
0.412000 -0.871900 -2.486000 -4.584800 -2.535900 -1.300000 -3.260500 -3.114600 -3.674100 -11.142900 -16.924600 -6.227100 
0.414000 -1.354700 -1.963700 -0.956200 -1.423900 -2.644700 -7.130700 -0.639400 -4.861300 -1.691400 -7.064500 -15.387300 
0.416000 -1.691400 -2.004500 -0.746800 -2.022800 -4.156000 -4.045300 -5.741300 -4.147500 -4.297500 -5.167100 -9.937500 
0.418000 -2.923700 -1.296700 -2.158100 -2.562000 -1.340100 -2.402100 -4.396800 -3.136900 -1.937800 -7.471800 -8.836000 
0.420000 -4.133500 -1.385900 -1.760500 -2.028100 -0.964100 -3.233300 -2.573600 -6.108600 -3.965000 -7.992500 -8.882500 
0.422000 -2.442600 -0.870900 -1.642600 -1.395800 -3.637200 -4.047900 -3.947800 -5.253300 -1.535700 -10.815300 -12.143300 
0.424000 -1.593000 -1.385900 -2.049500 -1.856000 -6.408700 -3.780400 -4.894900 -4.490600 -3.396300 -5.965200 -6.250000 
0.426000 -2.458000 -3.802600 -1.410900 -3.134900 -4.518700 -3.483200 -2.228600 -5.576100 -1.331200 -9.220300 -6.621500 
0.428000 -4.037900 -1.119500 -1.354600 -1.229600 -2.999100 -1.609500 -6.515500 -7.464400 -1.475000 -7.435000 -12.227300 
0.430000 -1.897300 -1.410800 -3.644500 -1.524300 -1.465600 -1.532800 -4.240200 -5.696400 -3.400700 -10.512700 -8.171600 
0.432000 -2.621000 -1.848600 -2.158300 -0.416100 -3.566900 -1.772900 -8.448200 -3.695300 -1.425500 -3.423100 -14.137400 
0.434000 -1.147400 -0.515900 -2.631600 -2.357400 -1.030800 -7.140400 -3.765300 -6.180100 -1.692300 -14.538300 -16.729400 
0.436000 -1.799100 -0.352600 -3.854800 -2.588600 -0.774800 -1.599500 -4.331800 -5.050400 -1.995400 -9.679900 -12.594100 
0.438000 -1.172100 -2.323900 -1.652200 -0.807400 -0.877700 -2.341300 -2.915600 -6.516200 -2.965000 -13.654000 -20.953300 
0.440000 -1.620400 -1.161500 -2.269900 -1.665100 -3.884800 -1.794300 -1.944500 -4.539700 -4.745000 -8.723000 -8.758600 
0.442000 -2.057100 -0.752600 -1.895100 -1.048500 -1.873600 -1.851800 -2.380800 -5.809500 -5.361200 -8.811100 -16.915400 
0.444000 -0.345200 -0.528600 -1.545100 -2.959500 -4.268100 -1.741400 -0.629600 -5.584900 -2.965000 -11.173500 -10.538900 
0.446000 -1.789700 -0.234300 -2.356200 -2.555300 -3.682200 -2.498900 -2.091800 -1.642100 -5.491100 -8.502700 -27.595600 
0.448000 -2.397000 -1.033400 -3.717600 -3.164100 -2.862900 -1.978000 -5.852600 -5.428400 -5.206900 -13.608700 -12.086500 
0.450000 -1.111000 -1.446900 -1.990700 -0.930100 -1.303400 -4.580100 -6.359300 -6.579000 -1.570600 -8.670200 -11.686100 
0.452000 -0.341500 -1.082400 -1.713300 -3.007900 -1.316100 -4.876500 -3.159000 -6.693300 -0.829300 -10.618100 -13.272100 
0.454000 -1.744600 -2.613300 -1.519400 -3.718300 -1.442800 -4.059500 -8.355700 -4.596600 -5.185800 -10.897800 -60.203100 
0.456000 -1.783100 -0.931600 -8.558200 -2.569100 -4.327000 -3.387000 -7.009200 -6.377000 -4.586300 -5.562200 -37.087000 
0.458000 -1.311200 -0.238900 -0.645500 -2.779100 -0.797800 -5.466800 -11.224300 -8.695000 -4.549100 -10.324500 -18.404900 
0.460000 -1.340300 -0.603100 -4.820300 -2.311500 -1.003500 -3.279600 -1.599700 -4.193800 -3.521200 -10.477600 -10.771700 
0.462000 -2.125700 -0.633600 -1.194600 -3.269300 -2.150100 -2.204900 -2.670700 -11.441500 -1.710900 -11.892800 -14.152600 
0.464000 -2.032500 -1.538100 -4.469900 -2.928100 -0.498900 -4.107200 -5.453600 -2.492900 -4.765600 -10.650300 -5.728000 
0.466000 -2.952600 -1.381900 -2.577000 -2.903300 -0.221200 -4.834800 -7.615400 -3.909100 -3.114400 -9.484200 -22.465200 
0.468000 -1.169100 -1.670800 -2.426200 -2.013900 -3.514800 -2.569000 -6.180100 -6.002400 -2.786800 -3.456100 -6.038200 
0.470000 -1.050700 -1.363200 -4.977500 -2.336100 -0.944400 -3.014400 -2.012000 -6.990300 -3.899000 -3.810500 -2.411900 
0.472000 -2.898200 -5.593600 -2.291800 -2.041400 -1.282600 -2.609300 -6.048400 -5.232200 -1.910600 -6.479100 -6.911900 
0.474000 -0.875400 -2.344900 -3.210000 -2.010100 -1.524200 -4.053900 -7.212200 -4.825500 -5.377100 -6.776800 -12.222100 
0.476000 -1.402700 -2.078700 -0.660300 -1.669600 -1.377200 -4.604000 -4.844400 -2.637700 -2.239400 -11.739900 -10.881500 
0.478000 -2.608200 -1.163700 -4.808700 -2.718400 -2.737100 -2.460500 -1.031200 -5.015100 -9.221300 -10.521000 -9.529100 
0.480000 -0.902400 -1.816400 -1.172400 -2.470900 -2.169000 -2.540000 -4.786300 -3.409900 -3.684200 -9.770200 -4.897900 
0.482000 -2.180200 -1.665600 -1.045100 -0.953900 -2.443600 -1.881100 -4.875000 -7.162400 -1.747200 -5.467000 -9.823200 
0.484000 -2.737700 -1.178300 -0.929200 -2.517000 -1.347400 -0.591000 -7.112400 -6.315500 -5.001000 -19.696700 -14.822500 
0.486000 -2.356600 -3.169800 -2.880600 -4.385000 -1.271600 -4.588300 -8.269000 -7.771300 -1.578400 -9.720700 -12.969400 
0.488000 -1.730600 -0.458600 -0.887000 -2.448700 -0.250400 -2.010000 -7.560800 -4.605800 -0.532800 -11.219600 -6.832800 
0.490000 -1.699100 -1.484100 -2.466900 -5.673500 -2.359700 -4.667500 -3.850300 -4.110200 -2.996000 -5.171600 -8.385500 
0.492000 -1.131500 -2.591800 -2.275600 -0.704900 -1.457100 -1.186200 -2.062300 -2.648300 -4.307500 -11.521500 -7.755800 
0.494000 -2.066500 -1.441300 -0.818000 -4.206600 -1.110000 -1.179200 -4.871900 -3.961300 -4.726200 -15.680700 -8.280200 
0.496000 -1.968700 -0.996200 -3.953100 -1.184100 -0.789500 -1.525600 -9.041900 -3.034800 -1.184600 -7.709000 -9.558800 
0.498000 -1.806700 -1.716100 -2.880600 -4.428300 -3.478300 -8.657000 -0.440400 -11.576000 -2.481200 -3.602200 -38.133100 
0.500000 -2.355200 -0.993600 -4.349800 -3.412100 -3.830500 -2.739800 -2.520200 -6.747900 -1.489400 -8.348000 -6.448700 
0.502000 -1.666900 -3.514000 -3.612500 -2.203200 -3.485500 -4.717000 -2.935400 -3.504900 -6.162600 -7.166500 -5.653100 
0.504000 -1.154400 -2.265200 -1.880500 -2.346200 -3.438200 -3.868100 -6.087800 -9.612000 -1.413800 -6.338800 -16.632900 
0.506000 -0.065400 -0.239100 -2.384800 -2.165600 -3.908800 -3.387200 -7.619700 -9.855900 -2.625300 -9.773200 -9.052800 
0.508000 -1.825700 -1.092800 -2.466100 -1.009000 -0.563400 -5.207400 -3.721100 -6.785900 -8.094400 -8.407700 -10.149100 
0.510000 -1.521300 -1.271200 -0.645500 -1.708500 -1.739800 -1.741600 -6.165700 -4.656200 -3.661200 -3.829400 -17.211000 
0.512000 -1.299800 -1.117700 -0.499300 -2.782300 -1.895200 -1.174400 -1.489400 -5.791200 -1.316100 -13.934100 -17.850400 
0.514000 -1.041800 -0.472900 -2.198600 -1.367100 -0.829800 -4.218500 -2.409200 -5.554500 -1.228600 -8.767600 -18.919600 
0.516000 -2.947500 -1.915200 -1.165900 -2.993800 -0.869200 -3.510100 -4.832400 -6.619600 -4.708100 -18.033900 -16.486300 
0.518000 -2.781200 -2.654300 -2.185400 -1.413200 -2.474000 -2.935400 -9.643600 -2.661900 -9.211300 -10.741300 -19.815000 
0.520000 -2.134700 -2.011000 -1.997500 -3.094800 -1.278600 -5.329400 -2.697300 -7.103500 -1.192400 -4.619400 -12.299400 
0.522000 -0.527000 -0.686100 -0.951500 -1.362900 -1.308200 -1.886200 -7.624300 -2.258300 -3.004300 -5.694000 -19.314800 
0.524000 -1.028800 -2.472800 -3.361200 -2.393300 -3.434600 -2.483400 -3.425100 -2.597300 -1.748600 -13.281500 -8.940700 
0.526000 -2.168800 -0.453300 -1.273800 -1.713600 -0.940600 -5.485700 -3.058800 -2.340900 -7.530300 -14.756300 -20.737500 
0.528000 -2.536800 -0.683400 -0.607800 -0.714300 -0.693300 -2.112600 -1.490100 -5.375300 -3.942700 -19.641800 -22.623900 
0.530000 -1.754500 -2.772500 -1.888100 -0.449600 -1.796900 -2.371000 -6.744800 -6.669100 -1.887900 -4.881800 -25.753400 
0.532000 -2.234000 -0.726000 -3.486700 -0.777700 -3.528900 -6.586100 -2.371100 -5.993000 -1.222000 -17.177400 -16.676700 
0.534000 -2.439500 -0.370700 -1.031800 -1.690200 -0.811100 -2.096100 -3.601700 -7.024100 -5.282800 -4.287300 -41.791400 
0.536000 -1.269400 -0.524400 -4.372100 -1.719100 -2.593100 -3.574400 -1.784000 -3.512300 -3.469600 -7.127500 -23.083500 
0.538000 -0.838000 -2.126400 -1.129200 -0.466900 -2.881400 -1.187000 -1.420400 -3.683500 -4.812000 -12.789900 -18.663900 
0.540000 -1.668900 -1.458500 -0.795900 -1.424900 -1.253400 -1.936800 -4.422300 -2.771300 -1.896100 -17.895800 -15.718100 
0.542000 -1.313700 -2.493500 -0.764800 -2.185000 -0.732100 -3.159900 -4.853200 -2.188300 -7.816600 -6.839300 -18.928000 
0.544000 -3.014600 -3.312900 -2.722400 -1.129800 -1.150900 -3.295800 -5.575000 -1.852400 -6.308500 -7.650100 -25.852100 
0.546000 -1.244100 -1.053100 -0.584600 -0.262700 -1.198800 -1.719800 -2.347400 -4.733900 -2.565900 -6.440000 -46.574000 
0.548000 -2.027200 -1.399600 -0.670100 -1.871800 -0.749900 -3.039100 -1.742300 -5.035400 -1.645300 -12.832600 -39.165800 
0.550000 -3.521800 -2.182900 -1.334400 -1.010400 -2.633400 -2.207600 -1.363100 -1.161800 -3.754600 -3.921800 -36.024600 
0.552000 -2.197200 -1.831200 -2.013700 -2.151000 -0.951500 -0.628100 -1.372900 -7.874300 -13.929400 -27.751800 -6.510300 
0.554000 -3.054400 -1.088200 -1.815400 -1.836500 -3.197800 -4.451200 -4.938400 -2.183100 -4.940500 -5.196600 -44.067000 
0.556000 -0.652400 -2.131500 -0.655200 -1.737700 -3.881200 -2.622600 -2.094800 -8.242500 -4.807600 -2.968300 -41.735000 
0.558000 -0.867300 -2.298400 -1.541600 -2.350300 -1.811600 -1.943100 -3.928800 -1.061700 -0.762100 -3.494000 -21.862400 
0.560000 -1.172800 -3.254000 -1.000400 -0.339600 -1.432100 -2.336000 -0.679400 -7.523600 -0.848200 -9.361400 -17.980300 
0.562000 -1.293100 -3.863900 -1.190700 -2.226700 -2.270700 -4.356100 -3.456700 -7.660100 -1.665200 -6.731500 -17.380500 
0.564000 -1.648900 -1.488600 -1.491200 -0.956300 -2.424100 -4.930200 -3.397900 -7.877800 -1.400700 -10.798900 -16.327200 
0.566000 -0.726700 -1.258000 -1.981800 -2.116500 -5.447700 -2.181500 -1.715100 -9.381500 -2.306800 -6.298400 -14.638900 
0.568000 -2.784700 -2.737300 -0.741200 -1.845000 -4.172700 -4.018300 -10.134700 -4.272600 -5.182000 -11.742100 -16.133700 
0.570000 -0.981800 -3.686000 -2.395300 -0.654700 -2.202000 -2.741600 -6.556200 -8.976800 -2.435400 -14.044300 -5.762100 
0.572000 -3.003800 -0.993600 -1.568900 -2.680000 -2.498600 -3.921400 -0.945400 -3.154000 -1.462700 -9.083400 -9.435400 
0.574000 -1.921400 -2.166200 -3.067800 -0.438600 -2.184600 -2.331800 -4.246800 -4.060700 -3.024300 -10.743600 -27.488500 
0.576000 -1.501600 -0.354600 -0.959600 -2.074700 -6.611500 -4.169000 -1.797100 -4.349400 -1.086300 -15.475500 -15.396600 
0.578000 -1.358200 -1.885700 -0.994300 -1.686100 -3.431300 -3.570900 -6.482600 -4.781900 -12.243100 -13.656200 -16.496100 
0.580000 -0.667100 -0.560300 -2.518200 -0.873300 -1.743600 -0.771700 -1.810700 -5.476200 -6.651200 -8.385000 -14.924100 
0.582000 -2.629700 -1.439000 -2.205100 -1.465500 -2.284600 -4.994600 -0.951300 -5.455600 -1.483800 -12.158500 -18.972000 
0.584000 -0.973900 -1.248100 -3.796200 -2.015400 -0.722100 -4.988400 -3.987600 -2.541400 -1.939300 -14.799600 -13.247300 
0.586000 -0.407100 -2.086800 -1.817400 -1.863100 -3.397700 -2.944000 -2.769800 -1.456800 -0.504800 -6.744300 -13.611800 
0.588000 -0.611700 -1.868300 -3.591300 -1.957200 -3.212600 -2.334300 -1.963600 -6.228800 -1.839800 -7.332800 -20.717800 
0.590000 -1.835500 -0.660600 -0.737100 -1.485700 -0.126600 -6.318300 -2.586800 -4.148500 -1.756900 -14.505400 -20.626800 
0.592000 -0.307300 -2.094500 -2.167900 -1.861900 -1.848300 -3.666200 -3.720400 -8.518500 -1.873200 -9.091100 -16.682500 
0.594000 -0.882600 -1.448900 -3.696900 -3.027600 -0.497700 -5.068000 -2.936900 -1.994700 -3.077200 -11.657000 -12.217500 
0.596000 -0.834700 -1.069300 -3.514200 -1.863100 -1.227500 -4.954500 -3.411600 -4.514800 -8.154700 -5.534700 -11.184500 
0.598000 -1.962300 -5.189100 -1.337900 -2.108200 -0.965400 -5.047200 -4.562000 -7.531300 -5.213200 -21.407200 -24.540300 
0.600000 -1.077300 -0.807900 -1.600400 -1.931000 -0.739700 -2.237500 -4.568000 -4.147000 -2.480500 -10.427200 -27.123900 
0.602000 -2.474500 -1.121300 -1.019200 -0.486700 -1.032600 -4.830800 -5.179600 -9.395500 -5.425700 -6.593800 -17.639500 
0.604000 -2.308200 -0.518100 -0.770000 -2.696500 -0.779900 -2.200800 -5.472300 -6.616800 -2.667800 -12.878900 -38.863400 
0.606000 -1.046400 -1.022200 -1.651900 -1.271600 -2.989800 -3.538100 -4.781100 -7.502700 -1.762700 -21.186400 -19.590600 
0.608000 -0.577900 -1.848500 -3.736200 -1.521200 -6.073700 -4.531100 -3.709200 -5.539100 -1.802400 -9.549400 -23.162600 
0.610000 -2.043500 -0.706100 -3.151300 -2.504600 -6.115100 -4.443100 -5.762600 -4.173400 -4.361900 -7.666300 -17.279400 
0.612000 -2.403300 -0.892700 -1.099400 -0.883300 -2.309500 -1.867700 -3.374600 -8.129800 -1.520300 -8.879500 -26.137400 
0.614000 -3.262300 -1.249900 -1.916700 -0.533000 -2.595100 -3.219400 -4.388900 -8.622300 -1.850200 -4.512500 -13.854200 
0.616000 -0.505300 -1.948700 -3.237200 -1.235800 -4.344600 -2.690600 -3.015400 -5.509700 -3.595200 -9.249000 -7.620500 
0.618000 -2.463900 -3.221600 -1.543600 -3.147800 -2.215800 -4.251700 -2.839900 -5.805600 -2.245400 -4.442500 -36.471400 
0.620000 -3.398600 -1.937300 -1.867100 -2.678300 -4.737600 -2.678700 -3.547700 -1.874500 -2.268300 -4.007500 -7.183000 
0.622000 -0.825900 -1.791000 -1.253400 -2.001800 -1.387000 -6.888800 -5.447100 -6.070500 -0.719200 -1.878300 -8.904300 
0.624000 -1.318600 -0.767800 -1.456100 -1.297800 -4.692700 -4.295100 -5.624300 -4.495600 -3.546800 -7.592300 -5.464300 
0.626000 -1.279600 -1.522800 -1.381800 -1.100500 -4.358400 -1.060600 -3.700300 -6.306500 -5.201500 -11.215600 -7.373100 
0.628000 -1.652600 -1.729500 -2.354700 -1.549600 -4.418400 -1.118800 -1.844700 -3.823800 -1.701400 -7.350000 -6.715400 
0.630000 -1.080400 -3.558600 -1.684200 -3.366200 -3.451300 -2.022000 -3.639000 -9.517100 -2.117300 -4.040400 -9.318000 
0.632000 -2.823000 -1.890000 -2.858600 -3.963300 -2.944000 -4.503900 -3.717700 -4.148400 -3.408700 -2.957200 -55.329900 
0.634000 -0.769500 -1.013300 -1.516200 -0.604700 -3.963700 -4.005400 -7.800500 -4.597000 -2.049100 -5.387000 -15.284400 
0.636000 -3.278200 -0.915500 -4.533900 -2.089600 -4.304100 -5.676400 -4.713200 -10.090100 -7.769200 -18.975400 -5.628100 
0.638000 -1.241000 -0.600300 -2.816700 -1.565500 -1.420900 -5.947100 -4.548900 -4.176400 -1.672800 -23.777700 -20.771000 
0.640000 -1.037100 -1.716200 -2.667600 -2.406000 -4.925500 -3.195100 -6.307500 -4.391900 -2.920900 -12.487700 -35.084800 
0.642000 -0.304500 -1.724100 -1.077300 -2.476400 -4.371900 -5.753300 -4.161100 -3.912100 -2.035200 -9.279700 -28.710000 
0.644000 -0.742700 -3.552000 -1.498800 -2.942000 -2.645000 -2.953600 -5.089900 -5.691700 -2.825600 -9.056800 -17.750300 
0.646000 -1.972600 -1.578100 -3.063800 -3.787500 -3.359600 -3.045900 -6.349100 -6.979400 -10.554300 -14.339000 -16.552100 
0.648000 -0.871800 -1.198900 -1.820200 -2.617800 -4.486300 -6.664000 -1.757600 -1.764500 -2.601400 -9.174700 -22.969100 
0.650000 -1.280800 -2.081500 -3.582800 -2.321500 -3.889200 -2.347400 -2.384800 -5.859400 -1.328300 -10.669700 -18.445100 
0.652000 -3.543100 -0.972200 -2.914500 -1.184600 -2.946100 -2.422700 -3.540600 -5.057400 -5.145100 -14.335300 -41.600500 
0.654000 -1.877100 -1.443600 -3.807600 -4.592700 -3.342000 -6.307000 -5.465100 -1.673900 -3.774400 -11.943400 -35.790300 
0.656000 -3.007600 -0.923500 -0.904700 -0.932400 -1.650200 -2.880300 -1.126500 -3.266900 -5.596400 -14.083900 -27.496200 
0.658000 -3.093000 -2.830500 -2.172300 -1.371900 -1.902700 -3.742100 -1.636000 -4.330600 -2.042100 -9.729600 -33.593200 
0.660000 -1.791300 -3.861200 -2.016600 -1.238100 -3.935200 -3.862500 -0.956900 -4.495100 -2.852800 -13.603600 -36.799000 
0.662000 -1.013300 -1.197600 -2.673600 -1.120900 -0.591000 -4.157400 -1.386600 -2.885800 -1.601900 -9.719000 -27.023300 
0.664000 -2.696000 -1.927500 -4.399100 -0.771800 -2.969800 -2.014200 -2.369400 -5.947800 -2.109500 -6.189600 -33.076200 
0.666000 -0.519600 -3.386900 -1.551000 -1.079600 -3.688200 -1.660000 -5.106300 -7.486400 -6.372600 -13.509900 -14.169900 
0.668000 -2.187000 -1.071600 -3.306200 -1.753500 -2.517300 -2.228200 -1.715600 -4.086800 -5.804600 -10.875500 -17.710100 
0.670000 -2.633900 -3.610700 -2.719100 -1.691200 -3.639100 -2.947900 -1.658100 -4.010400 -0.556900 -4.493200 -33.398600 
0.672000 -2.486200 -3.047600 -1.458900 -2.141500 -2.277700 -4.024200 -3.153800 -7.522700 -3.042600 -14.405300 -21.516500 
0.674000 -2.367700 -1.193400 -2.381600 -1.891800 -3.839300 -3.111200 -1.597200 -4.464600 -3.355600 -12.431800 -7.361200 
0.676000 -3.215900 -1.389300 -4.488300 -1.364100 -3.284200 -0.983400 -1.207800 -4.807100 -3.572300 -10.306800 -6.221700 
0.678000 -1.704400 -0.563900 -1.503900 -1.867100 -1.521600 -3.116800 -4.131800 -5.711000 -4.245000 -13.149900 -11.290600 
0.680000 -2.192700 -2.898500 -3.103400 -1.718000 -3.032700 -5.281200 -2.556600 -3.204300 -2.534500 -8.335700 -19.311600 
0.682000 -1.845000 -1.192100 -4.501200 -2.194700 -3.656400 -4.838900 -0.705900 -3.844900 -3.737400 -11.398000 -8.654900 
0.684000 -2.756100 -0.595300 -3.291200 -0.914500 -2.368100 -8.143100 -3.691300 -6.177300 -0.942200 -9.119800 -27.943800 
0.686000 -0.863700 -1.342100 -5.044800 -5.441900 -3.240300 -4.028800 -2.152800 -10.760100 -0.264900 -12.424700 -28.289700 
0.688000 -1.515100 -0.490500 -2.244200 -1.644500 -3.694200 -2.202000 -5.262200 -5.681000 -1.881800 -16.618400 -16.149000 
0.690000 -0.587600 -2.241100 -1.954200 -1.269000 -3.142200 -3.621400 -4.131600 -3.779900 -2.901400 -9.544300 -34.352200 
0.692000 -2.932100 -0.999300 -1.546200 -2.256400 -1.228500 -3.614800 -5.264600 -2.972900 -1.859700 -11.968500 -20.623800 
0.694000 -2.026300 -0.383400 -2.421800 -1.258000 -3.865400 -2.503500 -4.095500 -6.837800 -2.714300 -8.732000 -55.828400 
0.696000 -2.080800 -0.957100 -1.944500 -3.185300 -0.986100 -2.534300 -1.987200 -3.995000 -4.263700 -6.560900 -7.379900 
0.698000 -1.256900 -0.911200 -0.800500 -1.251000 -3.115300 -5.222900 -2.904900 -4.885400 -5.284300 -4.250000 -26.695500 
0.700000 -0.737200 -2.560600 -4.648600 -1.888600 -1.656600 -7.356600 -3.205900 -0.693300 -5.227000 -10.065500 -19.563800 
0.702000 -0.881200 -3.314500 -2.667900 -2.978000 -1.733900 -6.779600 -3.249700 -3.822800 -2.237700 -4.602300 -13.819700 
0.704000 -0.993500 -1.316900 -1.389700 -2.721800 -2.217200 -2.997500 -0.811500 -1.141800 -1.758200 -5.453400 -10.162100 
0.706000 -1.306900 -0.795100 -2.667800 -2.104300 -3.244000 -4.224400 -1.055000 -4.034400 -3.914500 -11.282300 -16.825300 
0.708000 -0.206300 -6.182700 -1.442400 -3.059800 -2.899800 -4.441700 -3.356200 -3.375900 -2.458000 -4.871300 -2.747700 
0.710000 -1.069500 -3.225300 -1.529900 -0.497300 -2.808200 -3.265600 -5.366400 -1.425800 -1.113300 -4.849300 -14.941400 
0.712000 -0.951700 -1.237100 -5.687200 -4.953600 -1.923400 -8.161300 -2.432200 -3.187100 -10.013200 -3.433400 -31.006200 
0.714000 -1.713400 -2.310100 -4.303100 -2.946200 -5.340000 -2.737300 -1.013300 -2.431200 -1.875500 -11.695100 -7.654400 
0.716000 -0.433300 -1.139100 -2.252500 -1.854200 -1.621500 -5.420500 -3.880600 -6.287000 -2.410600 -7.909400 -5.111000 
0.718000 -0.796800 -2.472200 -3.895600 -4.792800 -3.695800 -1.021800 -3.226700 -0.907900 -2.990500 -22.071400 -8.144000 
0.720000 -1.627600 -1.960100 -2.857200 -3.065000 -2.838700 -3.116200 -10.621500 -1.605600 -1.537100 -7.479000 -1.721900 
0.722000 -0.726600 -1.037700 -2.611200 -1.679300 -0.548600 -6.621700 -4.349400 -5.898300 -1.999300 -9.585600 -9.432700 
0.724000 -2.683300 -1.097500 -3.277500 -2.410100 -3.268600 -5.615200 -2.330800 -6.716800 -3.176600 -5.284400 -18.737900 
0.726000 -1.060900 -0.536900 -2.370400 -3.031700 -1.702100 -1.871400 -5.220800 -6.406700 -3.428200 -5.019600 -21.546200 
0.728000 -2.541200 -0.939100 -2.639400 -4.732600 -2.686300 -2.655700 -3.797400 -3.472600 -3.151500 -5.628900 -12.463200 
0.730000 -1.741500 -2.339500 -1.991500 -3.101500 -2.962600 -5.687900 -3.045700 -2.452700 -3.054200 -7.190400 -8.599000 
0.732000 -2.488700 -3.583000 -2.145300 -4.818200 -2.084500 -3.557100 -7.335800 -1.892500 -7.702000 -7.247900 -11.196900 
0.734000 -0.520600 -1.392500 -1.971000 -2.318800 -0.559000 -2.928200 -6.342100 -8.423200 -4.062400 -7.941400 -8.309800 
0.736000 -1.312100 -1.477200 -2.076000 -0.999500 -3.262100 -2.262300 -4.876700 -6.755800 -1.659600 -6.800000 -19.353300 
0.738000 -2.221200 -0.884500 -1.720200 -2.500700 -1.675500 -5.746400 -8.952300 -2.566700 -2.873000 -5.418700 -6.282000 
0.740000 -0.311100 -1.013300 -0.577400 -4.004900 -0.605600 -3.434300 -4.958900 -2.059800 -6.489500 -6.105800 -10.263200 
0.742000 -1.717600 -4.363100 -0.478400 -0.796000 -0.830700 -2.392400 -5.745300 -4.207100 -2.194300 -4.871500 -10.084200 
0.744000 -1.557900 -3.823000 -1.399200 -3.670300 -2.672200 -5.088300 -2.676900 -9.335000 -3.107000 -11.248300 -13.827700 
0.746000 -0.931800 -0.722000 -2.473400 -2.402200 -1.319700 -4.427500 -2.442300 -2.874700 -2.891000 -7.545000 -13.601100 
0.748000 -2.342900 -1.772600 -1.880500 -3.179900 -2.901900 -3.365900 -2.728300 -1.226100 -1.516800 -4.230300 -4.948700 
0.750000 -1.120200 -1.299800 -5.198800 -1.865300 -2.013600 -5.033100 -2.626400 -2.826500 -14.190000 -4.106600 -10.322000 
0.752000 -0.847600 -1.432600 -4.391500 -1.816700 -3.451000 -2.798500 -3.313100 -3.884200 -7.273700 -9.278400 -10.502500 
0.754000 -0.841800 -2.770400 -0.802000 -1.787600 -1.355300 -0.957600 -2.191000 -5.241500 -12.791600 -6.015400 -5.245400 
0.756000 -0.964900 -0.633900 -1.344600 -1.949000 -1.882000 -0.970000 -1.483500 -2.430700 -7.558500 -11.714400 -7.079300 
0.758000 -0.979600 -2.239000 -1.810400 -2.056300 -1.751900 -5.456900 -1.924000 -3.064100 -8.526700 -8.433800 -7.807800 
0.760000 -2.175200 -0.364800 -5.276200 -1.365000 -0.981200 -1.016300 -2.370300 -3.916000 -16.473000 -16.164500 -14.609100 
0.762000 -2.848800 -1.812200 -3.011800 -0.918900 -1.545900 -3.111000 -0.919700 -3.486900 -9.236000 -12.415800 -6.452900 
0.764000 -2.114900 -3.528300 -1.756200 -2.961200 -0.251400 -5.506900 -1.445800 -7.441000 -5.008500 -5.906900 -5.336500 
0.766000 -0.840600 -3.024500 -2.018900 -0.737900 -1.510400 -7.077400 -3.665800 -3.551000 -5.546800 -5.828900 -11.878000 
0.768000 -0.812300 -1.943700 -1.010000 -2.051200 -4.817900 -1.425100 -1.819600 -2.065400 -2.355900 -8.306200 -10.325400 
0.770000 -0.668700 -1.423500 -2.026700 -3.884200 -2.823300 -1.203200 -1.580100 -3.231700 -6.784800 -4.287600 -14.658800 
0.772000 -0.946700 -1.424900 -2.232300 -2.677800 -4.680800 -1.274000 -0.728100 -2.541300 -8.016500 -3.709100 -16.775400 
0.774000 -1.947100 -1.286300 -2.466500 -1.465900 -1.558300 -3.713000 -1.977900 -5.442600 -5.359600 -10.916000 -8.412900 
0.776000 -0.497900 -3.804700 -1.022900 -2.921700 -2.390900 -3.143900 -1.739800 -6.662100 -4.330000 -12.052900 -6.603100 
0.778000 -4.160300 -1.998200 -0.906200 -0.371100 -2.630000 -4.740700 -1.993600 -8.512700 -3.058600 -7.544000 -18.157500 
0.780000 -1.704700 -0.872600 -1.984100 -0.759600 -2.254700 -3.677900 -2.811800 -3.847200 -7.542600 -8.432100 -9.292300 
0.782000 -1.926200 -2.635100 -2.371000 -0.423700 -1.579600 -3.005800 -2.136700 -2.329800 -2.258500 -7.831500 -11.300800 
0.784000 -1.406300 -1.297900 -0.897700 -2.372200 -2.871100 -3.894500 -3.439200 -4.395100 -3.824600 -9.087100 -8.876800 
0.786000 -2.098400 -4.085500 -2.420800 -0.906300 -0.927300 -2.185300 -2.877800 -5.105500 -4.090300 -9.680900 -31.945700 
0.788000 -1.777300 -3.421000 -2.862800 -3.070500 -2.926100 -1.621100 -0.945800 -5.052800 -3.765400 -3.242200 -32.516100 
0.790000 -2.257400 -2.049100 -1.470400 -2.773700 -1.183400 -2.405600 -0.631400 -2.144800 -8.767800 -6.910800 -24.764400 
0.792000 -5.453600 -0.983000 -1.462600 -1.373300 -1.269000 -2.721800 -4.257500 -4.373600 -5.450000 -7.759100 -57.264100 
0.794000 -0.791600 -3.603700 -1.217900 -3.966900 -2.191000 -0.835800 -3.059900 -1.238300 -4.418800 -7.933500 -23.238700 
0.796000 -3.968700 -1.870900 -3.656100 -4.219500 -2.336700 -2.398000 -1.686500 -4.153300 -5.895200 -6.310700 -20.681100 
0.798000 -1.269000 -1.586300 -0.418000 -2.494200 -2.041400 -1.594600 -7.517000 -7.246500 -9.870700 -6.231900 -40.690300 
0.800000 -4.339400 -1.647800 -4.009500 -4.917500 -0.705900 -1.047700 -1.817300 -6.089300 -5.919200 -3.224700 -12.353000 
0.802000 -1.032600 -1.683700 -3.775900 -1.282200 -1.908100 -1.517800 -1.985600 -3.624400 -4.321000 -11.053100 -8.385300 
0.804000 -2.281100 -1.017200 -3.098300 -1.652300 -1.043100 -4.362700 -3.819500 -4.607200 -5.380700 -4.085500 -29.690600 
0.806000 -2.052300 -2.392600 -0.207200 -2.580400 -1.711100 -2.115800 -4.195100 -1.501700 -1.771300 -5.605700 -7.826300 
0.808000 -1.179700 -1.792100 -1.402100 -0.771300 -1.637300 -2.470300 -5.601500 -3.243600 -4.113400 -4.983600 -8.651300 
0.810000 -1.503100 -2.200000 -1.786900 -2.133400 -0.607100 -3.740000 -1.957700 -2.537900 -4.578300 -2.946600 -12.570500 
0.812000 -0.283400 -3.036500 -1.908300 -0.997600 -1.015700 -0.789400 -4.944000 -6.968700 -3.732000 -1.971500 -62.783500 
0.814000 -1.404500 -1.948900 -4.462700 -1.994700 -1.585500 -2.588500 -3.985100 -7.382500 -2.813400 -8.876900 -6.730800 
0.816000 -2.508200 -1.026600 -1.499000 -1.398800 -1.514300 -5.802700 -4.621300 -1.064200 -2.784600 -11.218500 -17.844000 
0.818000 -2.466600 -1.866900 -3.482700 -0.853700 -2.430300 -1.525000 -1.806000 -4.685100 -6.436000 -8.221700 -11.674900 
0.820000 -0.409000 -3.390500 -0.521400 -3.067900 -3.476800 -0.938400 -3.291600 -3.905600 -7.141400 -11.998000 -12.439200 
0.822000 -1.406400 -1.496600 -1.722600 -1.645200 -3.389400 -4.129100 -2.325800 -4.578500 -4.950900 -38.866600 -10.871500 
0.824000 -1.627400 -1.511000 -1.600500 -1.370700 -1.097500 -2.369400 -3.360000 -2.593800 -4.106400 -3.708900 -42.949300 
0.826000 -0.857400 -0.883600 -1.993700 -1.080300 -1.903400 -3.513700 -3.309100 -9.413300 -4.646000 -7.956800 -10.498900 
0.828000 -2.230400 -0.859900 -1.932600 -2.894200 -3.808300 -2.402200 -4.112300 -3.409700 -4.298500 -7.977200 -4.455800 
0.830000 -1.305300 -1.344800 -3.484400 -2.905500 -0.538400 -1.809300 -4.684400 -1.959200 -10.081900 -3.374000 -9.380800 
0.832000 -4.150200 -3.067800 -1.770800 -2.903100 -2.182500 -1.327100 -4.672600 -8.761600 -3.175300 -2.632100 -7.847300 
0.834000 -1.658600 -0.726800 -0.988800 -1.269500 -4.030400 -2.112200 -4.984600 -2.299200 -1.296600 -4.814100 -7.039900 
0.836000 -3.011700 -1.258700 -0.593600 -2.276300 -2.016400 -2.563700 -3.207600 -5.448800 -3.343900 -8.027300 -9.700700 
0.838000 -0.697800 -1.830000 -7.076400 -3.128100 -2.054700 -2.922300 -1.264800 -4.845000 -1.791700 -13.318400 -2.732600 
0.840000 -3.282500 -0.166800 -0.753000 -3.180100 -2.005700 -6.419100 -4.429300 -2.568200 -3.220400 -6.875100 -7.639000 
0.842000 -1.671100 -1.319000 -1.922900 -1.678700 -0.883700 -2.930500 -4.366000 -2.396400 -2.998800 -13.744800 -9.920800 
0.844000 -2.805800 -0.716200 -3.815500 -3.788000 -2.030700 -2.375100 -0.489100 -4.073900 -5.714200 -9.642300 -6.199400 
0.846000 -0.926300 -1.671500 -1.359800 -1.642700 -1.345600 -1.428100 -3.712400 -2.456700 -4.056400 -7.378100 -9.721600 
0.848000 -0.654200 -2.874800 -1.525900 -2.976900 -2.562800 -2.630500 -2.865900 -2.863900 -2.637400 -4.565400 -7.646000 
0.850000 -1.204200 -2.261900 -3.615200 -2.017200 -6.049200 -3.827000 -2.021500 -1.520400 -1.997700 -15.734900 -15.119700 
0.852000 -2.117300 -0.453800 -3.052300 -1.211500 -0.780200 -5.704200 -3.049200 -4.017700 -4.876600 -4.537500 -23.939200 
0.854000 -1.667300 -2.589600 -3.472200 -1.255900 -1.111100 -1.645200 -3.212500 -8.903800 -2.346900 -12.426000 -7.999600 
0.856000 -1.074100 -3.274800 -2.035400 -1.880700 -1.885400 -2.543400 -4.611900 -0.953100 -2.553300 -7.674500 -10.832700 
0.858000 -1.225000 -3.815500 -2.024900 -0.918300 -0.832400 -4.389600 -3.814700 -3.959200 -3.215500 -13.314700 -24.635900 
0.860000 -2.138100 -2.336200 -0.927800 -4.151700 -1.610700 -2.177900 -0.967700 -7.396300 -3.546400 -3.344900 -14.266400 
0.862000 -1.319000 -2.756200 -1.508000 -4.428700 -1.118100 -1.144400 -9.975600 -4.413300 -3.051400 -10.689100 -21.860600 
0.864000 -1.401800 -0.868400 -3.684500 -0.778700 -4.520900 -1.451600 -3.182200 -1.280500 -6.751200 -8.280100 -7.509500 
0.866000 -1.417200 -1.717500 -4.577000 -2.565000 -4.290000 -4.337400 -2.685700 -2.974300 -6.568900 -8.746800 -17.339700 
0.868000 -1.150600 -2.146700 -2.014500 -0.927500 -2.919200 -5.662200 -5.369800 -1.195900 -3.244900 -11.724100 -29.126000 
0.870000 -1.995500 -2.143500 -0.647700 -1.130700 -2.608400 -4.855400 -2.386100 -5.042000 -0.997200 -5.203400 -2.951600 
0.872000 -2.029600 -1.174900 -2.552700 -3.086600 -3.654400 -1.333700 -2.800800 -1.917200 -1.963400 -6.733000 -12.388100 
0.874000 -2.423500 -2.557000 -5.320100 -1.555900 -0.965400 -1.683800 -11.167300 -2.517100 -2.272100 -3.743500 -10.224600 
0.876000 -1.758200 -1.467700 -1.585100 -3.060800 -1.605700 -3.021700 -2.040500 -5.058000 -2.599700 -6.105700 -3.429400 
0.878000 -2.017800 -2.495900 -2.702100 -0.503700 -1.861600 -0.802900 -4.665500 -3.263900 -2.652500 -7.652000 -6.978900 
0.880000 -2.030300 -0.892500 -5.303800 -1.501900 -1.743700 -1.759400 -4.442400 -1.823600 -7.109900 -10.800200 -15.263500 
0.882000 -1.838000 -3.546600 -3.499200 -0.812800 -2.659100 -0.860300 -6.100500 -3.722900 -2.875700 -15.154600 -17.399000 
0.884000 -0.664600 -3.044200 -1.591200 -0.992900 -4.078500 -1.942500 -3.957700 -2.734000 -11.080800 -2.839500 -10.099900 
0.886000 -2.339800 -1.756800 -2.885500 -1.409200 -2.166900 -1.231500 -2.410900 -3.941600 -2.557100 -7.881200 -10.019800 
0.888000 -1.511900 -2.171100 -3.220900 -3.840300 -2.621400 -3.278700 -3.674800 -6.418100 -4.006500 -4.389200 -36.156100 
0.890000 -1.294900 -2.977900 -1.734200 -1.763900 -1.772900 -1.135000 -1.426400 -5.147200 -1.599300 -7.845500 -11.575200 
0.892000 -2.234500 -1.376100 -3.516800 -2.073800 -0.712500 -1.997100 -1.437500 -3.636700 -7.547200 -15.545200 -8.969900 
0.894000 -4.725800 -3.454900 -3.217300 -0.832100 -1.291900 -3.933100 -4.190200 -4.656800 -6.828200 -21.217000 -26.836300 
0.896000 -2.322800 -2.183800 -3.139900 -1.265800 -3.073700 -5.186100 -0.508500 -0.745300 -4.393400 -10.902100 -20.634900 
0.898000 -2.332400 -4.004700 -1.294600 -1.606100 -0.495300 -4.267100 -8.864600 -1.627700 -1.394200 -10.972600 -6.656600 
0.900000 -2.596600 -1.227700 -2.854000 -0.741200 -0.710300 -4.586400 -5.920900 -4.387100 -8.065000 -9.201600 -13.563200 
0.902000 -2.354700 -0.448800 -1.671500 -3.504600 -2.034700 -3.581900 -2.198400 -4.789700 -3.045400 -11.351600 -16.398800 
0.904000 -3.040400 -0.625800 -4.082000 -2.489600 -2.994600 -1.649500 -6.433400 -4.054900 -1.549000 -22.847500 -6.228400 
0.906000 -1.997600 -1.671000 -2.696200 -0.835200 -1.781100 -1.373800 -7.817300 -3.688000 -3.380900 -9.260900 -8.421100 
0.908000 -1.738300 -0.123900 -2.104600 -1.672600 -2.130800 -0.934000 -1.514100 -3.583500 -1.585500 -22.574800 -8.565900 
0.910000 -1.467400 -1.250400 -3.490800 -0.913200 -2.124500 -1.269500 -5.564900 -6.966100 -1.477400 -9.273900 -16.416400 
0.912000 -1.551300 -0.838200 -0.927800 -3.809000 -1.180300 -1.202000 -2.819000 -1.953500 -3.778300 -9.465400 -39.477100 
0.914000 -2.776200 -2.307100 -0.779700 -1.468600 -0.709400 -5.029300 -2.354000 -3.165600 -3.302300 -13.025300 -9.013200 
0.916000 -2.704600 -1.141700 -2.741800 -2.256700 -1.282400 -1.107400 -1.986400 -7.214300 -1.142200 -18.368900 -19.138700 
0.918000 -2.383100 -1.970400 -1.491500 -1.280200 -7.003700 -0.350600 -2.045100 -3.174900 -2.353100 -6.132900 -16.706900 
0.920000 -0.977700 -1.738700 -1.577300 -0.959900 -0.572300 -2.222900 -2.668900 -3.041200 -2.504200 -20.385400 -34.295600 
0.922000 -1.444600 -2.113200 -2.109100 -1.993900 -0.613700 -2.715700 -2.393800 -4.012500 -2.701900 -10.588900 -8.805500 
0.924000 -1.891800 -1.061000 -1.814900 -4.458300 -1.957100 -0.558300 -1.998300 -0.604500 -1.348600 -9.493200 -15.279000 
0.926000 -1.839400 -3.878700 -4.452500 -2.627900 -1.033500 -1.849000 -1.823600 -2.266200 -5.625300 -11.333800 -26.623000 
0.928000 -1.069900 -1.427200 -2.417300 -3.755500 -1.099400 -1.678000 -2.110200 -4.560000 -2.845400 -10.128900 -12.056200 
0.930000 -1.371200 -3.096100 -2.275100 -4.685100 -0.612000 -1.254200 -5.629700 -5.142400 -3.053300 -20.950200 -30.061300 
0.932000 -3.020400 -3.556300 -3.236100 -2.574500 -0.819700 -1.113700 -2.170700 -4.101300 -10.457000 -13.312500 -9.745800 
0.934000 -1.348500 -1.660200 -3.471800 -3.023600 -5.228400 -2.131100 -4.186100 -3.220800 -4.149100 -35.577500 -15.371700 
0.936000 -0.203000 -1.616500 -1.223800 -2.504400 -1.860800 -3.183600 -1.171200 -5.514700 -3.165100 -6.489700 -15.869200 
0.938000 -1.258200 -3.017800 -0.648500 -0.851900 -1.070500 -1.661000 -3.696100 -0.812700 -5.866700 -15.555000 -6.569300 
0.940000 -1.052300 -1.448600 -2.936100 -3.852200 -1.127000 -1.014300 -3.395300 -5.063300 -1.892100 -4.025900 -5.196600 
0.942000 -2.392100 -2.174800 -1.987000 -4.184500 -1.108700 -3.059100 -3.388700 -8.937400 -4.527500 -9.341300 -9.309500 
0.944000 -2.280600 -2.048900 -0.534000 -2.987900 -3.239000 -1.346900 -0.688500 -3.732800 -4.080800 -18.142400 -9.592600 
0.946000 -2.250800 -0.261800 -1.663700 -1.994300 -1.014800 -2.525900 -7.501600 -1.622400 -3.412700 -5.894600 -25.369800 
0.948000 -1.222800 -3.551100 -3.193700 -3.886000 -2.124400 -1.257100 -5.397300 -1.286900 -4.955100 -10.749400 -16.401500 
0.950000 -1.056100 -1.247400 -3.522800 -2.659900 -3.517300 -0.852800 -2.153600 -2.755700 -4.156800 -13.295200 -6.917400 
0.952000 -3.686700 -3.079500 -1.485300 -6.810600 -3.161800 -1.391400 -5.228900 -0.565000 -2.656100 -8.695700 -7.991200 
0.954000 -1.329800 -0.412900 -1.279700 -5.497800 -2.643400 -1.697700 -4.826000 -3.499600 -4.849600 -17.854100 -27.676600 
0.956000 -1.542700 -1.579800 -3.028700 -3.075000 -2.179500 -2.877000 -2.762800 -1.803000 -6.435100 -14.159700 -39.362400 
0.958000 -3.062200 -0.829100 -3.458700 -1.859800 -0.845200 -2.338600 -3.674700 -3.011700 -7.190400 -19.250600 -15.614500 
0.960000 -0.974700 -0.649100 -1.215900 -1.773000 -1.136400 -2.775600 -4.779400 -0.648800 -3.360000 -6.673200 -22.872700 
0.962000 -1.331800 -0.728800 -2.045600 -1.054400 -1.706000 -1.080700 -1.910800 -0.816900 -7.551200 -13.726500 -8.555400 
0.964000 -0.589100 -2.427200 -4.157500 -3.145300 -2.109100 -0.729700 -4.017700 -1.236800 -2.919000 -18.684300 -15.902400 
0.966000 -0.867500 -1.654900 -3.040700 -5.207600 -1.063900 -5.051300 -1.228200 -1.972400 -2.457100 -14.469400 -16.912300 
0.968000 -1.526100 -0.760500 -1.650300 -3.276500 -1.353400 -8.221900 -6.971700 -1.376300 -2.608200 -15.303000 -12.481800 
0.970000 -3.040400 -2.489400 -2.566000 -2.380600 -2.184400 -1.392600 -1.533500 -2.361700 -4.373400 -12.285500 -12.824800 
0.972000 -1.900800 -0.686700 -1.358800 -0.604200 -2.066700 -1.774500 -2.769100 -2.841500 -5.838300 -11.532400 -20.071000 
0.974000 -2.120100 -2.616200 -1.606100 -1.688500 -1.309100 -0.977300 -3.771800 -7.211700 -2.214500 -8.000800 -14.213200 
0.976000 -3.430700 -0.582200 -3.365700 -3.229800 -1.247100 -0.933900 -1.794300 -3.201300 -2.860900 -9.132500 -15.990900 
0.978000 -2.019100 -1.444800 -2.821800 -3.063400 -0.195500 -2.740100 -5.911700 -1.221400 -4.727100 -6.337300 -9.812300 
0.980000 -0.552000 -1.156600 -1.673800 -2.599600 -2.525600 -1.123700 -4.600600 -8.115000 -4.208200 -7.774500 -8.097000 
0.982000 -0.489500 -1.208900 -3.206000 -1.644000 -0.923800 -3.719300 -1.347400 -1.295600 -2.119200 -12.932500 -5.367600 
0.984000 -0.847100 -2.196600 -4.246800 -0.918900 -3.403900 -2.160600 -4.490600 -4.221800 -3.054400 -3.592100 -6.284300 
0.986000 -1.406200 -2.493600 -0.275900 -2.914200 -4.561400 -0.211400 -2.552300 -3.521800 -3.538200 -15.083800 -1.515000 
0.988000 -0.616600 -1.064000 -2.559300 -4.334900 -1.840900 -0.941200 -2.384300 -2.664500 -7.904700 -6.171300 -19.878600 
0.990000 -2.038200 -2.988500 -1.870100 -4.084400 -3.128900 -0.943900 -4.549100 -3.575100 -2.485100 -15.475700 -14.186800 
0.992000 -1.174200 -1.954600 -2.377300 -1.148300 -2.158300 -0.335600 -0.947400 -2.510200 -2.214000 -6.217100 -4.264900 
0.994000 -2.616600 -2.440100 -4.440100 -4.149900 -5.234100 -1.467000 -2.879400 -1.232100 -1.815500 -10.080100 -11.460300 
0.996000 -1.286900 -1.210600 -3.182900 -1.279800 -6.443500 -0.360400 -4.882000 -3.466100 -9.144200 -16.488300 -24.684200 
0.998000 -0.851300 -1.447300 -2.785200 -3.127600 -2.684100 -4.770000 -2.271200 -6.588600 -1.475800 -14.069800 -19.413400 
