# gradients (DV/DL) for lambdas: 0.0 0.1 0.2 0.3 0.4 0.5 0.6 0.7 0.8 0.9 1.0
0.000000 -1.648800 -0.527200 -0.413700 -0.579600 -1.418400 -1.294100 -3.015300 -2.973000 -1.895700 -1.607600 -1.923500 
0.002000 -0.242700 -3.128100 -0.484900 -0.644100 -0.857800 -0.956100 -1.013000 -0.659300 -1.516200 -1.486500 -3.502500 
0.004000 -1.833500 -0.747700 -1.627600 -1.587400 -0.711500 -1.676400 -0.621700 -1.523700 -3.215800 -3.287500 -0.980400 
0.006000 -0.808900 -1.484600 -0.628600 -0.949300 -2.977400 -3.238600 -1.637100 -1.175700 -0.587800 -1.866200 -4.976300 
0.008000 -1.057200 -0.242300 -1.040400 -0.585200 -1.024600 -2.359100 -3.137900 -0.729300 -2.167700 -1.501800 -2.970600 
0.010000 -0.923000 -0.536200 -0.632100 -1.323800 -1.717500 -0.886300 -0.272300 -1.604600 -0.955900 -10.083300 -2.704200 
0.012000 -0.527800 -0.407700 -0.350200 -0.803800 -1.726800 -0.877500 -1.895700 -0.585300 -1.061500 -8.534800 -2.164900 
0.014000 -1.144000 -1.448000 -2.607500 -0.719200 -1.703100 -0.947200 -1.395400 -0.952000 -1.670400 -3.939200 -2.344700 
0.016000 -1.937900 -1.027900 -0.742700 -1.630700 -1.329100 -3.074900 -1.567000 -0.980200 -2.425200 -7.436600 -1.814600 
0.018000 -0.911000 -1.882600 -0.835100 -0.968900 -0.655000 -1.413900 -2.585600 -2.732700 -2.233200 -5.460400 -4.251800 
0.020000 -1.315500 -0.389500 -2.229300 -0.523400 -1.326700 -0.995700 -1.822500 -1.325200 -3.078300 -11.218900 -2.334800 
0.022000 -0.971500 -0.567800 -0.446700 -2.207600 -2.127500 -2.503900 -4.896500 -1.501500 -1.000000 -2.271700 -1.034100 
0.024000 -1.075700 -1.169400 -0.546300 -0.802300 -0.740600 -0.532800 -3.198800 -1.103500 -3.485600 -3.638700 -4.992400 
0.026000 -1.160300 -1.533700 -0.784200 -0.708300 -2.100300 -1.940600 -1.938600 -1.472400 -1.625700 -1.624900 -0.619600 
0.028000 -0.802000 -0.761400 -1.238800 -1.869200 -0.325700 -3.564900 -3.315300 -1.796700 -2.200200 -1.867400 -6.178100 
0.030000 -0.987500 -0.720300 -0.795300 -1.905100 -0.533500 -1.543700 -3.891000 -2.656200 -2.365100 -0.403200 -7.708500 
0.032000 -0.969300 -1.768600 -0.711900 -2.568600 -2.569700 -8.510100 -1.494400 -1.538800 -4.476100 -2.293100 -5.955200 
0.034000 -0.714800 -1.263900 -2.103700 -0.972700 -2.274700 -0.685800 -5.301300 -2.074300 -0.893400 -1.840100 -12.621900 
0.036000 -0.382200 -0.522700 -0.274800 -2.671800 -4.192700 -1.746400 -1.066200 -4.080100 -2.332200 -1.532800 -9.334200 
0.038000 -1.329600 -1.538100 -1.433700 -0.571800 -0.118100 -0.949000 -3.309900 -2.689800 -1.040300 -0.627100 -2.460900 
0.040000 -0.552400 -1.217900 -2.055100 -0.741500 -2.792400 -1.724300 -3.386800 -2.376000 -1.764800 -3.341500 -0.489600 
0.042000 -0.351200 -1.990600 -0.614200 -1.834000 -0.906900 -0.458000 -3.110900 -4.746200 -2.534000 -1.100400 -0.967800 
0.044000 -1.059400 -0.971300 -1.052700 -1.603800 -2.991300 -0.654500 -3.624900 -0.748900 -2.103400 -0.305600 -2.463300 
0.046000 -1.485700 -2.034900 -0.327500 -1.124600 -0.892100 -0.644400 -1.195900 -1.432900 -3.113500 -6.924000 -10.232100 
0.048000 -0.468500 -1.986500 -1.363400 -1.132500 -2.720800 -1.743000 -1.918300 -2.372900 -2.861500 -2.404400 -1.254300 
0.050000 -0.251800 -0.460000 -1.527200 -0.734700 -1.064700 -2.531500 -5.201100 -0.730000 -1.812700 -0.635000 -6.104200 
0.052000 -1.117600 -1.795200 -1.014600 -0.976700 -1.673000 -1.675500 -1.327200 -1.056500 -3.450100 -2.116000 -2.742700 
0.054000 -0.505600 -0.987000 -0.416600 -1.203700 -2.718200 -2.984800 -4.161700 -1.648100 -1.613300 -1.347400 -2.491200 
0.056000 -1.997800 -1.441900 -1.810000 -0.803900 -1.924400 -1.062400 -4.687600 -4.153900 -1.319400 -8.757700 -8.445400 
0.058000 -1.313600 -1.941500 -1.981400 -1.233000 -0.943900 -2.326700 -0.979100 -1.653100 -3.153600 -13.018600 -1.458400 
0.060000 -2.995700 -1.814200 -0.854600 -1.294100 -0.979600 -1.013700 -1.143400 -2.907000 -2.519000 -1.213300 -1.033500 
0.062000 -1.595300 -1.916900 -1.312600 -1.611700 -1.208200 -1.818800 -2.546400 -1.281400 -2.418600 -4.293200 -1.791400 
0.064000 -1.047500 -1.380600 -0.443800 -1.934800 -1.114700 -1.293100 -2.503200 -1.751800 -3.800600 -2.159600 -14.066800 
0.066000 -2.012500 -0.484300 -1.254300 -1.858600 -1.225200 -1.776500 -1.981000 -3.848200 -1.689200 -1.113400 -1.685200 
0.068000 -1.740500 -2.279700 -1.725400 -1.218000 -0.382700 -3.436900 -2.329100 -1.186600 -2.304500 -6.606400 -13.783200 
0.070000 -1.714100 -1.283900 -2.713800 -0.487500 -0.292800 -2.520400 -1.910400 -1.687600 -2.911500 -0.579100 -2.002300 
0.072000 -1.627900 -2.228900 -0.356800 -2.361100 -0.549300 -2.299000 -2.774800 -0.888600 -2.412600 -1.699000 -0.205900 
0.074000 -0.814200 -1.880500 -0.450300 -0.688800 -1.322200 -1.703700 -3.118500 -1.457000 -1.754800 -3.191000 -2.591200 
0.076000 -0.815800 -3.461200 -1.423500 -0.368800 -1.482200 -5.728100 -4.263300 -1.057900 -6.789700 -0.210800 -5.183100 
0.078000 -1.017300 -0.876300 -0.907600 -0.539800 -2.135900 -2.184200 -6.550600 -0.916100 -4.149100 -2.879900 -2.588100 
0.080000 -0.856900 -1.719500 -0.964200 -0.501300 -1.167300 -1.314600 -1.179200 -0.899500 -4.506000 -2.316800 -4.127000 
0.082000 -0.801500 -0.923700 -0.905600 -1.930300 -2.417500 -0.630000 -3.562900 -0.811900 -4.522900 -0.674000 -11.018500 
0.084000 -1.747000 -1.700900 -1.241600 -0.775500 -0.969600 -4.892800 -2.373700 -1.067400 -4.050700 -2.142900 -16.469300 
0.086000 -1.089400 -1.587300 -0.831000 -1.444300 -3.159700 -2.696700 -4.723800 -0.847700 -1.304800 -1.823700 -27.701900 
0.088000 -0.838700 -1.090200 -0.722800 -2.661300 -1.262200 -0.973200 -2.593000 -1.651500 -6.749500 -1.802600 -42.380600 
0.090000 -1.124000 -2.628700 -0.842400 -1.848800 -1.792400 -2.544900 -0.211000 -1.033700 -5.447800 -6.295100 -9.823900 
0.092000 -1.049500 -1.131000 -1.447200 -0.787800 -3.342400 -2.030700 -2.055500 -2.787000 -0.843300 -1.827300 -3.018100 
0.094000 -0.394700 -1.344400 -1.039700 -1.368900 -1.742700 -3.384600 -3.692200 -0.568800 -2.205100 -4.351100 -5.359500 
0.096000 -0.988500 -2.869100 -0.995500 -0.481200 -0.205200 -1.451200 -4.085100 -1.027200 -1.320600 -2.359600 -6.803000 
0.098000 -0.794400 -1.242200 -3.309600 -0.342900 -1.704600 -2.146300 -3.448700 -0.665400 -1.376100 -2.140100 -18.599900 
0.100000 -0.547400 -3.347300 -1.393400 -1.405000 -0.794800 -1.600900 -1.771600 -1.011400 -1.598600 -12.931700 -32.214400 
0.102000 -0.400400 -1.821700 -1.477600 -0.409000 -1.306700 -1.803100 -2.893300 -0.929900 -1.794700 -5.328000 -18.930800 
0.104000 -1.721300 -0.842400 -0.806000 -2.279900 -0.997400 -1.012000 -1.733500 -1.188800 -0.725700 -4.433900 -7.493000 
0.106000 -1.893900 -1.561500 -0.788400 -1.004400 -0.620600 -1.865300 -2.839200 -2.997400 -3.526600 -10.643700 -5.348200 
0.108000 -1.402900 -2.430500 -0.768600 -0.677200 -2.537200 -2.055700 -2.032900 -3.851200 -2.172100 -3.701500 -6.603200 
0.110000 -1.261000 -0.429600 -0.724800 -0.600800 -1.351400 -2.364500 -3.369800 -1.975900 -3.770700 -5.662300 -1.774200 
0.112000 -0.743500 -1.199500 -1.793600 -1.999000 -0.603100 -1.140100 -3.381500 -1.121500 -3.048600 -4.735200 -6.195600 
0.114000 -1.133600 -1.365400 -0.603000 -2.187900 -1.429400 -1.521700 -3.059200 -1.702500 -1.095400 -5.365300 -8.968800 
0.116000 -0.220700 -1.018500 -1.311400 -3.670600 -2.535800 -3.230500 -2.049300 -4.513300 -2.292000 -1.621000 -10.092500 
0.118000 -0.620400 -1.450800 -0.939900 -0.650400 -1.913400 -1.114800 -1.881500 -3.179800 -1.426300 -1.650300 -8.897600 
0.120000 -0.199600 -1.181900 -1.820100 -1.186000 -1.149100 -2.665600 -2.995200 -1.345200 -0.830900 -0.893800 -21.594600 
0.122000 -1.187400 -1.033200 -1.303400 -1.362300 -1.691700 -1.228900 -3.449900 -0.940200 -4.975000 -2.580900 -7.498900 
0.124000 -0.912500 -1.083600 -1.498300 -0.286800 -0.551300 -2.033200 -1.670700 -0.578800 -6.384300 -1.721700 -3.419800 
0.126000 -0.777100 -3.349300 -2.588000 -1.149500 -1.909100 -1.227200 -1.574900 -3.149200 -2.386700 -2.435100 -5.988900 
0.128000 -0.577600 -1.115600 -3.307200 -0.476600 -1.503500 -1.080000 -0.847000 -2.115500 -0.825600 -2.590200 -4.620200 
0.130000 -0.722600 -0.629200 -2.383000 -2.292200 -0.750100 -1.077400 -4.421300 -0.760000 -2.479300 -1.303100 -8.066500 
0.132000 -2.579400 -1.492800 -2.677000 -0.347200 -2.994800 -2.395600 -1.093300 -3.306800 -3.337000 -3.470700 -4.846700 
0.134000 -1.437700 -3.089600 -0.892700 -0.050500 -1.607700 -8.163500 -1.301700 -1.323000 -2.644200 -3.734400 -5.638000 
0.136000 -2.001400 -0.850500 -2.494400 -0.594100 -0.177400 -1.073400 -1.618800 -2.065700 -9.492900 -1.700000 -6.221900 
0.138000 -0.695900 -0.718400 -3.461200 -0.218800 -1.447800 -1.150200 -3.645900 -2.932300 -4.118800 -6.388000 -2.365200 
0.140000 -0.448700 -1.823300 -1.379100 -0.863800 -1.126700 -2.756500 -0.625200 -2.855800 -1.309400 -4.031100 -5.737800 
0.142000 -0.479700 -2.615200 -1.320900 -0.610200 -0.707800 -0.685000 -6.279800 -1.885000 -6.230100 -5.799400 -7.554300 
0.144000 -0.718000 -3.510300 -0.641000 -2.068100 -1.499600 -3.300100 -2.789800 -2.523700 -3.722600 -14.284500 -7.323000 
0.146000 -0.738700 -1.067900 -0.245300 -1.504100 -0.708500 -1.869500 -2.381100 -3.662100 -2.078700 -5.158500 -4.158100 
0.148000 -0.568600 -1.028300 -3.054900 -1.142500 -3.466400 -0.725300 -2.547900 -2.476800 -0.901500 -3.266500 -3.807300 
0.150000 -1.061500 -1.846200 -0.517100 -0.776000 -1.428100 -4.401300 -2.797600 -1.037000 -3.674300 -2.200100 -2.868400 
0.152000 -1.207000 -1.051600 -1.164900 -1.987300 -1.618600 -3.329300 -2.297900 -3.419000 -3.883700 -8.377100 -13.257300 
0.154000 -0.776200 -3.961000 -0.833300 -1.221700 -2.639600 -1.818800 -2.263400 -1.029800 -1.241800 -8.760500 -3.662800 
0.156000 -0.546300 -0.967100 -1.927700 -1.719400 -1.471500 -1.360500 -3.038800 -1.920400 -5.423100 -2.177700 -15.343900 
0.158000 -1.103600 -2.264400 -2.822600 -0.654700 -0.431200 -2.977000 -1.746100 -1.817400 -1.125200 -4.293000 -8.533700 
0.160000 -1.289200 -1.175500 -2.130000 -1.454700 -2.104500 -2.095900 -1.378000 -1.335700 -3.153000 -4.427900 -4.215800 
0.162000 -0.783800 -0.581400 -0.980200 -0.277800 -1.335900 -1.641700 -1.647700 -1.953500 -5.877700 -3.327100 -8.131900 
0.164000 -0.774400 -0.748100 -1.596700 -1.151800 -0.974700 -3.364800 -1.179400 -1.255600 -3.199500 -1.847300 -5.571000 
0.166000 -2.824300 -1.190100 -0.603200 -0.857800 -2.810400 -1.199700 -2.135900 -3.333400 -4.877700 -1.756600 -7.253900 
0.168000 -0.838900 -2.230700 -1.007200 -1.140400 -0.658900 -1.065200 -3.733200 -2.435500 -1.936600 -9.417600 -9.601200 
0.170000 -0.488700 -0.742600 -1.195600 -0.503500 -1.844600 -3.005800 -3.345500 -0.728000 -1.293200 -2.170800 -3.028700 
0.172000 -1.158400 -1.020600 -2.572900 -2.130600 -2.254900 -0.802700 -2.485700 -0.501400 -2.942200 -9.753200 -2.960100 
0.174000 -0.342300 -0.999800 -4.570500 -1.940900 -4.043500 -1.151600 -1.793400 -0.782900 -2.373300 -0.706000 -3.307100 
0.176000 -1.130100 -0.666800 -2.260000 -2.028300 -3.042700 -0.470900 -1.512000 -0.721700 -4.578100 -4.419000 -2.603300 
0.178000 -1.496800 -1.076500 -3.070600 -1.845000 -1.290600 -1.646100 -0.598300 -2.689500 -1.738300 -2.509900 -8.287700 
0.180000 -0.795700 -1.127700 -3.218400 -0.667900 -1.641500 -0.852300 -2.683800 -1.640600 -2.686900 -5.342200 -4.988400 
0.182000 -0.895100 -0.551700 -2.234900 -1.879100 -0.904500 -2.762300 -1.621000 -1.975700 -3.359900 -6.271200 -11.893700 
0.184000 -0.979100 -0.859200 -1.153900 -0.899000 -2.361900 -2.328400 -2.718900 -1.503800 -3.911900 -1.896700 -6.591300 
0.186000 -1.074600 -0.891600 -3.298600 -2.637400 -0.644100 -2.884400 -3.004400 -0.206300 -6.417900 -1.886400 -4.003400 
0.188000 -0.761500 -1.025800 -3.465800 -1.088700 -4.752700 -5.911100 -3.704200 -0.770100 -2.181700 -1.229900 -6.059100 
0.190000 -1.235600 -0.824700 -2.150100 -0.392900 -3.639600 -2.393000 -3.343500 -0.415600 -3.478100 -4.241600 -2.337600 
0.192000 -0.881100 -2.095000 -2.242600 -1.346100 -3.389100 -2.192800 -3.175500 -0.722700 -5.892700 -5.276000 -3.917300 
0.194000 -0.965400 -1.992200 -2.325200 -2.508400 -1.924300 -1.096100 -3.332100 -0.353200 -3.713400 -10.615400 -16.677200 
0.196000 -0.810100 -1.436100 -1.785200 -1.066800 -2.322900 -1.654500 -4.176700 -1.417000 -3.101000 -20.199200 -8.493600 
0.198000 -0.821000 -1.147500 -1.618800 -1.131200 -2.233200 -1.509200 -5.553000 -1.668700 -1.050400 -0.265800 -6.540100 
0.200000 -2.022700 -1.349500 -3.682300 -2.262100 -1.047900 -1.060100 -5.046900 -1.751000 -3.390300 -3.063300 -4.403800 
0.202000 -1.104600 -1.003700 -6.071500 -0.825900 -1.719700 -1.251400 -2.463900 -6.412800 -1.878800 -9.608400 -4.790500 
0.204000 -0.589100 -1.854800 -1.455300 -1.021300 -3.790700 -1.438400 -3.483500 -1.374400 -2.647600 -3.752300 -8.063400 
0.206000 -1.383100 -0.894800 -3.501700 -1.920700 -0.563900 -4.300200 -2.936400 -0.881500 -2.717300 -4.516400 -5.491300 
0.208000 -0.271200 -2.047500 -3.790600 -2.958000 -0.957500 -1.125400 -0.572400 -3.191100 -3.979200 -2.896400 -9.189500 
0.210000 -0.343300 -0.645900 -2.683400 -1.410100 -2.483600 -1.039700 -3.044400 -1.675600 -3.064800 -2.546000 -2.156600 
0.212000 -1.038900 -1.327400 -4.545400 -1.578200 -1.992800 -2.782000 -0.896900 -2.184300 -0.598800 -1.087500 -4.050900 
0.214000 -1.099300 -4.300500 -4.264300 -2.508300 -2.682500 -1.221600 -3.476800 -1.247100 -3.067300 -3.267000 -7.553300 
0.216000 -1.133300 -2.900000 -1.335600 -2.487400 -2.670700 -2.753000 -5.238000 -1.915600 -0.949200 -6.306500 -5.095400 
0.218000 -2.037700 -1.940200 -1.630000 -4.288800 -2.891700 -0.940500 -2.270400 -5.170500 -2.484000 -1.796000 -1.017800 
0.220000 -2.053700 -0.867500 -2.666100 -1.583700 -1.256300 -2.179500 -2.707200 -4.160400 -1.702900 -2.654300 -3.244000 
0.222000 -2.205300 -0.879900 -2.037600 -1.081200 -1.335000 -1.543800 -2.203300 -3.546200 -4.215600 -1.997400 -4.893300 
0.224000 -0.709600 -1.947000 -0.506600 -1.184500 -2.059100 -1.786400 -1.032800 -6.398800 -1.789400 -2.821700 -4.962500 
0.226000 -0.993500 -1.059800 -2.003000 -1.265600 -2.461800 -1.784700 -3.741100 -2.002200 -6.874400 -2.463400 -2.288500 
0.228000 -2.042900 -1.875600 -1.694100 -0.839600 -5.194200 -1.574900 -5.015900 -2.297600 -3.629400 -1.231300 -4.722800 
0.230000 -1.080100 -1.331700 -1.270500 -1.310200 -2.340100 -0.931600 -2.167200 -1.785800 -4.815900 -1.377800 -2.082300 
0.232000 -2.535400 -1.036900 -1.184100 -2.135200 -0.585200 -1.932900 -2.007800 -2.287300 -2.028300 -1.872400 -3.793000 
0.234000 -1.246700 -1.325900 -1.029300 -1.741800 -2.085500 -0.410000 -3.065700 -0.693600 -2.351600 -9.600100 -1.101600 
0.236000 -2.036500 -1.447200 -1.283100 -2.114700 -2.229000 -1.969800 -2.957100 -1.998600 -4.520500 -10.591400 -3.652800 
0.238000 -2.024900 -1.565800 -0.295300 -0.921800 -3.178400 -0.676900 -0.688600 -2.963600 -2.365100 -3.393400 -9.422600 
0.240000 -0.506200 -1.565100 -2.367200 -1.430400 -1.982300 -2.103500 -2.345700 -1.053500 -3.033000 -5.548500 -2.236400 
0.242000 -2.400000 -1.439700 -1.722000 -1.835500 -2.234800 -2.991400 -4.088200 -2.079700 -1.706800 -7.549700 -1.918800 
0.244000 -0.564100 -1.688900 -1.303800 -0.854400 -2.236000 -2.205200 -2.165600 -0.769200 -2.247500 -4.834100 -2.320300 
0.246000 -1.018600 -0.614900 -1.757500 -0.726300 -3.221500 -2.210600 -1.872800 -2.828100 -1.796400 -3.930900 -9.462700 
0.248000 -2.698600 -0.640500 -1.797200 -1.122800 -0.835500 -2.347300 -4.248600 -2.907600 -2.148900 -1.509800 -3.369700 
0.250000 -0.717500 -4.497500 -1.174000 -0.408700 -2.846900 -1.497600 -2.773800 -3.391100 -4.343300 -5.533400 -2.773300 
0.252000 -0.276600 -0.940300 -1.987900 -0.801700 -2.143100 -1.573600 -2.920800 -3.499400 -1.551300 -3.765600 -1.292700 
0.254000 -0.950400 -1.379400 -4.722200 -0.349800 -1.907000 -2.085200 -4.507900 -5.276700 -2.944400 -2.243800 -10.138400 
0.256000 -0.780400 -1.899000 -3.411600 -0.530100 -3.710700 -1.987000 -1.553100 -1.841900 -1.570400 -2.683700 -5.797300 
0.258000 -0.669000 -1.263700 -1.038200 -0.492100 -2.800000 -1.657300 -3.425100 -2.970500 -3.368500 -2.078200 -5.840700 
0.260000 -1.756400 -0.696600 -1.380600 -2.222100 -4.758400 -3.643200 -1.685400 -2.977300 -2.486000 -13.444500 -3.629200 
0.262000 -1.275800 -4.187700 -1.295300 -2.432100 -5.022000 -3.352700 -2.262800 -4.309700 -0.900100 -1.946900 -11.743700 
0.264000 -0.892400 -0.980800 -5.971000 -1.744400 -2.593900 -0.683600 -2.569800 -3.077500 -3.171200 -6.295000 -5.444600 
0.266000 -0.968200 -1.674400 -2.059700 -1.807400 -3.393200 -1.768100 -2.611700 -1.204100 -5.163000 -5.942600 -0.473800 
0.268000 -0.613500 -0.613900 -2.599900 -0.826000 -3.000400 -0.880600 -0.912300 -0.412400 -2.288200 -5.575400 -4.564800 
0.270000 -0.603600 -0.423400 -1.644500 -1.308700 -5.317600 -1.407000 -0.951700 -2.598900 -2.972500 -3.886300 -2.330800 
0.272000 -0.441400 -0.786600 -1.158300 -0.848000 -3.211900 -2.143600 -4.470000 -1.092700 -7.366000 -1.535700 -5.882400 
0.274000 -1.992200 -1.174700 -0.829000 -0.619300 -1.377300 -1.897400 -2.544700 -1.175800 -3.914000 -5.094200 -4.103100 
0.276000 -0.436700 -0.595800 -3.635500 -1.371100 -3.552000 -2.466300 -1.374800 -2.109700 -2.363800 -5.328600 -12.672200 
0.278000 -1.585600 -1.223800 -3.085300 -0.636000 -4.049000 -3.457700 -0.540000 -2.397500 -5.069200 -3.410400 -3.198200 
0.280000 -2.054600 -1.471500 -4.648100 -1.043800 -2.205400 -0.459300 -1.329500 -1.707600 -2.270700 -3.779600 -1.925600 
0.282000 -1.885800 -0.553000 -3.132600 -1.995600 -1.866300 -1.343800 -1.715300 -0.896200 -0.600600 -3.636900 -4.371300 
0.284000 -1.030500 -0.604000 -0.828200 -1.595900 -3.512200 -1.755900 -5.074800 -2.261900 -1.561400 -5.760700 -1.803800 
0.286000 -1.060800 -3.389500 -2.129300 -1.870300 -2.397300 -2.123800 -2.110000 -0.750500 -4.294200 -2.391900 -4.218400 
0.288000 -2.138000 -1.388700 -2.656800 -1.303200 -1.682900 -2.588600 -2.064300 -2.091000 -1.111800 -1.299100 -5.420800 
0.290000 -0.547300 -1.271000 -0.918600 -1.891100 -2.020600 -1.526700 -2.743600 -2.162700 -1.016600 -3.879400 -5.946000 
0.292000 -0.674400 -0.662100 -1.358000 -3.011500 -5.206000 -2.182700 -2.086200 -1.361600 -1.735000 -4.557700 -4.244500 
0.294000 -1.602400 -0.401300 -2.152700 -2.258700 -4.162800 -1.787600 -0.395700 -0.799300 -1.071700 -3.815300 -1.520400 
0.296000 -1.318500 -1.841300 -3.964200 -3.161800 -2.348500 -4.743900 -2.475900 -1.928900 -0.813000 -2.769800 -4.354000 
0.298000 -0.276400 -1.326300 -1.846600 -1.865000 -5.217900 -2.337200 -1.901000 -1.191600 -1.487100 -2.506300 -2.316800 
0.300000 -0.775900 -0.926000 -1.230200 -1.292600 -1.509600 -3.304200 -3.115300 -1.082400 -3.599700 -1.491400 -6.526300 
0.302000 -1.033200 -0.459800 -1.322900 -4.701400 -5.406500 -2.766200 -1.876300 -2.477000 -3.928000 -0.979200 -9.580300 
0.304000 -0.363400 -1.345500 -1.658900 -1.941500 -2.938000 -1.318400 -2.503700 -1.412400 -1.711400 -2.724500 -11.021300 
0.306000 -0.584400 -1.373200 -0.822100 -2.183800 -2.258400 -3.243100 -3.903900 -5.720200 -0.840900 -6.487800 -1.321300 
0.308000 -0.419700 -2.732100 -1.637700 -0.941000 -2.824900 -0.531900 -3.448800 -0.652000 -1.460000 -1.923300 -4.004300 
0.310000 -1.749700 -1.777600 -2.110800 -1.617000 -2.448700 -1.017800 -0.839500 -2.827700 -2.380400 -3.394200 -2.609000 
0.312000 -0.991700 -0.242600 -1.918900 -3.443500 -1.457800 -1.295300 -1.814100 -4.481700 -7.168800 -11.321100 -5.601300 
0.314000 -1.021500 -3.089900 -1.179800 -0.950300 -4.767600 -0.784400 -3.243300 -1.998600 -1.950100 -1.882200 -6.000700 
0.316000 -1.343900 -1.839600 -2.384500 -1.141300 -2.138300 -1.092000 -1.593800 -3.673400 -4.677700 -4.638900 -3.024100 
0.318000 -0.975100 -0.567000 -3.260400 -0.974300 -3.249600 -1.331000 -1.538200 -1.138500 -2.182300 -0.793400 -2.768700 
0.320000 -0.396900 -1.510500 -0.920100 -2.074400 -2.239300 -1.058800 -4.190100 -4.496600 -2.017900 -2.187300 -10.328100 
0.322000 -0.549900 -2.388400 -2.443700 -1.938100 -1.385600 -1.243900 -2.947700 -3.522600 -4.193000 -5.535400 -5.771200 
0.324000 -1.062000 -1.483700 -2.773000 -1.503500 -1.149000 -1.538300 -2.580900 -8.761900 -3.971700 -4.583400 -3.583800 
0.326000 -0.732600 -1.045800 -1.570800 -1.020000 -1.742700 -0.819200 -4.056300 -7.789600 -3.278800 -2.710000 -11.656000 
0.328000 -3.063200 -0.672500 -0.595500 -0.750600 -1.444700 -1.278200 -3.797700 -1.774600 -8.903400 -4.034300 -11.073400 
0.330000 -1.504700 -0.554400 -1.842200 -0.629700 -3.952500 -0.879200 -2.743300 -4.707300 -5.108700 -5.993200 -9.319800 
0.332000 -0.703000 -0.904500 -1.677900 -1.007800 -1.019200 -1.496000 -3.686700 -2.250000 -5.972800 -4.225300 -11.107400 
0.334000 -1.946900 -2.019100 -2.856600 -0.609100 -1.987100 -2.272000 -3.693900 -2.212200 -5.273500 -3.095600 -17.937400 
0.336000 -0.702400 -0.622800 -2.408100 -0.980900 -1.304100 -1.152900 -1.531300 -0.967800 -13.160100 -2.385900 -17.982100 
0.338000 -1.875400 -0.787200 -1.409500 -1.936900 -4.993600 -0.383600 -0.999800 -2.669300 -4.943600 -1.820700 -5.273900 
0.340000 -0.304400 -0.517100 -0.406200 -0.254600 -2.847800 -1.934400 -3.158700 -1.746700 -5.787300 -3.347400 -12.104300 
0.342000 -0.611300 -2.641500 -0.871600 -0.613300 -2.048000 -3.447400 -1.571000 -1.473600 -1.683900 -2.155200 -9.226200 
0.344000 -0.433800 -3.013200 -2.583700 -2.433400 -1.416200 -0.832000 -1.171900 -3.235100 -2.359700 -1.746900 -14.036600 
0.346000 -3.156800 -1.534900 -2.411100 -1.227800 -2.742400 -0.789000 -2.652300 -3.322300 -2.939200 -0.606200 -7.887000 
0.348000 -1.723300 -0.535200 -5.050000 -0.292700 -1.767000 -1.483200 -3.060900 -1.557000 -5.471600 -2.463500 -4.121200 
0.350000 -2.064000 -3.296000 -0.574700 -1.931600 -1.603300 -1.270900 -3.302000 -1.100600 -3.121300 -1.795300 -5.409600 
0.352000 -1.003800 -1.443600 -2.293000 -0.605700 -3.964700 -1.669800 -0.766400 -0.397600 -4.055000 -2.305600 -17.454500 
0.354000 -1.058000 -1.492400 -1.263900 -1.385000 -3.803000 -2.230800 -2.049500 -1.377000 -3.727700 -3.182000 -9.284000 
0.356000 -2.229700 -2.454800 -1.045500 -2.563000 -0.904200 -1.158400 -4.390100 -1.557200 -4.169400 -6.374600 -5.026500 
0.358000 -0.635200 -2.054700 -1.891800 -1.116300 -2.576200 -0.844600 -3.987800 -1.945300 -4.319000 -7.308600 -6.173100 
0.360000 -1.653200 -2.021000 -2.722900 -0.457300 -2.959300 -3.178400 -1.419400 -1.087900 -2.596900 -4.946300 -6.339300 
0.362000 -0.902100 -1.594200 -1.366200 -0.756000 -1.582000 -2.455000 -1.940800 -1.553600 -1.634100 -2.560900 -10.112200 
0.364000 -1.647200 -0.789100 -1.906800 -1.359500 -2.986700 -1.198800 -2.077700 -1.081600 -10.697100 -6.117800 -5.329600 
0.366000 -1.305400 -0.329000 -1.965800 -1.729900 -3.264000 -1.321600 -1.700000 -1.528000 -5.237500 -2.884500 -1.951900 
0.368000 -0.288200 -2.866600 -1.641400 -1.486100 -4.259600 -1.139600 -1.702000 -5.497300 -12.517200 -2.795800 -7.157500 
0.370000 -0.771100 -0.454900 -2.469200 -0.970800 -2.217400 -1.175300 -2.442300 -1.517600 -4.950300 -3.332200 -1.801800 
0.372000 -1.163700 -2.365200 -1.310400 -0.492500 -1.478700 -1.445700 -1.480600 -5.165600 -3.580200 -0.281200 -9.279700 
0.374000 -0.523700 -2.784200 -1.664100 -0.403800 -1.417900 -0.614700 -1.813800 -4.073800 -5.691300 -1.156800 -9.750100 
0.376000 -0.996000 -1.303000 -1.322900 -0.623700 -1.560500 -2.278700 -1.421100 -1.252000 -3.482300 -2.230000 -6.833100 
0.378000 -1.149600 -1.310800 -0.882900 -1.210300 -1.301800 -0.580700 -4.724000 -3.680700 -2.077200 -0.699400 -5.436000 
0.380000 -1.370800 -1.589100 -5.046100 -0.912100 -1.200600 -0.259200 -1.957300 -5.927700 -3.193200 -1.975200 -3.430300 
0.382000 -3.291300 -0.891500 -1.927500 -1.288500 -2.561100 -0.570100 -4.471600 -2.988000 -1.910300 -2.549100 -5.184600 
0.384000 -0.966400 -0.867600 -2.173700 -0.308600 -1.373700 -1.589300 -1.023600 -1.098000 -6.106900 -5.274600 -4.261100 
0.386000 -1.972200 -1.151300 -1.375100 -0.829000 -3.993800 -1.036900 -2.531500 -3.564700 -15.844000 -4.919000 -7.632000 
0.388000 -1.030200 -0.740600 -4.662500 -1.294300 -0.773700 -1.535200 -2.655400 -4.005000 -2.460600 -7.968300 -13.843600 
0.390000 -2.516000 -0.915000 -2.362400 -1.193400 -1.702200 -1.470500 -2.677700 -1.468100 -0.540900 -3.087000 -9.679600 
0.392000 -1.563900 -1.502100 -2.813200 -1.252300 -1.817600 -1.947600 -1.492200 -1.826800 -1.946500 -3.585800 -9.776000 
0.394000 -2.997300 -1.449800 -1.007200 -0.755900 -2.922400 -1.233600 -5.852400 -2.133700 -3.766200 -6.283100 -7.420600 
0.396000 -0.575500 -1.473700 -1.011500 -0.575800 -3.782000 -4.108200 -0.790700 -3.034400 -2.337700 -1.796200 -1.659600 
0.398000 -0.712900 -1.153300 -1.023900 -1.163200 -4.309500 -2.956700 -6.667100 -1.381100 -8.448700 -3.212200 -5.973500 
0.400000 -0.365100 -3.555600 -1.355400 -0.511300 -4.042200 -2.240800 -2.145500 -2.200100 -2.428200 -2.037900 -23.064300 
0.402000 -2.853600 -0.728500 -3.303000 -0.659800 -3.679500 -1.083700 -2.259400 -3.153700 -4.935100 -5.205500 -4.361700 
0.404000 -0.744300 -0.650000 -2.665200 -1.166700 -2.789200 -1.754300 -4.099300 -1.007400 -3.996100 -2.612100 -4.828000 
0.406000 -2.712200 -0.747900 -1.076300 -1.402300 -1.126600 -2.358700 -3.197500 -1.345800 -3.251500 -1.566600 -3.302200 
0.408000 -0.297900 -1.690700 -1.885700 -0.565300 -1.388300 -2.052700 -1.414300 -1.438400 -16.891500 -3.365400 -12.121300 
0.410000 -0.942000 -1.190400 -1.155400 -1.388700 -1.848500 -2.241300 -4.027700 -1.019400 -3.175700 -0.942100 -6.231600 
0.412000 -1.236700 -0.437100 -1.042100 -1.263900 -2.454000 -3.394900 -1.589800 -1.326900 -1.428300 -3.377400 -7.706700 
0.414000 -1.192700 -2.212600 -1.863400 -0.185000 -3.747700 -1.120300 -2.460500 -2.673800 -5.337000 -3.534900 -6.182700 
0.416000 -0.974500 -1.191400 -1.385300 -0.788600 -0.141300 -1.422700 -2.276800 -2.144800 -0.424900 -2.317800 -3.721100 
0.418000 -0.926200 -1.215900 -1.027000 -2.937600 -1.126600 -2.493200 -3.334800 -1.045300 -4.151400 -2.432300 -5.629400 
0.420000 -1.853400 -0.948800 -3.799000 -1.343800 -2.579600 -2.352800 -5.651800 -7.343100 -3.377500 -1.501700 -8.637900 
0.422000 -1.352100 -1.068300 -1.244500 -3.157400 -0.516100 -1.321700 -2.254700 -8.913000 -2.803800 -1.468500 -10.936500 
0.424000 -1.208600 -0.425200 -3.276000 -1.337400 -3.526400 -2.263600 -3.510300 -3.048900 -8.077000 -2.024300 -5.247600 
0.426000 -0.992100 -0.445600 -2.996200 -2.988600 -2.444800 -2.980600 -7.617400 -4.057000 -3.009300 -1.939500 -11.532200 
0.428000 -1.286400 -0.852100 -2.667600 -1.178900 -4.140600 -3.603000 -5.455200 -5.702900 -7.628700 -1.970100 -11.274300 
0.430000 -1.184400 -0.896200 -1.679400 -1.051200 -1.012200 -1.480700 -0.363800 -4.120300 -1.820100 -3.355900 -2.236300 
0.432000 -0.668800 -1.791400 -2.838000 -4.738200 -2.440000 -1.150600 -3.076500 -2.398700 -3.274600 -11.466900 -6.735400 
0.434000 -1.540300 -0.178900 -2.223500 -0.997100 -3.018900 -1.677900 -2.148800 -2.789700 -3.718700 -1.705000 -10.835500 
0.436000 -1.881200 -1.532900 -4.758900 -1.643700 -1.222800 -4.438700 -1.860400 -1.633400 -3.424700 -1.416400 -7.860200 
0.438000 -2.119800 -0.294300 -1.496600 -1.326600 -3.962500 -1.801100 -2.826200 -2.667400 -2.824300 -3.065800 -8.453600 
0.440000 -1.209100 -0.850200 -4.196200 -1.331600 -2.359100 -1.404500 -2.173100 -2.787300 -2.204700 -2.905200 -5.186500 
0.442000 -1.641200 -1.030400 -0.744100 -2.162200 -1.808000 -0.624300 -4.422600 -4.959700 -8.815400 -5.661000 -9.946000 
0.444000 -0.949100 -0.252000 -1.596200 -0.125200 -1.768000 -1.012000 -1.513300 -2.080200 -5.323400 -4.412100 -9.572200 
0.446000 -0.734200 -0.773700 -1.629400 -1.711000 -2.305500 -1.079600 -3.164600 -2.051700 -3.068800 -8.173900 -3.157800 
0.448000 -0.832100 -0.211000 -1.538800 -0.587000 -0.482400 -3.952800 -0.591100 -2.223300 -1.315100 -4.667300 -6.843700 
0.450000 -0.337900 -1.369800 -2.775900 -3.578200 -2.873600 -2.629400 -2.381200 -2.883200 -15.164400 -3.600300 -5.605700 
0.452000 -0.436800 -2.181200 -2.178700 -1.683900 -4.015400 -1.182600 -2.348600 -6.593700 -2.604300 -8.089100 -6.203300 
0.454000 -1.586500 -1.176100 -2.020200 -1.708500 -1.394600 -1.997100 -2.301600 -5.267500 -7.439700 -1.872100 -23.298400 
0.456000 -0.825400 -1.937000 -1.661800 -0.667400 -0.857200 -2.817000 -2.813700 -3.802100 -3.679000 -1.870200 -19.589600 
0.458000 -0.601600 -1.118900 -5.379000 -1.196100 -1.863900 -1.798400 -2.547200 -2.313800 -5.690500 -1.608900 -13.555300 
0.460000 -0.658900 -1.792400 -2.141800 -0.339000 -4.658900 -2.646700 -2.866600 -1.631000 -2.878400 -2.444400 -5.149400 
0.462000 -0.508000 -0.248900 -1.515600 -0.402900 -2.556800 -3.157100 -1.851500 -2.485000 -2.447900 -2.525600 -10.739000 
0.464000 -0.567000 -0.984400 -3.783200 -1.105300 -6.574000 -1.707600 -4.101200 -7.728300 -2.383900 -6.935900 -12.039900 
0.466000 -1.396800 -0.822900 -1.575100 -1.103600 -2.297700 -2.844700 -1.448600 -2.282200 -4.782000 -5.767100 -7.462300 
0.468000 -0.552600 -1.234900 -2.498200 -1.509800 -3.074800 -1.984000 -2.698000 -3.581800 -5.012900 -5.750600 -5.715400 
0.470000 -2.067800 -0.691200 -2.642700 -1.132100 -2.845000 -2.735300 -0.514000 -1.700600 -0.695000 -3.266900 -10.711300 
0.472000 -0.679000 -1.079900 -2.770300 -0.142000 -2.501900 -2.002000 -2.928900 -4.268600 -5.887100 -2.814900 -16.993900 
0.474000 -1.640900 -0.901400 -5.481200 -2.213300 -0.927300 -1.045100 -1.856900 -1.208200 -5.500700 -5.036000 -6.559500 
0.476000 -0.606400 -1.737700 -1.074900 -2.511300 -1.217100 -4.174600 -2.987200 -1.281500 -2.265000 -9.627400 -10.690900 
0.478000 -1.267900 -1.773100 -0.710700 -0.871900 -1.000500 -2.827000 -2.304500 -3.035800 -0.550400 -0.990900 -4.655400 
0.480000 -1.652000 -1.947600 -3.668000 -0.645100 -2.231000 -0.859300 -4.423800 -1.762100 -2.918400 -1.971600 -13.099200 
0.482000 -0.589900 -2.555100 -1.943200 -2.390000 -1.469000 -2.982000 -1.094200 -3.466100 -1.914000 -4.597700 -9.873600 
0.484000 -0.891500 -1.658900 -1.428000 -1.819900 -4.076100 -5.326000 -3.419600 -5.112800 -3.071500 -5.309300 -9.279000 
0.486000 -0.983300 -0.999700 -2.420700 -1.394400 -4.735400 -2.216100 -0.994300 -1.830800 -1.866700 -1.777300 -10.647900 
0.488000 -0.813300 -1.063900 -2.361500 -1.670200 -2.320800 -3.240600 -1.807100 -2.040000 -6.625900 -2.264300 -16.228200 
0.490000 -1.383400 -0.746300 -1.414200 -0.355700 -1.232700 -1.653000 -1.990100 -1.159100 -3.977400 -6.397700 -16.816100 
0.492000 -0.542300 -1.083500 -1.104600 -1.695400 -1.620600 -2.211300 -0.815100 -2.161900 -5.370900 -2.366600 -6.814400 
0.494000 -0.167700 -1.030400 -2.094700 -1.222900 -2.315200 -2.078900 -0.392000 -0.916700 -3.265900 -2.516200 -8.503300 
0.496000 -1.062800 -0.498200 -5.219000 -0.401800 -3.518800 -1.396700 -0.821400 -1.754100 -6.576900 -1.480900 -24.603100 
0.498000 -1.631700 -0.228200 -3.901700 -1.336000 -3.727200 -4.865300 -2.705100 -2.995300 -8.804900 -1.074100 -29.568800 
0.500000 -1.442700 -3.810100 -3.320400 -1.488000 -2.607500 -2.774100 -3.811300 -2.978100 -7.616500 -4.310000 -3.672200 
0.502000 -2.790500 -1.831200 -1.499800 -0.968800 -2.896700 -1.695400 -2.717600 -4.088200 -7.609400 -1.303000 -7.325900 
0.504000 -0.479000 -2.565900 -2.550300 -1.299400 -3.768100 -2.485000 -1.679500 -4.064800 -2.577100 -6.050400 -6.261000 
0.506000 -0.740600 -0.865300 -1.141200 -1.840500 -1.894700 -3.396400 -2.293400 -7.108100 -7.507300 -8.728600 -2.744700 
0.508000 -0.708500 -0.746700 -2.789100 -1.398000 -3.986100 -0.983800 -2.342100 -1.582700 -2.551300 -1.787800 -6.889600 
0.510000 -1.285000 -0.645800 -1.070700 -2.965300 -2.000100 -1.225000 -3.565500 -1.411400 -2.595000 -4.083600 -10.217000 
0.512000 -0.682700 -1.351600 -3.069900 -1.114900 -0.484400 -0.993200 -1.751500 -4.965000 -2.491300 -4.507600 -31.558600 
0.514000 -0.962400 -1.262200 -1.019400 -1.662600 -2.095000 -2.687100 -3.392000 -3.966500 -1.610100 -6.080400 -20.465600 
0.516000 -1.602500 -0.743200 -1.988000 -1.502000 -2.701800 -1.368300 -1.651300 -3.116700 -3.708700 -1.388200 -7.761800 
0.518000 -0.530000 -1.101400 -1.855800 -0.796500 -2.945300 -2.390200 -1.746000 -2.138800 -3.610100 -1.158700 -3.555800 
0.520000 -0.870300 -2.897400 -1.599700 -2.300100 -3.055700 -2.539400 -3.251900 -3.362200 -1.716800 -2.604900 -3.583200 
0.522000 -0.772000 -0.424500 -2.057400 -1.170100 -2.038100 -1.061200 -1.638400 -1.083700 -4.860400 -4.612100 -6.325500 
0.524000 -1.547100 -1.991700 -2.432000 -1.800300 -6.410800 -1.073500 -3.101700 -1.232000 -5.608700 -2.420000 -5.796500 
0.526000 -1.499600 -1.972900 -2.264100 -1.130100 -2.113200 -0.884200 -3.665700 -0.844800 -7.286400 -2.795500 -3.139400 
0.528000 -0.839900 -3.214600 -1.268900 -1.594500 -1.674000 -3.007400 -1.021500 -5.566800 -3.049700 -1.627400 -3.870800 
0.530000 -0.608800 -0.750300 -2.042300 -1.232200 -0.953200 -1.838600 -1.540800 -2.683500 -6.662200 -1.058400 -7.116400 
0.532000 -0.632100 -1.193000 -3.002100 -2.032900 -2.933600 -0.862900 -1.987800 -2.332300 -4.451800 -6.865800 -7.290000 
0.534000 -0.948900 -1.870300 -1.275800 -1.521300 -1.847000 -0.733600 -1.485400 -2.728900 -3.064100 -1.968500 -6.442500 
0.536000 -1.582300 -0.613600 -1.064300 -1.065100 -3.193900 -2.350900 -1.249200 -3.803800 -2.312800 -1.293700 -10.776100 
0.538000 -2.149100 -1.697000 -1.633600 -0.947300 -5.580100 -0.942800 -1.549600 -1.269500 -2.262100 -3.477800 -7.666400 
0.540000 -1.367800 -1.620400 -0.871500 -2.012200 -0.571800 -1.456700 -2.694500 -4.099200 -6.212700 -4.146000 -20.897400 
0.542000 -1.413900 -1.050000 -1.217400 -2.127600 -1.983800 -1.408000 -3.169800 -1.889400 -4.148000 -4.149000 -12.024200 
0.544000 -1.436200 -0.990400 -3.385400 -2.221100 -2.288300 -1.714200 -0.874000 -1.759700 -1.555200 -2.137400 -9.295400 
0.546000 -0.423000 -0.782200 -1.279100 -1.116800 -2.085300 -1.192100 -3.393900 -2.366200 -3.497600 -1.687500 -10.253100 
0.548000 -1.886700 -1.196500 -1.891600 -2.766600 -3.544700 -3.566900 -3.142400 -3.377700 -3.403000 -2.159000 -8.954200 
0.550000 -0.468500 -0.408600 -0.530900 -2.321300 -2.092100 -1.303000 -5.021000 -3.312100 -2.684100 -2.940100 -7.608700 
0.552000 -0.476500 -1.197100 -2.163800 -2.342000 -0.285500 -0.763600 -2.804100 -1.673800 -2.845000 -0.998500 -3.198300 
0.554000 -0.307400 -0.318200 -3.054200 -3.054200 -1.415200 -1.155600 -3.201800 -5.193800 -1.564900 -2.443600 -10.086900 
0.556000 -0.859300 -1.486500 -1.420400 -2.112400 -4.262800 -3.512600 -1.884900 -0.299800 -2.321300 -2.213600 -10.556300 
0.558000 -0.567200 -1.097500 -1.222600 -1.227700 -2.100700 -4.086200 -2.956100 -2.068300 -2.141200 -1.801300 -15.719500 
0.560000 -1.679200 -0.869400 -2.465700 -1.309700 -1.878200 -2.221500 -6.286500 -2.391900 -6.023800 -9.606300 -6.226500 
0.562000 -1.488100 -0.736800 -1.662800 -0.893600 -4.251200 -1.719200 -4.197100 -4.142900 -8.804200 -13.582300 -4.582800 
0.564000 -0.560400 -0.749600 -2.419200 -1.160200 -4.658400 -1.655300 -3.491700 -10.640100 -2.617800 -11.834300 -4.729200 
0.566000 -1.434800 -1.765300 -2.979800 -1.560100 -4.295100 -1.264800 -2.696900 -2.986600 -2.876500 -7.803000 -7.525700 
0.568000 -0.285400 -0.942000 -1.726300 -1.148100 -0.567600 -3.444500 -3.098400 -1.438100 -1.223600 -11.867200 -4.061800 
0.570000 -0.906700 -0.877100 -1.667300 -3.591500 -1.952200 -1.397200 -2.970000 -2.191200 -5.375300 -1.414100 -9.175700 
0.572000 -1.194500 -0.367500 -3.093200 -1.713600 -3.051200 -2.605100 -1.318900 -1.671600 -3.449800 -6.330200 -2.918500 
0.574000 -1.552300 -1.061600 -4.889000 -4.495200 -2.035300 -1.747200 -1.761600 -1.971600 -3.646900 -5.117400 -14.532300 
0.576000 -1.828900 -0.855400 -1.082800 -1.432800 -2.793900 -2.268000 -1.917900 -1.752100 -4.272100 -3.112100 -5.873000 
0.578000 -0.484400 -1.493800 -0.832500 -1.465600 -2.776400 -0.701100 -2.314900 -1.522200 -1.033100 -1.628000 -3.050700 
0.580000 -0.645600 -1.418700 -1.820300 -1.005900 -1.323100 -1.835600 -1.834400 -1.755300 -5.880700 -5.140700 -4.102600 
0.582000 -0.594200 -0.286600 -0.451400 -4.018200 -2.384200 -1.096200 -3.142000 -2.889200 -8.447000 -1.760200 -6.055400 
0.584000 -1.724800 -0.904500 -2.306000 -0.781400 -0.396900 -1.677300 -3.471300 -1.655500 -6.972000 -2.702800 -4.033400 
0.586000 -1.036500 -1.227900 -3.311700 -1.668700 -2.369100 -3.084600 -3.604300 -5.904700 -3.915600 -1.211500 -4.935100 
0.588000 -1.072800 -0.396000 -2.405900 -0.267400 -3.565500 -2.120800 -2.804800 -5.093800 -9.804700 -1.354100 -6.252400 
0.590000 -1.844300 -0.612000 -2.743300 -2.339200 -1.798000 -1.869700 -2.116300 -1.311700 -2.228100 -4.247400 -2.796000 
0.592000 -1.652000 -1.732000 -1.447400 -2.190400 -2.085400 -3.014600 -1.272900 -2.282300 -2.224900 -4.512800 -2.262600 
0.594000 -0.906400 -1.145800 -1.917700 -2.267300 -2.067000 -2.191900 -1.259700 -0.981100 -5.733400 -2.948200 -7.054700 
0.596000 -1.101400 -1.841700 -1.877000 -0.175700 -2.129900 -1.628600 -1.426000 -2.420300 -5.231000 -1.793300 -8.870700 
0.598000 -2.831200 -0.721600 -3.958600 -2.196800 -2.258100 -1.748800 -2.986400 -4.152800 -3.264000 -3.140000 -7.531300 
0.600000 -0.953700 -1.977100 -1.496200 -0.286400 -1.683400 -1.558300 -2.082700 -3.119900 -6.313500 -7.517300 -8.710300 
0.602000 -0.345500 -0.761700 -2.661900 -1.709000 -2.703900 -4.189700 -3.144000 -3.148100 -2.332500 -9.950300 -5.388600 
0.604000 -1.522600 -1.618400 -1.685800 -1.774100 -4.373400 -1.209300 -2.018900 -1.478700 -4.224900 -4.820000 -7.847800 
0.606000 -1.893500 -0.612600 -6.257600 -0.553500 -4.953600 -2.624200 -2.704800 -1.210600 -5.914600 -6.230900 -19.628000 
0.608000 -0.976900 -0.750400 -1.370700 -1.235600 -2.997300 -3.085200 -1.447200 -2.455200 -5.002300 -6.145400 -13.324400 
0.610000 -1.730500 -1.329700 -1.962600 -1.497800 -1.230700 -2.052900 -0.886200 -2.521600 -7.319200 -2.389500 -9.446500 
0.612000 -1.423900 -0.750700 -1.147500 -2.120100 -2.973000 -5.040300 -1.981700 -3.890600 -3.315300 -3.076100 -6.337000 
0.614000 -1.804900 -0.531700 -0.919400 -2.644500 -5.140300 -2.673400 -1.148300 -1.752400 -5.183000 -1.292100 -10.339700 
0.616000 -1.182000 -1.315100 -1.967000 -2.656600 -2.321100 -5.558600 -0.546100 -1.203500 -2.654600 -2.154800 -3.171000 
0.618000 -1.063800 -1.573800 -2.056700 -2.578400 -2.573100 -2.533300 -2.544900 -1.822900 -4.961700 -4.992800 -1.494800 
0.620000 -0.667700 -0.433500 -1.014000 -2.156300 -2.014600 -1.518400 -2.804000 -4.567100 -1.292600 -1.936500 -9.670900 
0.622000 -3.802600 -0.127800 -2.037500 -1.479900 -3.789900 -1.384300 -2.315300 -2.812700 -2.944400 -5.929600 -3.594600 
0.624000 -0.874700 -1.055600 -1.828600 -2.941700 -2.252100 -0.964100 -4.151900 -3.847400 -2.211300 -6.077400 -6.302100 
0.626000 -3.041800 -0.591300 -2.079900 -2.538300 -0.584200 -0.603800 -4.425700 -2.539300 -6.833900 -4.239900 -9.980300 
0.628000 -1.090900 -1.426400 -2.706400 -1.630300 -1.283100 -2.519200 -3.589700 -1.564400 -3.124300 -7.290200 -19.921400 
0.630000 -1.331700 -1.135800 -3.109600 -1.105000 -1.029900 -0.906200 -6.894100 -4.239400 -4.804600 -2.625900 -4.031600 
0.632000 -0.599600 -0.200600 -0.753000 -1.606400 -2.903700 -0.996700 -1.436300 -1.242900 -1.329800 -3.926600 -7.528600 
0.634000 -1.024500 -0.908000 -1.265300 -1.275200 -3.842500 -1.045600 -3.643600 -0.670700 -0.890400 -2.303600 -14.891500 
0.636000 -0.475800 -0.869700 -1.296500 -0.714300 -1.795100 -2.134700 -2.238100 -2.924300 -3.085700 -4.288200 -7.989200 
0.638000 -1.538400 -1.267200 -1.072000 -0.991000 -1.589800 -0.874200 -3.307300 -1.922400 -10.079500 -7.194500 -2.367100 
0.640000 -0.948000 -0.773000 -0.869700 -2.202000 -4.013700 -1.619200 -4.030200 -1.758500 -8.046000 -6.364100 -6.046500 
0.642000 -2.074700 -2.017300 -0.638900 -2.924000 -3.029500 -1.095700 -2.305100 -3.687000 -6.403800 -0.304800 -8.544400 
0.644000 -1.553100 -0.550900 -2.345000 -2.120200 -1.176800 -0.780000 -2.028200 -1.955100 -8.597300 -5.022100 -8.965100 
0.646000 -2.683300 -0.139000 -0.958300 -1.290300 -2.592300 -1.541300 -4.265100 -2.615800 -4.567100 -2.975800 -6.859300 
0.648000 -2.063400 -0.720900 -0.333000 -0.950700 -2.956500 -1.370500 -2.656100 -1.109900 -5.932400 -9.440900 -7.001200 
0.650000 -1.218700 -1.131000 -1.722200 -1.692600 -2.360400 -2.192100 -0.879200 -2.707000 -6.515200 -7.076400 -6.560400 
0.652000 -2.024000 -1.438500 -3.199200 -1.731900 -2.063100 -2.954700 -2.181600 -2.360800 -2.535300 -2.942300 -16.501800 
0.654000 -1.049700 -1.303900 -0.928700 -1.060900 -1.728100 -2.373800 -2.152900 -0.960800 -2.530500 -1.209300 -12.991700 
0.656000 -1.101600 -0.935200 -0.814200 -1.736000 -4.522900 -2.010200 -2.139700 -2.565800 -1.422200 -5.499100 -12.790500 
0.658000 -0.854800 -1.071200 -0.909700 -1.073900 -3.645800 -3.303700 -2.333100 -0.739200 -5.305600 -0.904600 -6.502200 
0.660000 -1.046100 -1.222600 -1.199400 -1.733000 -2.166300 -2.038600 -1.399700 -2.236600 -1.786200 -2.216200 -7.825700 
0.662000 -1.724000 -0.913200 -0.570000 -1.619600 -2.385500 -2.138300 -2.752500 -3.791800 -3.293500 -6.402900 -10.892000 
0.664000 -2.776600 -1.390400 -2.028200 -0.779400 -3.061300 -1.430300 -1.906400 -2.132700 -4.301100 -2.970400 -14.630200 
0.666000 -1.404700 -1.934500 -2.230200 -1.275800 -3.156400 -1.832400 -2.118400 -4.491100 -0.993400 -6.067200 -13.169700 
0.668000 -1.159300 -0.838700 -1.046000 -1.919600 -2.768000 -3.356000 -2.672800 -2.976400 -2.420800 -1.798100 -8.285000 
0.670000 -1.471300 -0.431000 -0.992500 -1.057100 -2.334900 -3.172400 -3.661900 -1.009200 -2.456200 -4.655900 -10.719600 
0.672000 -1.409600 -0.770200 -1.285100 -1.680800 -0.869100 -1.580600 -2.500700 -1.312700 -2.765600 -2.478400 -14.270700 
0.674000 -0.881200 -1.865300 -1.338100 -1.996500 -2.831100 -1.068400 -4.431400 -0.587700 -2.623400 -3.963000 -11.062600 
0.676000 -2.795200 -2.949500 -2.417400 -2.423100 -1.073500 -1.176700 -1.165500 -0.521100 -2.016200 -2.292300 -10.004100 
0.678000 -0.108400 -0.639200 -2.545300 -1.166200 -2.512400 -3.094300 -4.313400 -2.658300 -3.149300 -4.129600 -4.337100 
0.680000 -2.608900 -0.883500 -0.826900 -2.209900 -2.015000 -1.361300 -4.306500 -1.808300 -3.998200 -3.106900 -10.389200 
0.682000 -0.618900 -2.085700 -1.811800 -1.735400 -2.281200 -1.488500 -4.604300 -3.505500 -4.476400 -4.545100 -11.132400 
0.684000 -0.183100 -2.261200 -3.691900 -1.508900 -1.304300 -1.774700 -2.258100 -1.428500 -2.656600 -3.722100 -9.456300 
0.686000 -1.342900 -0.987900 -2.353100 -1.056700 -1.888000 -0.971100 -4.785200 -2.475500 -1.537500 -5.429100 -14.745400 
0.688000 -1.208700 -2.553200 -2.602600 -0.998200 -2.639500 -1.680000 -1.194500 -1.188800 -1.233400 -4.010800 -5.045400 
0.690000 -1.504000 -0.856700 -4.207300 -2.500000 -1.114700 -3.433700 -4.391900 -3.225900 -8.094700 -9.955100 -8.155100 
0.692000 -2.563400 -2.176700 -1.680000 -0.420700 -1.991300 -2.216400 -1.798200 -3.447300 -6.235400 -6.204100 -7.984000 
0.694000 -0.387900 -1.381400 -0.879000 -1.503100 -0.749000 -4.095400 -3.240600 -1.539200 -1.375100 -3.242600 -6.072700 
0.696000 -1.891700 -0.616500 -1.718100 -1.658100 -3.277300 -5.085500 -3.705600 -2.984800 -0.602800 -4.486100 -5.491200 
0.698000 -3.157900 -1.435600 -1.398300 -9.378200 -2.037200 -2.992900 -9.230900 -2.956900 -7.031600 -8.076500 -3.987900 
0.700000 -0.824000 -0.822200 -1.835700 -1.796700 -0.981100 -2.710900 -4.487600 -1.257200 -6.031800 -6.825100 -7.603300 
0.702000 -1.368300 -1.602300 -1.192000 -1.191800 -3.033600 -3.213500 -5.428600 -2.117300 -0.649300 -7.777600 -3.962600 
0.704000 -2.367500 -1.438700 -1.181200 -2.886700 -0.670200 -2.761400 -2.942300 -3.654500 -1.563800 -3.743100 -8.537700 
0.706000 -1.028500 -1.829600 -0.833800 -0.918300 -1.339800 -2.172900 -5.779500 -3.025400 -2.128900 -3.985300 -11.236300 
0.708000 -0.596000 -1.025800 -1.467700 -1.949700 -0.383500 -3.797500 -4.681900 -2.569400 -6.668300 -7.224700 -7.681500 
0.710000 -0.463600 -2.698400 -2.702000 -2.280500 -0.236800 -1.751800 -5.862000 -4.232700 -3.574600 -3.018500 -4.397400 
0.712000 -1.189600 -2.232900 -2.047200 -1.103900 -1.429900 -2.448600 -3.190500 -1.320600 -0.628100 -4.721900 -3.247800 
0.714000 -1.298000 -0.873300 -4.371300 -1.486800 -1.462500 -2.797900 -3.067700 -3.514200 -2.242900 -11.399800 -2.583700 
0.716000 -0.881600 -1.139600 -3.548200 -3.239500 -0.999100 -1.878600 -2.585900 -2.636300 -2.979900 -13.867900 -4.758900 
0.718000 -2.350900 -1.409100 -1.424000 -1.895400 -1.365500 -0.445900 -1.493200 -2.191800 -8.163700 -7.805200 -3.764300 
0.720000 -1.249500 -0.789500 -2.291100 -1.922900 -1.409300 -3.573900 -3.396600 -1.522500 -2.761900 -6.042500 -12.929700 
0.722000 -1.760200 -0.685300 -1.753600 -3.205000 -1.477600 -2.498300 -1.926600 -1.979100 -1.796000 -9.350700 -5.466900 
0.724000 -4.939800 -2.498400 -1.810800 -2.360000 -0.802000 -1.223400 -1.893900 -3.066400 -1.957400 -21.469300 -9.778100 
0.726000 -1.395800 -1.487000 -0.572700 -1.842100 -0.785600 -1.534900 -5.038400 -0.864100 -9.893600 -15.998200 -4.688500 
0.728000 -1.615200 -1.060600 -1.876000 -2.152300 -1.067400 -1.666200 -3.313600 -1.448200 -1.321600 -9.233300 -5.343200 
0.730000 -1.530800 -1.006500 -1.004500 -0.831600 -3.371700 -0.916300 -5.400400 -1.979400 -4.585200 -13.406400 -8.529000 
0.732000 -2.990500 -2.021800 -1.369700 -0.744000 -2.093100 -0.899100 -1.837700 -1.935900 -1.892000 -6.880600 -3.701200 
0.734000 -1.298500 -1.585600 -1.504300 -1.681000 -2.490200 -2.918500 -3.982200 -1.785000 -3.178600 -17.597200 -4.669100 
0.736000 -1.679200 -0.220400 -1.916400 -0.381900 -1.573800 -2.998100 -1.490800 -3.906600 -3.124200 -5.763500 -4.639100 
0.738000 -1.615600 -2.671400 -1.396600 -1.567100 -1.726300 -1.919600 -1.982100 -4.463600 -1.991200 -19.964400 -10.039500 
0.740000 -2.403200 -2.291800 -1.060500 -1.877700 -1.496400 -3.281300 -6.616000 -6.257400 -1.535800 -11.183800 -3.388600 
0.742000 -3.025200 -2.726000 -1.955200 -0.509200 -1.130600 -1.816200 -2.019500 -2.085000 -2.014700 -6.425400 -1.627700 
0.744000 -3.413000 -1.757600 -1.834400 -0.401800 -0.748400 -2.209500 -1.711400 -3.551400 -3.777600 -23.000600 -5.027800 
0.746000 -1.502100 -2.596000 -1.729000 -2.277200 -2.183500 -1.528100 -1.890100 -3.275300 -2.447400 -9.288500 -3.027800 
0.748000 -0.890900 -2.968400 -1.034100 -2.489900 -1.727300 -4.264100 -1.361600 -2.042000 -3.729000 -6.740600 -10.037800 
0.750000 -0.907000 -1.053900 -1.662600 -2.407600 -1.161400 -3.745900 -2.217200 -1.935000 -3.740300 -7.791400 -10.987300 
0.752000 -0.444600 -1.064600 -1.382000 -0.827400 -2.114900 -0.773900 -1.230500 -2.013200 -1.564400 -12.449700 -2.183400 
0.754000 -0.635100 -1.547000 -1.146200 -2.420100 -1.818600 -1.796100 -1.213700 -1.462300 -3.586100 -3.592100 -12.449000 
0.756000 -3.333500 -0.199400 -2.595500 -1.824500 -1.445200 -1.124200 -2.688100 -5.226400 -3.047000 -4.773200 -7.733700 
0.758000 -0.544400 -0.996500 -0.902500 -0.962000 -0.812000 -2.592200 -4.915800 -1.245900 -6.340300 -10.695400 -4.156200 
0.760000 -1.879900 -1.476200 -4.184200 -2.368000 -2.681100 -1.284900 -1.514200 -2.164900 -3.451800 -8.650900 -14.315800 
0.762000 -2.030800 -0.868100 -1.405900 -0.968600 -0.973900 -2.426600 -4.733100 -1.774100 -8.060600 -8.420100 -11.220600 
0.764000 -1.409600 -1.028600 -1.021300 -0.512300 -2.224600 -3.714800 -4.536700 -3.653900 -12.729400 -4.656100 -5.339000 
0.766000 -2.508600 -0.267100 -3.271600 -1.291900 -1.336600 -1.349000 -3.170200 -4.797100 -6.382400 -5.680700 -3.692400 
0.768000 -1.427900 -2.010700 -1.221500 -2.025500 -2.541500 -1.297100 -5.605500 -1.788900 -2.587100 -9.168700 -2.237100 
0.770000 -1.349300 -1.144900 -1.242300 -1.419100 -1.360200 -0.282600 -3.711700 -1.299400 -5.325800 -4.154400 -8.354500 
0.772000 -0.755200 -2.164900 -0.883900 -0.402800 -0.785700 -1.072600 -6.773500 -0.304000 -3.887100 -6.498800 -8.840000 
0.774000 -1.626000 -3.086700 -1.389300 -2.135900 -1.124300 -2.395800 -3.306200 -2.212600 -2.071300 -2.858300 -16.420600 
0.776000 -1.682800 -1.637100 -1.684800 -0.931800 -2.457000 -0.819300 -3.864000 -2.843200 -4.045100 -4.257600 -13.978800 
0.778000 -2.048400 -2.362000 -1.499400 -1.444400 -0.921800 -1.316600 -5.421600 -2.488400 -4.767200 -10.144900 -4.436600 
0.780000 -3.562400 -2.884100 -2.116900 -1.248200 -2.371300 -4.376500 -4.582100 -2.580400 -1.956300 -9.915500 -5.257400 
0.782000 -1.410900 -1.802000 -0.925300 -1.020300 -1.292200 -1.099900 -4.571700 -1.308700 -5.335100 -13.109500 -21.494600 
0.784000 -1.501900 -2.345400 -0.736300 -1.255300 -2.310900 -1.100500 -5.329300 -4.503600 -2.205400 -5.254900 -12.964300 
0.786000 -1.098300 -3.225000 -4.900500 -1.302800 -0.457200 -2.579500 -4.037800 -0.842700 -1.594500 -17.667600 -7.823600 
0.788000 -0.685800 -2.151600 -1.390700 -1.563800 -0.861100 -1.206800 -2.791500 -6.281700 -4.137400 -9.040500 -10.221700 
0.790000 -1.035800 -1.352000 -2.057700 -0.730400 -1.000300 -3.291600 -2.414000 -3.995100 -7.598900 -30.279100 -25.850500 
0.792000 -1.934900 -1.812500 -2.289800 -2.148200 -1.587100 -2.057100 -0.643200 -1.940100 -3.249500 -25.195800 -17.139400 
0.794000 -1.977600 -2.168900 -1.125700 -0.158000 -0.675600 -1.804200 -0.447900 -5.087600 -4.157800 -8.545700 -8.043700 
0.796000 -1.541700 -0.950300 -0.437200 -1.218000 -1.036900 -1.534400 -2.119100 -4.040500 -4.541600 -6.868900 -9.077300 
0.798000 -0.440200 -2.681200 -1.600400 -1.347000 -2.084400 -3.727400 -0.910600 -1.942300 -3.916700 -17.457400 -3.684800 
0.800000 -1.562000 -1.584400 -1.964900 -0.601200 -3.080100 -1.481700 -4.407500 -2.572200 -9.366400 -47.408600 -9.279600 
0.802000 -1.103200 -1.780200 -1.506300 -2.356700 -2.469600 -1.087400 -3.585700 -3.694700 -1.752900 -11.479900 -6.358800 
0.804000 -1.229300 -0.665900 -0.729900 -1.200900 -0.947200 -6.739600 -2.465600 -2.501400 -4.431900 -7.367300 -20.196200 
0.806000 -1.207800 -3.174800 -1.984700 -2.793100 -0.931100 -4.472600 -1.641300 -2.631000 -5.672000 -8.866000 -17.914300 
0.808000 -0.982300 -1.626800 -1.287000 -2.978900 -0.978600 -3.893600 -1.395700 -2.635300 -3.094800 -10.802300 -6.776600 
0.810000 -2.531900 -2.027300 -0.631200 -0.460900 -2.494600 -1.070600 -1.400200 -1.847100 -1.180900 -4.479200 -15.943800 
0.812000 -1.572000 -1.943100 -0.947700 -2.066700 -2.813100 -1.848200 -3.937600 -0.942400 -2.337600 -9.343000 -10.550000 
0.814000 -0.800800 -2.120300 -2.168200 -1.966500 -1.285900 -1.103200 -1.680500 -2.154100 -3.132400 -6.857300 -20.501400 
0.816000 -1.163500 -1.362000 -1.342600 -0.835000 -0.895100 -1.927900 -4.592400 -4.116900 -7.216500 -11.034400 -22.044300 
0.818000 -2.761500 -0.411600 -1.367600 -0.677200 -0.798600 -1.748100 -4.183100 -4.488500 -3.483500 -7.202900 -9.291500 
0.820000 -1.795400 -1.921900 -1.631800 -0.470900 -0.937800 -3.161400 -3.391500 -1.486700 -1.692400 -6.363200 -12.324000 
0.822000 -1.776800 -1.508900 -2.786000 -0.656100 -0.846100 -0.766900 -3.758600 -0.815200 -3.328200 -5.017600 -16.812200 
0.824000 -1.559100 -0.970900 -1.040900 -0.216000 -0.852900 -1.871500 -1.956200 -8.902000 -1.998900 -7.190700 -9.887800 
0.826000 -0.849000 -1.156800 -0.730700 -0.272300 -0.852300 -1.382500 -4.054900 -1.567400 -3.893300 -6.635500 -11.737700 
0.828000 -0.997800 -2.045300 -1.052700 -3.006000 -1.890100 -1.613300 -2.191800 -2.071800 -3.972600 -15.347600 -6.766900 
0.830000 -1.329000 -0.862200 -1.260000 -1.944600 -1.518400 -1.600900 -1.404500 -2.073800 -4.541500 -17.361600 -27.294800 
0.832000 -0.436200 -2.292800 -1.568300 -0.546000 -1.383200 -3.413500 -3.550800 -4.325200 -2.226400 -9.207200 -6.248200 
0.834000 -0.508800 -0.751300 -2.226900 -0.745200 -1.655100 -1.404600 -3.046100 -2.405200 -5.779400 -11.596700 -11.693300 
0.836000 -1.135200 -2.928200 -1.679500 -1.784200 -1.369500 -1.042200 -2.461900 -4.003800 -2.385500 -12.102200 -18.456600 
0.838000 -1.525600 -1.259100 -2.710200 -1.499700 -3.740600 -0.196000 -3.079000 -0.970000 -2.765400 -14.404200 -12.054400 
0.840000 -2.623400 -2.150600 -0.696500 -2.730800 -1.227500 -0.566100 -2.059600 -3.989800 -1.999200 -3.145100 -2.216300 
0.842000 -1.344400 -1.883400 -1.544900 -1.266100 -2.495800 -0.361700 -4.931400 -0.829300 -1.217700 -3.414600 -9.146000 
0.844000 -0.942300 -1.481300 -0.745300 -1.570100 -3.033700 -2.014400 -2.217100 -2.860600 -2.722800 -6.681300 -3.353700 
0.846000 -2.187700 -1.263400 -1.328200 -1.078900 -1.828000 -1.901500 -1.306700 -2.657900 -5.554200 -13.144500 -5.190200 
0.848000 -1.287800 -1.255400 -1.104700 -0.551400 -3.422800 -0.324600 -3.825000 -2.133600 -2.744000 -14.979600 -13.802900 
0.850000 -2.424900 -1.403600 -2.141600 -2.046500 -2.078700 -1.767200 -5.134800 -2.791500 -10.981400 -9.397100 -12.341100 
0.852000 -0.729500 -1.816500 -0.483700 -0.682900 -4.111600 -2.321700 -2.869000 -1.248900 -1.006500 -8.822200 -0.897300 
0.854000 -0.968200 -0.762000 -0.813700 -0.325300 -2.242600 -0.656500 -4.974300 -1.471800 -6.604500 -7.812200 -5.237300 
0.856000 -0.992700 -1.060800 -1.583900 -1.266900 -2.012500 -3.033300 -5.154600 -2.063000 -5.156500 -13.090400 -2.140700 
0.858000 -0.983200 -0.346300 -4.371700 -0.943700 -0.829500 -0.399500 -2.998000 -1.360000 -4.723400 -16.113600 -8.772400 
0.860000 -1.816800 -1.553500 -3.936300 -1.622900 -1.726300 -2.418500 -2.704500 -5.100900 -5.391200 -13.742300 -6.555800 
0.862000 -0.732400 -0.866800 -0.892300 -0.472800 -1.192500 -0.687100 -3.718200 -1.823800 -2.976900 -19.667500 -5.830100 
0.864000 -2.085900 -2.705700 -1.406200 -3.891900 -1.837000 -1.391400 -1.437900 -8.664800 -6.019300 -5.921500 -3.277300 
0.866000 -1.256000 -0.309800 -3.129600 -0.930200 -1.157800 -3.354100 -3.425800 -4.658500 -2.560100 -6.211300 -5.222800 
0.868000 -1.329000 -1.255400 -0.704600 -1.162900 -2.258000 -3.809800 -2.785500 -2.556000 -3.928500 -8.125200 -18.211500 
0.870000 -0.619800 -1.078600 -1.175500 -0.510800 -0.909300 -1.686400 -2.419100 -1.986600 -4.042900 -20.289300 -24.409700 
0.872000 -1.147100 -0.333900 -1.632000 -3.757900 -2.195400 -2.036200 -3.466700 -1.933800 -5.359900 -10.627700 -24.387500 
0.874000 -1.883000 -1.462500 -2.983400 -0.838300 -5.666500 -2.131000 -2.675200 -0.813200 -4.480600 -12.038000 -7.457600 
0.876000 -0.335400 -1.351000 -1.077400 -0.447100 -3.534700 -3.330000 -3.256500 -2.102500 -5.693900 -18.633200 -19.916000 
0.878000 -1.570600 -2.052000 -0.781500 -0.788700 -2.106900 -2.329800 -1.590500 -0.954500 -9.332100 -10.113400 -2.459000 
0.880000 -3.344400 -1.325400 -1.081000 -2.356700 -2.799000 -4.337900 -2.553200 -2.284500 -11.530500 -20.526300 -4.877500 
0.882000 -0.382400 -0.925800 -2.274200 -0.529600 -1.119900 -3.144500 -3.291600 -1.377700 -9.387800 -8.791900 -14.419000 
0.884000 -2.711600 -2.146100 -1.646000 -1.646000 -1.472500 -1.601200 -3.277000 -2.854600 -1.684800 -7.298600 -28.104800 
0.886000 -1.589200 -1.056200 -0.960300 -2.689400 -3.874000 -1.257500 -0.941700 -3.286500 -3.212200 -16.111700 -24.391300 
0.888000 -0.912100 -0.766900 -1.457100 -0.709300 -3.110700 -1.330700 -5.132500 -1.871600 -5.659300 -28.273400 -12.995900 
0.890000 -1.591200 -0.990100 -1.422000 -1.379500 -4.238300 -2.281100 -1.961500 -1.400300 -3.915700 -35.929400 -21.057600 
0.892000 -1.444500 -0.760400 -1.048100 -0.359900 -0.788200 -4.936700 -2.687600 -2.292200 -15.065100 -20.010600 -6.607200 
0.894000 -0.838100 -1.691900 -0.428600 -0.613800 -2.486100 -2.002400 -1.010500 -2.534100 -16.109800 -18.315600 -12.241600 
0.896000 -1.389300 -1.507600 -0.290100 -0.400500 -1.646700 -2.198800 -2.128200 -0.832000 -8.839200 -11.947500 -13.943900 
0.898000 -0.598500 -2.239900 -2.211600 -1.475500 -3.014800 -1.272800 -2.949400 -2.318300 -15.178400 -10.962100 -19.512100 
0.900000 -0.584800 -2.091000 -1.914700 -1.620700 -1.885200 -1.944500 -0.364100 -3.753800 -2.588400 -4.960000 -11.254400 
0.902000 -0.989500 -1.777500 -1.962200 -1.239800 -0.975700 -3.131300 -1.797200 -0.840100 -11.260300 -11.382700 -13.642200 
0.904000 -0.906600 -2.770800 -1.364600 -3.197300 -2.041200 -2.350500 -1.645500 -0.230500 -2.498400 -21.394900 -16.685100 
0.906000 -0.898000 -1.914800 -1.127500 -0.650600 -2.329300 -1.474300 -4.286600 -1.132600 -1.578500 -19.015600 -22.664400 
0.908000 -0.877300 -1.366400 -0.950600 -1.054100 -2.935600 -2.070900 -2.021200 -1.806800 -3.962000 -25.507500 -5.523200 
0.910000 -0.660700 -1.489500 -2.159000 -1.840800 -2.331500 -2.754400 -2.230700 -1.932800 -3.264700 -9.683300 -4.616100 
0.912000 -0.729300 -2.331000 -0.434500 -1.059700 -1.321300 -3.042300 -0.527200 -3.157500 -9.489600 -13.883200 -23.642200 
0.914000 -1.238600 -2.159900 -1.226600 -0.715800 -1.135000 -1.802600 -3.334300 -1.972000 -2.671700 -11.146400 -8.361900 
0.916000 -1.392800 -1.052300 -1.661700 -0.742800 -0.976500 -2.996600 -4.597800 -0.976400 -1.465100 -9.726600 -3.041100 
0.918000 -1.421000 -1.766700 -2.305000 -0.568800 -1.071700 -2.828500 -0.769000 -1.739400 -2.062500 -22.131600 -6.473100 
0.920000 -0.145300 -3.164000 -0.981900 -2.351800 -1.057700 -3.159000 -1.457000 -0.893000 -3.132500 -23.382000 -14.316100 
0.922000 -0.409400 -1.349900 -3.410300 -0.447700 -0.729200 -1.818200 -1.148100 -2.758000 -1.402500 -24.386800 -9.481200 
0.924000 -1.358500 -1.528800 -1.710300 -1.577500 -2.219500 -3.691300 -0.624000 -0.869700 -7.568900 -13.425400 -11.175800 
0.926000 -0.922200 -2.053800 -1.372000 -1.922100 -1.158200 -2.290900 -5.748600 -2.632800 -4.458400 -7.992700 -24.845700 
0.928000 -1.429800 -0.414000 -2.088400 -1.197800 -2.670100 -4.276000 -1.300600 -3.263500 -5.234100 -12.691000 -8.024800 
0.930000 -0.733500 -0.784400 -3.869300 -0.629700 -1.153900 -2.517900 -2.178100 -2.088600 -3.223000 -14.191600 -5.995600 
0.932000 -1.011800 -2.414100 -2.265500 -0.636800 -1.966600 -3.458100 -3.860100 -0.979000 -10.841300 -10.576400 -2.811600 
0.934000 -2.947000 -1.026700 -1.052300 -0.659000 -1.185400 -1.892900 -2.045300 -2.831600 -4.758800 -6.182000 -13.472600 
0.936000 -0.969400 -0.586100 -1.505100 -0.517300 -2.403100 -1.074700 -1.212800 -2.410800 -5.658400 -10.167700 -6.425100 
0.938000 -0.662700 -3.441200 -1.724200 -1.407500 -2.824400 -2.328800 -1.202700 -1.401600 -6.725800 -12.037800 -3.691000 
0.940000 -3.038700 -0.827800 -3.091700 -1.164300 -2.251700 -2.312500 -2.530700 -6.171300 -6.363500 -12.536400 -13.837400 
0.942000 -1.286700 -1.178800 -1.010000 -0.970000 -2.557900 -2.373000 -0.847200 -4.563000 -1.843500 -9.627700 -4.180900 
0.944000 -1.041000 -1.532400 -4.587500 -0.881100 -2.440300 -5.899500 -0.763800 -4.147700 -4.883200 -13.946900 -4.627300 
0.946000 -2.016900 -1.045200 -1.419900 -0.947400 -2.520200 -3.752200 -2.188500 -1.750000 -4.099900 -14.199600 -7.344300 
0.948000 -1.793600 -2.251700 -1.126500 -1.092600 -2.837700 -5.528300 -0.893600 -0.538900 -1.474000 -11.670900 -5.146100 
0.950000 -3.728900 -1.789900 -2.438200 -1.256700 -3.596300 -3.609300 -0.120400 -1.310600 -2.198600 -14.041300 -4.678900 
0.952000 -1.841200 -0.779500 -1.397100 -1.168600 -4.189900 -2.834500 -1.838300 -1.623200 -0.207800 -14.307700 -5.322600 
0.954000 -2.431700 -3.773000 -3.798200 -4.331300 -1.932100 -0.889700 -0.982900 -0.515200 -5.409800 -10.214200 -8.948400 
0.956000 -0.254900 -0.492600 -1.451700 -2.110200 -3.688000 -1.972400 -2.075400 -1.247200 -7.085600 -16.820100 -5.106900 
0.958000 -2.163400 -0.888400 -1.056200 -2.130900 -3.362900 -1.262600 -2.799300 -2.113300 -1.590700 -15.169000 -5.208400 
0.960000 -1.144500 -1.461100 -1.176500 -0.924600 -2.732500 -2.008100 -4.068900 -1.002200 -6.535200 -13.201500 -15.392100 
0.962000 -2.592100 -0.408100 -3.005100 -1.555400 -5.937400 -3.001300 -0.800300 -2.619200 -4.717700 -11.879400 -12.700600 
0.964000 -1.554200 -1.142500 -1.712100 -1.430600 -4.490000 -4.136900 -5.848800 -1.987600 -5.107900 -9.918200 -8.180200 
0.966000 -1.881600 -1.702500 -0.809100 -2.453300 -1.782700 -3.569000 -1.421500 -1.171800 -11.030200 -9.431900 -4.515400 
0.968000 -2.207700 -1.004700 -1.379100 -0.915700 -6.169200 -2.684200 -2.107500 -6.458900 -14.054300 -8.542400 -8.003900 
0.970000 -0.793300 -1.766000 -1.547300 -1.256300 -2.458400 -3.299500 -1.026500 -0.434800 -5.712900 -12.037000 -5.643300 
0.972000 -0.735200 -1.971000 -1.514200 -3.176500 -1.230300 -2.560100 -1.386300 -2.176600 -6.548800 -12.292900 -3.947600 
0.974000 -0.596700 -4.212200 -0.616600 -0.263800 -2.669900 -5.163700 -1.165200 -1.689700 -2.841200 -22.984500 -5.421800 
0.976000 -0.455800 -1.896900 -0.756600 -1.614400 -0.697600 -4.553800 -5.404800 -3.788500 -6.771000 -10.553600 -3.735200 
0.978000 -2.502900 -1.358900 -0.896400 -0.952200 -2.199400 -3.699800 -3.314500 -1.977400 -10.345900 -5.680200 -2.465800 
0.980000 -0.475200 -1.467300 -0.932300 -1.934000 -1.093700 -2.341400 -2.195000 -4.451400 -12.403300 -9.177200 -4.868600 
0.982000 -0.385000 -1.356500 -1.688400 -0.772600 -0.637400 -3.308300 -3.971200 -1.237800 -6.677100 -4.940900 -9.498700 
0.984000 -4.733300 -0.960900 -2.915600 -1.509100 -1.699100 -2.654200 -1.270300 -3.098400 -7.491200 -10.693600 -17.077000 
0.986000 -1.499400 -1.097800 -3.743000 -1.264400 -1.017900 -2.315900 -3.388100 -2.941800 -2.583200 -13.148600 -6.894400 
0.988000 -1.048600 -0.959000 -1.403000 -0.130500 -0.681400 -2.088100 -0.404700 -1.192600 -7.672100 -8.066000 -2.703300 
0.990000 -0.893900 -3.163800 -0.989800 -1.243200 -2.619100 -1.450300 -0.942500 -0.670700 -6.064800 -14.629200 -5.389100 
0.992000 -3.785100 -1.217800 -1.735600 -1.497500 -3.619900 -1.930300 -0.723300 -3.007500 -1.695600 -17.369100 -9.678200 
0.994000 -1.262700 -0.701300 -0.938200 -1.073600 -1.083700 -2.371600 -3.484700 -3.156600 -4.867800 -24.787600 -6.116400 
0.996000 -2.044100 -0.426000 -1.125900 -0.314800 -0.702800 -2.672600 -1.299500 -0.826300 -7.190900 -19.438700 -3.122700 
0.998000 -1.629800 -2.131300 -0.564300 -2.165800 -2.751600 -4.860000 -0.572900 -2.177300 -3.594800 -19.830000 -6.275800 
