# gradients (DV/DL) for lambdas: 0.0 0.1 0.2 0.3 0.4 0.5 0.6 0.7 0.8 0.9 1.0
0.000000 -1.713100 -2.617000 -1.643100 -1.784900 -6.543100 -1.855100 -4.625500 -4.064600 -12.376900 -37.101000 -20.589900 
0.002000 -1.950800 -2.195600 -1.658100 -2.564900 -1.019800 -1.177900 -5.593500 -1.782900 -7.639600 -31.106700 -16.595000 
0.004000 -1.995300 -1.848000 -1.187300 -1.457300 -1.600300 -2.950700 -3.846400 -4.789500 -3.433200 -57.581700 -20.188800 
0.006000 -2.602600 -1.660400 -0.450800 -6.303400 -1.966700 -4.503100 -4.679200 -7.449800 -5.964400 -44.370300 -19.859900 
0.008000 -1.306700 -4.779100 -0.878800 -3.495100 -3.078500 -2.097600 -4.311900 -6.541100 -9.225600 -33.427300 -9.742700 
0.010000 -1.417200 -1.778900 -0.536500 -3.111300 -2.176100 -5.380300 -4.468100 -4.202600 -6.683100 -57.951800 -12.769700 
0.012000 -1.500400 -2.001200 -2.368300 -1.490800 -1.662400 -5.081800 -4.401100 -7.311800 -14.310400 -45.074200 -17.989200 
0.014000 -3.158700 -1.994300 -2.464000 -1.969400 -8.732800 -4.903000 -4.199300 -4.255500 -11.097700 -31.302500 -12.091200 
0.016000 -2.764000 -1.621900 -1.725900 -0.977400 -7.637100 -1.492700 -7.538900 -4.028500 -4.201700 -51.239800 -29.980000 
0.018000 -3.043800 -1.747400 -2.219400 -2.690600 -1.950700 -3.901100 -7.343100 -4.145200 -9.340500 -32.090300 -11.088500 
0.020000 -2.799600 -0.606100 -1.691200 -1.479800 -1.602600 -2.594600 -4.311800 -4.089300 -7.092100 -29.643800 -14.058800 
0.022000 -3.207900 -0.477000 -1.381400 -3.024900 -2.086000 -2.034500 -6.126300 -8.119100 -3.502300 -47.181900 -24.728200 
0.024000 -2.934200 -3.418500 -0.745300 -1.971900 -2.919700 -2.926300 -3.017100 -5.204100 -6.066600 -37.528600 -15.513100 
0.026000 -3.136300 -2.697500 -0.607300 -1.484800 -2.907300 -6.231200 -5.447100 -2.919500 -5.833400 -41.636900 -29.550600 
0.028000 -1.985000 -3.057100 -0.925800 -1.977700 -4.364300 -4.150200 -6.426700 -4.283500 -3.946900 -38.055500 -17.512300 
0.030000 -2.564100 -0.918300 -0.741900 -1.634700 -0.852900 -1.581400 -6.357900 -3.308600 -5.113400 -32.947200 -23.200600 
0.032000 -2.389300 -0.644900 -1.102900 -0.632600 -2.554200 -4.385100 -6.819500 -4.643800 -1.138800 -32.014400 -12.506600 
0.034000 -1.181300 -1.051200 -1.424700 -3.158100 -4.788200 -3.993000 -7.267100 -4.540000 -6.927600 -16.550200 -21.568700 
0.036000 -2.445700 -0.961500 -0.513600 -2.725800 -1.537600 -3.426600 -7.691400 -4.547400 -9.983900 -42.950800 -16.549300 
0.038000 -4.380600 -1.118500 -0.325400 -2.717400 -2.989100 -7.724500 -5.665600 -2.018900 -5.564100 -26.946800 -10.851500 
0.040000 -1.629700 -0.985200 -2.067600 -0.522200 -2.371900 -6.017600 -8.895700 -4.697900 -4.168300 -34.497400 -16.708600 
0.042000 -2.928400 -0.472000 -2.155100 -2.079500 -2.123700 -2.258100 -7.583900 -3.116100 -5.417900 -40.817100 -19.143400 
0.044000 -2.479800 -1.053200 -1.172300 -1.229100 -4.600200 -3.425900 -3.299600 -3.248700 -8.245500 -40.459900 -24.354400 
0.046000 -2.096500 -2.295700 -3.081300 -3.586200 -3.260700 -3.938600 -7.107000 -5.010100 -3.430000 -36.282000 -12.068700 
0.048000 -1.661700 -0.815700 -5.047200 -0.979100 -6.423500 -1.927200 -7.850600 -3.986100 -3.062700 -26.604400 -14.356600 
0.050000 -2.522800 -1.393200 -1.484300 -2.048700 -5.065500 -3.867000 -5.388100 -3.607500 -2.351400 -28.465000 -18.761600 
0.052000 -2.655900 -0.699200 -1.360900 -1.266200 -2.857600 -3.595700 -6.676300 -2.888800 -4.348600 -33.078400 -16.913000 
0.054000 -1.508500 -1.197400 -1.168300 -1.816400 -4.457700 -8.154100 -4.907600 -5.969900 -4.151400 -31.964300 -15.686700 
0.056000 -1.328400 -1.230600 -2.864800 -1.405300 -3.645100 -1.422500 -6.836000 -1.813500 -3.171900 -60.509000 -8.116600 
0.058000 -3.274300 -1.119000 -2.018500 -1.948800 -4.505800 -3.052200 -7.439800 -6.530800 -2.188100 -51.717500 -10.513400 
0.060000 -1.190100 -1.374300 -2.318100 -2.076500 -6.414800 -6.410300 -6.367900 -2.201400 -2.601100 -32.803000 -17.870100 
0.062000 -2.574900 -0.787400 -0.900300 -1.003600 -6.721100 -6.522700 -6.307200 -3.524500 -5.385000 -29.732200 -8.119500 
0.064000 -1.996000 -2.301000 -2.919500 -1.269300 -3.498600 -3.183400 -10.961200 -2.144500 -3.466400 -28.080300 -12.051900 
0.066000 -3.227700 -2.566800 -1.030700 -6.092900 -5.458300 -2.988800 -6.094300 -3.096900 -4.374700 -39.256600 -16.363100 
0.068000 -1.931900 -2.214800 -1.448400 -1.588500 -3.781000 -3.433300 -11.697100 -5.589200 -3.490300 -27.464000 -10.336500 
0.070000 -2.174000 -1.413700 -2.336100 -0.747600 -2.492900 -3.527700 -6.847500 -2.676700 -1.950500 -35.042400 -24.348400 
0.072000 -3.774200 -1.684800 -3.009800 -1.637500 -3.101700 -2.033400 -7.398000 -3.738700 -2.244000 -33.957000 -19.183600 
0.074000 -1.416600 -1.596700 -1.171700 -0.893200 -4.496400 -4.392900 -6.893900 -3.743400 -1.769500 -30.894200 -22.332200 
0.076000 -2.197500 -1.504600 -2.801600 -1.507200 -2.546000 -2.151500 -7.419200 -2.647000 -2.723300 -25.667600 -14.326100 
0.078000 -2.890600 -1.306900 -4.477600 -1.789300 -1.279600 -0.751200 -8.957300 -2.022100 -7.256500 -53.593400 -23.036300 
0.080000 -2.697800 -0.657000 -3.334000 -2.218200 -2.820400 -2.270300 -7.136900 -2.782900 -11.667300 -39.828900 -13.529300 
0.082000 -1.472000 -2.514600 -1.070000 -1.193500 -3.742800 -4.286500 -7.143500 -4.064500 -3.622500 -28.648600 -17.786700 
0.084000 -2.068700 -0.508200 -1.952500 -5.105100 -2.962300 -3.218000 -4.717600 -2.772900 -4.689200 -30.764200 -15.154300 
0.086000 -1.732200 -0.579900 -2.312900 -0.928800 -2.895800 -2.105500 -4.429000 -3.624700 -3.397400 -24.659100 -12.580200 
0.088000 -3.247700 -0.389100 -1.822600 -1.112400 -2.201700 -2.208400 -5.891300 -4.027700 -6.106100 -29.676000 -15.472300 
0.090000 -2.860600 -0.462300 -3.342400 -1.362000 -2.042800 -2.312800 -7.523600 -2.205900 -3.150000 -40.494300 -10.266200 
0.092000 -1.491400 -0.319800 -2.410700 -2.620100 -1.913800 -1.590400 -12.717000 -2.750100 -2.447000 -41.329000 -12.181100 
0.094000 -1.445500 -0.771900 -0.846800 -0.988000 -0.666600 -4.767800 -6.470400 -1.341400 -4.700200 -40.381000 -15.713500 
0.096000 -3.276800 -2.255200 -3.334900 -0.879300 -3.394600 -4.974700 -6.020400 -2.143800 -17.898400 -33.849200 -14.196000 
0.098000 -2.116600 -1.735900 -1.074500 -3.518200 -8.272000 -5.519400 -7.641100 -2.429500 -3.129900 -21.034900 -18.641000 
0.100000 -3.882200 -2.434400 -3.931700 -2.119500 -4.505600 -2.422300 -5.507000 -3.147200 -8.372900 -32.723600 -10.281400 
0.102000 -2.846800 -3.800600 -4.127300 -0.898000 -9.025600 -7.383900 -5.380700 -7.587900 -1.399300 -11.518500 -12.073800 
0.104000 -2.931000 -1.772200 -2.053800 -1.120600 -8.086100 -3.641500 -6.624400 -4.471300 -4.399500 -18.684500 -21.762500 
0.106000 -1.967000 -1.841900 -4.629900 -0.881500 -2.034300 -3.618800 -6.785600 -2.702600 -2.162500 -19.325400 -12.862400 
0.108000 -2.750700 -0.503400 -1.913400 -1.382900 -2.326100 -2.801500 -6.436700 -4.776400 -3.376100 -35.665500 -22.493500 
0.110000 -4.417000 -2.130000 -3.619900 -2.688200 -0.851400 -1.553500 -5.259500 -4.613100 -2.156900 -20.339800 -18.075600 
0.112000 -1.927900 -0.438500 -2.593100 -2.437900 -2.183800 -1.927900 -6.273500 -5.698100 -6.904700 -25.833000 -5.997500 
0.114000 -2.473700 -4.671700 -2.518400 -0.569400 -2.526200 -2.557900 -4.543100 -4.367500 -8.884700 -25.474800 -22.124600 
0.116000 -4.288000 -2.132900 -3.263500 -0.490600 -1.192700 -2.624800 -2.374600 -2.378500 -8.908200 -23.504400 -11.526900 
0.118000 -4.351700 -1.651700 -3.172900 -3.173300 -1.143900 -1.879400 -3.222700 -5.515700 -7.778900 -41.505100 -25.815700 
0.120000 -3.883300 -2.752400 -1.829900 -1.268200 -2.352200 -1.042800 -1.149500 -4.771400 -7.035300 -24.440400 -17.967300 
0.122000 -3.940100 -1.589700 -3.827600 -1.507200 -1.971200 -4.087900 -4.945600 -3.342400 -9.649000 -51.776700 -12.841200 
0.124000 -3.595300 -1.424000 -1.373300 -1.108300 -0.725400 -0.987800 -3.756100 -2.150400 -4.160200 -55.853500 -14.155600 
0.126000 -3.428200 -1.362700 -3.763200 -1.037100 -1.399100 -1.751900 -8.314400 -3.358400 -8.932700 -33.013500 -22.251100 
0.128000 -2.618400 -1.739900 -1.616100 -0.950200 -2.225200 -0.639200 -3.493600 -3.087100 -19.934700 -32.902300 -14.074100 
0.130000 -4.237400 -0.627000 -2.773900 -1.251700 -4.325700 -2.391500 -5.077100 -2.373700 -16.411700 -38.867000 -35.268700 
0.132000 -2.996500 -2.224100 -1.434400 -1.846200 -3.233600 -1.963300 -7.400200 -3.144200 -17.546300 -36.454300 -27.628700 
0.134000 -2.193600 -1.376600 -1.831500 -0.799100 -1.398400 -1.916300 -7.582800 -3.363500 -12.408800 -61.648200 -17.324900 
0.136000 -3.256600 -1.551600 -0.529300 -2.011700 -2.761200 -2.506900 -3.712800 -5.794700 -14.520400 -58.628700 -8.280200 
0.138000 -4.035700 -3.124600 -3.990800 -2.331500 -1.473900 -2.238400 -8.622300 -4.346800 -10.518300 -52.930100 -16.655000 
0.140000 -3.149600 -2.749400 -2.748600 -3.043000 -1.148600 -3.519400 -5.677700 -4.175200 -3.921700 -28.315500 -17.134900 
0.142000 -5.432900 -3.528900 -2.917800 -1.117300 -1.316600 -5.957200 -7.556100 -5.393700 -12.448100 -30.872500 -16.479300 
0.144000 -2.011600 -2.503000 -2.639800 -0.727000 -4.895900 -3.949900 -6.275800 -7.151300 -4.059900 -36.202800 -17.393900 
0.146000 -2.546300 -2.018600 -3.263700 -0.437900 -1.340000 -3.977600 -4.765600 -4.500800 -4.384600 -48.458600 -11.166500 
0.148000 -2.842900 -0.980800 -3.415200 -1.312500 -2.450500 -4.409300 -12.334300 -3.918000 -5.750400 -31.834000 -21.717800 
0.150000 -4.540800 -3.285400 -0.858400 -0.267600 -0.881700 -3.067300 -7.744900 -5.883900 -9.733500 -20.746300 -14.823100 
0.152000 -2.506400 -3.345000 -1.984800 -2.239700 -0.822500 -4.400500 -8.744400 -7.755700 -4.721400 -25.583400 -17.970600 
0.154000 -2.556800 -0.580600 -2.942500 -2.641800 -1.699400 -4.678800 -7.905300 -3.947500 -17.702700 -28.128400 -20.801800 
0.156000 -1.621100 -1.293200 -2.239500 -0.474400 -4.554300 -3.645500 -6.958200 -5.171100 -9.230500 -24.089100 -24.729300 
0.158000 -3.285800 -1.863900 -3.391200 -1.655400 -1.651400 -3.203400 -7.562200 -4.011300 -9.980600 -21.795200 -15.074600 
0.160000 -2.470300 -2.006400 -1.884700 -3.803600 -1.894400 -2.433900 -5.042400 -2.355700 -9.985300 -38.251900 -17.490200 
0.162000 -1.884300 -1.208900 -3.710300 -0.509200 -5.069300 -2.250700 -8.988700 -7.952900 -10.334200 -25.297200 -11.351000 
0.164000 -2.748900 -3.222800 -1.388200 -0.910100 -1.361500 -1.545100 -8.976500 -7.503900 -8.813300 -20.863300 -26.358100 
0.166000 -2.280600 -0.537900 -1.234500 -0.770000 -2.730200 -1.100200 -5.297000 -7.115900 -12.389600 -29.149800 -25.641000 
0.168000 -3.548300 -1.377200 -4.212900 -1.151300 -2.547600 -2.538200 -4.878500 -4.232400 -7.516000 -43.032000 -15.393500 
0.170000 -1.702900 -2.189800 -3.376200 -1.801900 -1.983300 -0.838900 -8.123100 -5.744900 -10.380900 -34.039400 -13.392100 
0.172000 -2.222800 -0.775300 -4.969700 -1.847300 -3.329400 -4.050700 -9.406000 -4.901800 -16.352500 -28.762800 -15.810800 
0.174000 -5.085700 -0.829900 -1.556800 -1.156500 -2.916500 -1.501000 -6.631300 -5.297100 -7.459300 -26.252000 -17.244300 
0.176000 -1.953100 -1.714000 -2.775100 -1.922500 -2.431900 -3.635500 -9.601700 -3.936600 -12.196600 -28.333800 -16.659600 
0.178000 -2.745600 -3.478200 -2.623200 -2.399700 -1.600100 -3.769400 -6.748700 -4.162500 -15.534200 -28.856600 -23.018200 
0.180000 -2.592800 -3.835700 -3.436300 -0.849500 -2.259700 -4.706600 -11.325800 -3.982000 -10.435100 -17.175200 -26.003200 
0.182000 -0.644900 -2.594200 -2.358800 -2.882700 -3.066500 -3.095500 -7.323600 -4.154400 -7.958900 -22.140400 -21.330900 
0.184000 -1.414900 -2.590300 -4.314000 -2.397100 -1.057700 -3.433100 -9.911600 -2.707000 -9.173900 -31.962300 -14.778000 
0.186000 -3.888600 -1.259400 -0.870800 -2.364500 -2.684000 -4.136700 -9.513300 -2.421000 -7.883100 -20.596200 -29.732700 
0.188000 -2.422300 -1.759600 -2.493800 -1.336700 -1.607800 -3.449500 -9.730400 -1.962200 -16.998500 -30.267600 -24.480500 
0.190000 -3.550900 -1.321300 -4.324200 -1.997900 -0.966100 -2.229200 -5.588300 -3.788400 -8.861300 -14.782500 -36.903000 
0.192000 -2.194200 -3.167000 -3.080900 -1.440200 -3.492800 -4.671300 -7.083000 -6.662500 -10.769600 -18.057700 -22.701800 
0.194000 -3.013900 -1.630400 -1.801000 -2.149500 -5.260300 -4.213300 -10.558600 -8.200800 -8.641000 -19.315300 -27.756800 
0.196000 -3.460700 -1.972100 -1.653100 -0.544000 -1.207300 -2.218800 -10.294300 -5.374200 -14.734900 -15.514000 -15.476300 
0.198000 -5.335700 -2.467400 -3.370200 -1.522900 -3.641400 -2.132300 -4.272700 -8.410100 -10.600000 -17.527300 -15.969600 
0.200000 -2.753900 -1.905900 -6.186900 -3.907100 -1.790700 -1.998700 -5.828700 -8.634000 -13.439500 -21.976600 -11.908400 
0.202000 -2.850400 -0.674500 -2.500100 -1.881300 -3.149400 -1.211300 -6.799900 -3.959600 -8.536200 -14.176400 -14.485500 
0.204000 -3.314300 -1.178900 -4.494000 -2.869400 -2.067000 -3.514800 -9.806300 -8.377400 -12.417000 -20.786100 -10.439300 
0.206000 -3.351600 -1.103100 -2.783000 -1.892500 -1.705000 -4.684600 -4.457000 -4.774400 -5.438400 -25.275600 -9.355400 
0.208000 -3.409600 -1.004800 -5.665500 -0.853300 -2.941500 -4.114600 -7.783500 -6.672000 -11.025000 -11.178100 -14.496100 
0.210000 -2.730200 -1.218300 -3.297700 -3.393000 -2.944200 -3.989100 -6.013700 -5.406300 -6.766100 -16.647900 -28.903400 
0.212000 -4.432300 -2.556700 -4.543200 -1.115200 -0.984100 -4.117300 -7.438400 -5.550200 -5.824700 -15.820100 -12.449800 
0.214000 -1.960100 -2.266000 -2.816700 -1.417100 -2.118100 -5.294600 -4.955200 -5.484700 -5.230100 -16.135900 -19.628000 
0.216000 -2.407200 -2.577600 -4.530300 -1.450200 -1.011300 -3.697000 -4.349400 -4.722600 -7.858900 -20.764900 -13.494700 
0.218000 -1.744800 -1.324700 -2.582500 -1.328500 -1.349700 -5.065400 -6.153400 -4.280500 -13.407200 -25.905600 -23.336200 
0.220000 -1.898400 -2.305100 -3.953800 -1.047400 -1.373700 -1.668200 -7.801600 -11.495400 -8.939300 -13.826300 -44.208500 
0.222000 -4.277000 -0.810300 -3.456600 -1.114800 -1.958800 -3.561300 -6.666000 -5.475200 -4.448300 -14.275600 -16.820400 
0.224000 -2.213100 -1.173400 -2.209200 -2.227400 -4.592900 -3.474000 -7.361100 -7.463200 -8.043900 -23.122800 -40.126200 
0.226000 -1.996700 -2.132100 -2.164300 -0.876800 -3.889200 -5.635800 -4.351600 -7.528400 -2.158900 -16.559100 -19.655200 
0.228000 -2.577300 -1.390300 -2.664600 -4.771600 -4.591400 -4.262300 -4.525600 -4.447200 -8.565500 -23.119600 -18.177200 
0.230000 -1.613900 -1.463600 -3.594400 -0.922000 -4.086100 -6.625400 -5.442900 -4.318700 -8.030200 -21.854600 -59.733300 
0.232000 -3.270000 -2.188800 -3.807900 -0.799500 -0.610800 -4.012000 -7.521400 -5.084800 -12.766100 -33.961400 -18.905600 
0.234000 -2.234800 -0.764100 -3.116700 -0.597200 -1.110400 -1.550500 -5.989900 -3.871700 -8.813700 -24.288500 -24.980500 
0.236000 -2.630100 -2.630200 -4.334400 -1.270900 -1.619800 -2.106400 -5.695100 -5.526800 -7.395800 -13.703600 -32.191000 
0.238000 -4.009000 -2.206300 -4.081500 -2.556600 -3.111800 -2.315500 -9.683700 -2.508600 -7.344400 -24.387900 -24.457700 
0.240000 -2.577800 -2.960800 -8.403000 -1.202400 -1.908700 -1.648800 -9.459600 -5.729000 -4.849000 -18.867700 -14.657000 
0.242000 -2.774400 -0.702000 -3.558400 -1.831700 -3.015000 -2.315900 -5.554500 -5.531200 -10.277700 -17.225100 -32.094300 
0.244000 -1.882500 -3.110200 -2.023700 -2.334100 -0.902700 -4.982900 -4.357400 -3.797400 -4.200400 -12.126700 -26.367500 
0.246000 -2.956600 -3.282500 -4.703200 -1.204100 -4.120300 -2.607700 -7.547500 -5.845800 -8.102900 -26.824100 -33.780500 
0.248000 -1.447600 -1.434200 -4.863700 -0.735300 -1.272300 -1.318800 -7.591500 -4.467500 -2.261100 -14.095900 -13.627000 
0.250000 -2.427000 -0.614300 -6.214800 -2.102000 -3.091300 -3.558200 -5.060100 -5.334400 -2.688200 -19.172000 -20.501600 
0.252000 -2.257200 -0.831900 -1.434500 -3.966300 -1.547000 -1.350500 -4.827800 -4.418800 -2.303500 -14.201700 -22.779200 
0.254000 -2.730400 -1.609200 -5.408800 -1.237600 -1.270400 -1.686500 -6.355500 -3.840100 -3.310800 -17.386600 -22.471300 
0.256000 -2.080500 -0.489900 -3.362800 -1.711100 -3.026500 -4.217800 -5.511700 -4.483000 -10.267600 -30.680800 -18.786700 
0.258000 -1.843500 -3.162300 -1.226600 -1.902500 -6.582600 -2.778000 -5.989400 -5.465900 -6.250000 -22.525100 -18.872100 
0.260000 -2.837600 -0.745600 -5.980900 -4.210300 -1.793300 -1.846600 -8.068700 -3.705800 -3.838900 -21.981300 -39.405900 
0.262000 -2.596100 -1.217100 -4.469300 -2.835100 -3.675600 -3.588600 -5.067500 -5.508600 -4.076100 -16.369900 -23.822100 
0.264000 -3.304400 -4.348600 -4.626700 -6.415500 -2.856200 -1.936000 -17.208800 -5.309700 -5.577900 -27.211500 -23.662200 
0.266000 -2.377400 -1.603500 -6.270700 -2.078000 -1.759700 -3.179600 -7.161400 -7.393700 -1.786100 -26.359300 -18.382300 
0.268000 -2.739700 -3.658100 -2.769600 -3.480900 -1.722700 -2.744200 -9.761300 -4.153500 -4.010700 -26.136900 -14.223700 
0.270000 -1.744900 -1.819700 -2.984900 -2.235100 -2.664100 -1.539000 -6.386900 -9.045300 -3.716300 -22.365700 -33.363900 
0.272000 -1.612500 -1.658100 -4.358100 -2.288800 -2.447100 -2.484900 -5.558500 -6.351100 -14.452600 -27.842800 -25.966800 
0.274000 -2.980400 -1.374200 -4.211900 -3.913800 -2.366100 -1.235900 -3.461300 -5.324700 -13.122300 -15.279900 -37.552200 
0.276000 -2.465500 -0.893600 -3.593600 -2.252700 -1.993600 -1.745800 -4.517900 -8.472200 -7.557700 -22.845900 -34.417900 
0.278000 -5.458900 -0.530100 -2.913900 -3.061000 -1.705600 -3.768500 -4.004100 -8.020600 -3.681200 -36.479400 -19.726600 
0.280000 -3.003700 -0.520200 -2.178900 -2.074500 -3.540300 -10.419500 -3.635600 -4.411300 -8.864700 -22.181500 -10.932300 
0.282000 -2.511400 -1.954600 -3.430900 -0.329000 -3.286000 -3.691400 -5.430600 -2.872700 -9.512900 -34.758900 -16.783900 
0.284000 -2.137100 -1.236600 -3.397500 -1.466800 -3.174900 -2.179100 -7.074900 -3.654100 -4.716100 -28.014000 -13.327200 
0.286000 -3.460800 -1.925500 -2.418400 -0.978200 -3.674100 -3.763500 -6.413800 -3.557200 -8.254100 -16.985100 -30.068500 
0.288000 -2.609400 -1.479600 -4.273200 -2.089500 -3.548600 -2.676800 -5.028000 -3.903300 -5.063100 -27.531800 -23.057900 
0.290000 -3.092500 -1.689100 -3.492400 -3.077300 -2.540100 -1.018200 -4.615800 -3.160700 -4.421400 -30.206500 -28.038700 
0.292000 -0.684400 -2.118700 -3.075400 -2.163100 -2.727200 -4.854500 -6.571900 -7.347500 -14.235600 -43.469200 -21.897600 
0.294000 -6.312100 -0.421500 -7.712300 -1.466200 -2.722800 -1.938200 -6.183700 -4.138400 -12.188700 -31.323200 -9.686400 
0.296000 -1.955400 -2.820000 -4.459200 -3.432400 -5.170000 -3.782400 -4.612100 -4.696600 -9.873000 -34.053500 -19.490000 
0.298000 -1.978200 -1.967100 -3.656000 -2.361200 -2.579100 -1.899600 -4.163600 -6.244600 -17.401200 -22.533600 -10.726700 
0.300000 -2.904000 -1.564800 -4.604500 -1.036000 -3.553800 -2.034700 -3.460800 -3.678900 -16.309500 -22.701000 -22.443600 
0.302000 -3.046800 -2.262600 -1.557700 -1.711800 -1.707700 -2.485200 -6.250900 -7.693300 -10.822300 -38.362600 -24.677900 
0.304000 -3.912100 -0.980600 -6.156500 -1.518800 -3.397200 -2.739900 -7.084200 -3.883600 -11.313200 -36.241900 -21.840800 
0.306000 -2.574900 -0.938900 -4.513100 -2.917200 -1.656900 -3.270300 -4.862700 -2.689100 -9.234600 -36.089100 -16.924400 
0.308000 -2.576600 -2.923600 -3.874000 -1.372200 -0.645500 -2.280200 -5.893600 -6.762700 -12.497200 -29.644700 -13.632300 
0.310000 -1.387100 -0.603300 -4.085300 -2.778400 -2.559500 -4.120200 -7.391400 -3.913700 -7.553000 -44.480600 -16.650300 
0.312000 -1.933200 -1.247200 -3.175600 -1.316000 -1.682900 -1.618200 -6.054700 -6.020700 -17.111200 -32.059400 -24.020200 
0.314000 -1.840500 -1.074300 -3.082100 -0.862000 -2.522300 -4.253100 -4.612400 -7.073000 -22.312300 -43.152200 -20.362200 
0.316000 -3.413300 -1.011600 -2.668200 -1.087700 -2.070700 -2.877300 -7.679100 -2.828500 -11.115000 -32.553500 -31.904600 
0.318000 -1.319500 -1.935100 -3.283200 -0.975300 -2.297500 -2.876300 -3.932900 -4.027000 -13.775800 -28.427200 -18.053200 
0.320000 -1.490000 -0.856400 -4.523300 -0.527900 -2.018700 -1.935100 -5.239000 -4.875700 -13.536000 -36.895400 -24.087500 
0.322000 -1.507500 -1.435100 -2.603500 -2.614000 -2.495500 -7.984100 -6.520000 -5.693300 -16.649600 -20.017900 -21.498800 
0.324000 -2.573900 -1.532000 -5.245800 -0.901100 -1.479500 -2.140100 -5.661500 -4.225200 -10.233700 -28.229200 -26.046100 
0.326000 -2.328900 -1.559300 -3.046000 -1.801600 -1.811300 -5.295300 -4.867600 -4.408700 -19.541000 -51.056200 -17.241700 
0.328000 -1.173300 -0.701400 -1.898000 -0.631600 -3.051000 -5.437700 -5.378000 -13.795000 -10.477700 -21.886500 -13.445400 
0.330000 -2.687900 -1.437400 -3.967500 -2.602500 -1.237600 -2.753600 -6.248300 -7.420100 -2.307300 -21.468900 -29.414100 
0.332000 -2.257100 -1.108600 -2.832000 -0.827700 -3.962500 -1.559900 -6.546300 -8.407600 -2.639900 -37.944400 -15.262100 
0.334000 -2.217600 -0.195500 -3.918700 -0.778400 -1.033500 -1.005300 -3.423700 -3.536200 -6.743000 -25.976900 -22.761100 
0.336000 -2.403300 -1.107000 -2.507400 -1.350600 -2.471900 -2.894100 -7.066200 -3.368600 -4.313700 -30.309300 -12.176800 
0.338000 -2.609000 -1.477300 -3.405700 -0.604800 -2.865100 -2.716200 -6.129700 -2.813000 -3.363900 -20.804100 -24.207600 
0.340000 -3.054300 -1.341100 -5.222800 -2.850100 -2.923800 -1.301600 -9.400100 -3.699000 -4.506700 -32.601300 -25.550100 
0.342000 -1.374300 -1.567100 -2.734100 -2.265100 -2.340700 -2.424200 -8.147300 -6.249300 -5.759600 -35.936300 -45.918500 
0.344000 -4.652200 -2.608300 -3.269300 -1.101400 -2.621600 -1.525500 -14.014100 -6.751600 -1.335900 -25.301000 -18.273500 
0.346000 -3.826600 -1.701300 -3.988000 -0.963200 -2.864600 -3.142300 -5.315200 -5.057900 -3.204200 -25.587400 -22.078400 
0.348000 -4.808400 -0.767000 -2.858400 -0.400800 -2.572100 -4.196400 -6.850400 -9.242600 -4.745500 -47.632900 -32.465800 
0.350000 -2.982100 -0.717600 -4.788800 -1.392200 -1.634200 -3.153500 -7.593500 -5.037400 -7.209000 -21.250600 -35.717200 
0.352000 -2.167300 -3.011300 -2.230400 -1.485600 -2.702700 -2.087100 -7.034800 -5.468300 -4.479300 -36.450400 -30.736800 
0.354000 -2.316800 -3.186200 -1.891400 -1.433600 -1.754100 -3.925200 -7.392400 -6.112100 -4.796800 -22.670600 -23.359400 
0.356000 -1.899600 -1.134300 -6.836300 -0.924000 -1.759300 -3.041900 -7.536400 -2.708700 -4.392800 -23.348200 -15.844600 
0.358000 -4.369300 -0.580600 -6.209200 -1.211200 -1.908100 -5.362400 -8.171900 -4.007200 -7.503300 -18.256800 -18.776300 
0.360000 -1.864700 -3.029000 -5.226500 -1.703600 -4.900400 -10.330200 -6.384300 -3.954600 -3.216700 -22.560100 -20.233600 
0.362000 -2.543600 -2.135200 -3.117700 -0.369100 -1.106100 -6.669000 -6.414000 -3.351100 -4.831900 -19.627100 -5.787500 
0.364000 -3.581900 -2.556500 -4.151100 -0.626000 -1.137000 -5.043200 -6.354000 -1.922400 -10.422500 -42.710700 -21.979500 
0.366000 -3.623200 -3.179200 -2.139100 -2.093200 -2.222000 -3.265500 -9.491900 -3.135000 -5.882200 -23.403200 -19.978700 
0.368000 -1.769300 -2.693300 -2.862600 -1.361700 -3.415200 -2.234000 -5.417900 -8.585800 -9.547000 -16.102600 -23.064600 
0.370000 -2.215400 -2.910500 -1.642100 -3.379700 -1.421600 -4.871000 -7.977300 -1.261200 -10.996000 -41.143200 -14.706200 
0.372000 -3.425100 -1.396100 -2.842000 -1.991500 -3.611300 -4.964200 -6.804200 -3.785600 -10.334100 -22.958800 -15.330400 
0.374000 -3.180000 -0.787900 -3.180200 -1.278000 -3.112700 -3.885200 -7.500200 -4.001900 -7.331700 -20.007400 -5.189800 
0.376000 -4.274800 -1.555100 -5.358800 -1.454000 -2.836200 -2.725700 -6.046800 -4.878900 -7.820000 -12.157400 -6.524300 
0.378000 -3.353600 -1.993800 -3.989900 -1.083000 -1.882200 -2.453600 -3.822400 -5.353900 -13.206900 -30.597200 -5.502000 
0.380000 -2.043300 -2.767900 -4.463900 -2.520200 -0.819800 -2.240800 -8.393400 -3.490700 -8.852900 -19.215500 -35.577200 
0.382000 -1.857400 -3.881500 -1.960800 -0.539100 -1.750500 -3.124200 -8.595800 -5.370700 -5.044700 -35.217700 -25.483700 
0.384000 -3.372300 -1.144900 -2.287900 -1.598700 -2.618300 -3.829800 -17.245100 -4.443700 -3.325500 -32.583000 -11.803400 
0.386000 -1.920600 -1.130600 -2.813900 -1.162800 -3.168200 -3.226900 -8.848400 -6.985700 -8.298100 -39.034900 -14.772500 
0.388000 -3.924200 -0.894700 -5.229800 -2.824400 -4.279700 -3.295900 -4.675000 -3.598200 -9.029100 -19.737300 -14.124400 
0.390000 -3.669500 -1.566300 -3.556400 -0.564200 -1.508500 -4.079100 -5.974000 -6.927900 -3.667600 -20.402600 -11.754100 
0.392000 -3.629500 -2.042100 -1.747100 -1.139900 -1.547500 -4.559700 -7.297700 -6.255800 -5.827600 -29.456800 -26.450300 
0.394000 -3.107800 -0.605900 -3.633800 -3.756600 -2.822500 -4.353400 -6.014100 -4.841300 -7.318600 -12.253500 -14.525500 
0.396000 -2.602000 -2.204700 -4.932500 -0.758600 -1.733800 -3.506400 -6.515400 -2.389300 -6.539500 -27.152000 -15.559400 
0.398000 -2.736700 -1.590300 -6.366700 -0.380900 -2.017300 -2.041400 -7.056000 -3.368800 -8.015600 -28.882900 -10.352400 
0.400000 -3.693000 -3.801200 -6.409900 -1.587200 -3.145000 -2.971600 -7.488700 -2.777200 -5.483500 -27.275700 -14.877100 
0.402000 -2.854100 -1.759200 -4.175100 -0.735600 -1.539200 -4.623200 -6.163300 -3.641100 -3.214400 -36.478100 -16.319400 
0.404000 -1.796700 -0.493300 -3.163000 -0.804300 -2.371500 -2.718900 -6.000700 -6.350700 -10.018800 -19.378700 -8.243200 
0.406000 -1.401900 -1.164000 -2.976800 -0.864800 -2.886100 -3.495600 -4.865400 -6.645400 -10.655400 -22.672500 -7.172600 
0.408000 -2.769700 -1.036600 -4.173900 -0.583500 -3.032900 -3.264800 -5.688300 -7.132100 -6.485700 -17.881100 -10.857200 
0.410000 -2.947400 -0.804100 -3.357400 -1.662000 -2.909900 -7.950900 -15.449300 -7.083700 -8.506100 -13.870000 -17.405400 
0.412000 -1.107300 -0.559500 -3.619700 -0.416200 -2.236100 -3.959900 -3.899500 -6.542800 -6.720100 -35.617500 -14.714200 
0.414000 -4.490200 -0.539200 -3.815400 -1.259700 -1.341100 -5.037900 -8.058300 -9.505600 -9.878300 -41.922400 -15.647800 
0.416000 -1.755600 -2.353500 -2.231100 -1.229200 -1.915000 -3.495800 -3.520100 -3.704400 -7.345600 -30.561400 -15.753700 
0.418000 -2.355600 -1.068000 -7.240200 -0.817200 -1.122200 -2.784800 -3.901900 -3.588000 -3.421800 -17.462000 -7.543500 
0.420000 -3.045400 -0.939600 -5.302100 -1.643200 -2.145300 -4.501300 -3.099000 -4.069800 -5.846100 -13.029300 -9.256600 
0.422000 -1.302200 -2.054500 -5.501300 -1.679700 -2.952200 -5.513200 -5.092900 -5.110200 -6.351300 -14.749400 -19.649600 
0.424000 -3.006900 -2.126900 -2.724600 -0.582300 -1.504000 -1.904800 -4.063500 -8.100800 -12.883700 -18.089200 -17.013800 
0.426000 -2.306200 -1.029400 -5.552600 -1.082900 -3.115500 -4.243100 -5.260900 -6.403700 -14.841600 -30.081300 -11.861500 
0.428000 -2.832300 -1.817900 -2.846200 -0.716300 -2.191300 -4.743000 -7.368900 -8.687200 -15.644000 -14.519100 -14.325900 
0.430000 -3.510400 -0.597600 -4.030500 -0.999500 -1.786300 -3.708300 -7.768900 -5.548400 -7.537200 -21.236500 -8.177400 
0.432000 -2.196400 -0.343300 -4.920800 -0.443600 -2.045300 -5.927700 -7.042500 -4.584400 -4.037800 -15.224600 -21.245000 
0.434000 -1.519700 -3.953200 -2.339500 -1.568500 -2.314100 -3.059700 -4.039100 -5.562400 -9.158200 -30.452600 -10.412100 
0.436000 -2.410600 -2.119000 -3.970700 -3.152400 -2.077900 -3.037300 -6.008600 -5.359600 -9.303400 -24.196800 -33.994300 
0.438000 -2.931700 -0.842300 -4.432800 -2.077200 -1.255200 -2.538100 -9.532600 -5.081200 -17.438500 -42.545200 -11.368600 
0.440000 -1.737100 -0.942300 -3.155300 -0.929400 -1.161400 -3.594700 -4.622000 -5.940200 -3.897800 -26.863900 -17.377100 
0.442000 -3.535200 -1.128900 -6.274900 -1.372200 -1.068700 -3.316100 -5.518900 -5.661400 -10.673800 -36.891700 -18.363600 
0.444000 -3.355100 -2.166200 -4.501200 -1.117200 -1.563000 -3.974100 -5.283400 -4.407000 -9.778100 -21.124300 -24.681600 
0.446000 -2.481800 -1.330500 -4.361400 -5.229500 -2.404100 -4.842700 -4.018100 -7.211800 -4.210300 -18.897800 -46.572700 
0.448000 -3.535400 -3.259900 -3.767900 -1.931500 -2.317500 -4.654900 -6.205000 -1.721700 -11.966300 -21.829500 -34.595100 
0.450000 -2.847400 -4.118300 -4.700600 -1.179700 -1.414200 -5.799500 -10.680900 -5.376900 -20.916000 -20.891900 -22.808800 
0.452000 -2.593600 -0.830300 -5.697200 -1.340900 -1.236000 -4.934500 -6.879700 -7.158800 -9.980500 -24.458900 -32.107200 
0.454000 -1.813300 -2.922700 -5.320400 -0.600800 -2.069100 -7.853200 -9.473400 -2.879400 -5.797500 -39.959600 -25.626100 
0.456000 -2.433200 -1.344200 -4.548600 -1.758200 -2.087000 -5.846900 -5.597700 -4.117700 -7.464700 -74.388100 -27.527700 
0.458000 -3.220000 -3.208300 -4.032500 -0.757500 -1.961800 -4.589700 -4.433900 -6.380100 -7.642700 -68.282700 -11.608700 
0.460000 -3.105500 -1.575600 -5.695100 -0.673000 -2.108200 -3.127900 -6.298300 -12.531900 -8.078200 -54.306700 -27.892100 
0.462000 -2.147100 -3.180900 -2.895000 -0.844900 -2.065300 -2.392400 -5.654900 -4.821500 -9.336900 -43.902400 -16.390000 
0.464000 -2.424100 -2.962300 -4.101200 -0.609200 -1.316400 -2.483100 -6.499500 -8.828700 -10.519100 -71.549600 -15.681800 
0.466000 -1.914200 -2.789900 -3.503700 -1.654900 -3.329000 -3.412400 -2.771400 -4.602300 -8.804100 -35.304600 -18.807600 
0.468000 -3.435000 -2.543700 -4.157700 -1.201500 -1.141100 -1.424500 -4.195700 -8.157000 -10.051800 -32.406700 -16.020500 
0.470000 -2.097200 -2.893800 -6.487100 -2.208200 -1.510300 -3.570300 -5.473900 -5.398900 -3.321400 -48.100300 -21.942000 
0.472000 -3.199200 -3.306100 -4.096300 -1.773200 -1.593300 -2.881800 -6.460800 -6.495800 -10.843200 -31.516200 -19.648900 
0.474000 -1.725900 -3.007100 -2.887900 -1.608800 -1.824700 -3.792400 -9.579900 -8.708500 -9.535600 -20.277800 -20.009200 
0.476000 -3.837200 -0.782700 -3.553400 -1.157900 -1.859800 -4.451400 -6.560400 -5.739600 -8.430300 -21.905000 -16.444200 
0.478000 -2.945100 -2.430000 -4.569400 -2.883000 -3.248900 -3.314400 -7.813200 -5.730000 -7.600400 -29.679900 -14.651200 
0.480000 -3.385800 -3.346700 -3.523300 -0.721300 -2.487500 -2.945400 -7.421300 -3.641900 -7.814400 -29.347900 -23.238100 
0.482000 -4.301100 -2.517100 -3.622800 -0.565600 -2.526000 -6.814500 -12.300400 -4.535000 -9.549400 -19.738800 -11.877400 
0.484000 -1.110200 -0.947600 -5.252000 -2.772500 -2.618900 -2.214800 -9.129900 -3.605200 -9.008200 -23.627900 -9.478100 
0.486000 -3.377200 -1.768200 -3.773200 -2.261600 -3.195600 -3.769800 -6.852200 -5.060400 -7.886300 -18.638800 -11.727800 
0.488000 -1.937000 -2.200300 -2.325600 -0.950100 -0.676300 -2.841200 -6.698700 -8.018000 -10.714800 -28.175100 -18.807800 
0.490000 -3.128500 -1.431800 -2.922700 -2.089100 -0.987000 -4.253200 -6.443100 -5.528800 -9.023300 -19.973600 -24.706800 
0.492000 -2.529000 -1.982300 -3.456000 -4.422700 -1.642400 -1.846200 -8.005700 -5.402600 -11.958400 -15.316000 -38.066000 
0.494000 -4.721900 -1.270800 -4.253700 -2.490000 -0.827900 -3.649800 -7.920000 -4.676700 -9.849100 -18.299100 -27.413700 
0.496000 -2.593000 -2.066000 -3.727000 -0.819400 -3.110300 -5.058100 -11.632200 -4.012700 -2.659800 -13.617000 -16.596800 
0.498000 -2.861200 -2.416900 -3.044300 -3.113900 -1.885300 -4.226000 -7.745100 -5.570900 -9.810800 -9.582400 -11.601400 
0.500000 -4.223600 -1.682300 -5.061100 -1.735000 -1.182400 -4.176400 -13.957400 -4.161600 -6.209000 -7.832900 -9.005300 
0.502000 -2.113000 -1.625300 -3.461700 -1.521700 -0.580600 -2.834000 -9.471400 -8.082500 -8.012800 -10.736700 -13.787500 
0.504000 -2.986400 -1.611000 -4.501100 -2.364600 -2.076600 -1.425800 -9.163200 -4.398300 -12.204700 -9.951100 -8.229300 
0.506000 -1.092000 -0.746300 -3.563100 -2.157800 -1.085000 -2.906000 -5.024300 -2.852600 -8.703100 -9.796300 -8.766800 
0.508000 -2.168800 -0.959100 -4.201300 -2.749600 -1.615700 -3.099200 -9.111700 -3.780600 -6.173200 -17.068800 -17.832700 
0.510000 -2.075400 -1.630900 -6.520100 -3.683200 -0.865800 -6.250500 -4.860600 -7.521200 -16.342400 -27.003900 -9.484700 
0.512000 -2.300900 -0.868300 -5.142900 -2.146600 -1.556700 -6.340100 -5.588000 -6.075100 -3.134300 -32.128300 -10.714700 
0.514000 -2.203900 -2.683400 -7.564800 -1.286000 -1.530500 -3.293900 -7.304600 -11.887300 -10.681100 -24.175700 -7.124800 
0.516000 -3.645800 -1.182700 -5.523000 -3.176900 -1.317300 -1.829000 -8.118600 -6.201400 -8.700100 -15.150300 -6.789100 
0.518000 -4.972900 -1.958600 -5.828600 -3.000300 -0.480900 -1.097200 -6.486300 -4.296200 -2.422700 -13.871600 -8.785200 
0.520000 -2.796100 -1.418900 -6.327400 -1.096600 -1.806600 -2.777700 -7.340400 -13.684200 -5.519100 -27.074400 -28.605600 
0.522000 -2.813300 -2.637400 -5.537100 -2.029200 -2.927800 -3.980700 -5.731800 -5.371200 -6.186800 -16.997300 -7.638900 
0.524000 -1.494900 -2.923900 -4.370700 -1.610000 -1.947200 -1.777100 -4.382900 -5.765800 -3.208300 -17.740200 -20.944000 
0.526000 -1.931400 -0.395300 -6.458300 -1.308900 -2.335200 -4.341500 -4.515300 -4.105900 -10.138000 -14.003700 -12.028700 
0.528000 -2.289400 -3.888500 -3.632100 -4.382800 -1.678800 -1.654800 -6.012500 -2.238400 -11.240700 -13.265500 -10.118800 
0.530000 -3.473900 -1.884400 -4.805300 -1.711000 -1.427900 -2.918700 -4.836000 -4.485300 -14.986000 -20.966400 -19.814500 
0.532000 -2.475400 -2.014300 -5.035300 -2.437400 -2.304800 -2.707900 -4.544400 -2.838500 -9.954500 -13.700300 -19.661500 
0.534000 -1.354800 -2.628000 -5.593000 -1.611400 -1.485700 -1.528000 -4.220900 -2.556200 -7.250100 -19.112500 -16.664500 
0.536000 -2.393800 -2.362400 -3.295000 -2.097600 -1.652300 -4.683500 -6.566200 -2.827400 -10.078200 -28.167300 -22.416900 
0.538000 -0.755000 -2.107700 -3.031000 -1.154700 -2.505500 -1.159400 -2.890400 -3.457400 -14.224600 -42.874800 -13.725600 
0.540000 -2.626200 -3.067800 -4.855400 -4.016400 -2.212900 -2.325900 -6.117900 -1.452700 -4.242200 -17.034700 -16.596400 
0.542000 -1.839000 -1.212700 -3.190000 -1.725900 -2.942300 -1.787500 -3.665200 -4.326100 -7.394200 -20.612400 -10.701200 
0.544000 -0.399900 -0.875300 -3.187500 -2.543300 -1.063300 -1.956800 -4.662500 -3.865100 -8.725100 -21.537800 -5.628800 
0.546000 -1.890900 -1.007200 -2.547000 -2.178500 -2.876000 -2.266300 -7.049600 -3.473900 -6.789500 -13.628700 -21.970000 
0.548000 -2.709000 -0.697300 -7.132800 -2.190700 -1.667100 -2.128400 -6.846800 -5.532400 -17.249000 -34.313700 -12.750100 
0.550000 -1.538300 -0.723000 -4.227400 -1.382300 -1.575500 -3.120100 -7.495000 -6.473000 -5.586800 -24.331200 -11.340300 
0.552000 -2.401100 -1.240200 -2.941600 -2.752100 -2.955600 -1.903900 -5.920600 -4.724600 -14.053400 -36.656000 -11.611700 
0.554000 -4.578100 -0.619100 -3.500700 -2.519100 -1.396300 -5.025400 -5.212600 -5.502300 -7.315500 -31.767400 -11.918200 
0.556000 -2.606300 -2.909800 -2.822700 -1.380400 -1.219400 -3.235200 -3.158600 -6.648500 -2.993000 -27.028900 -11.471100 
0.558000 -2.712800 -1.357900 -3.214300 -1.465600 -1.237000 -3.303400 -6.354200 -9.556000 -9.260400 -26.785800 -9.055400 
0.560000 -1.970900 -0.967000 -5.681300 -2.249200 -2.290100 -3.721400 -7.020900 -3.033600 -5.233600 -22.173400 -6.522600 
0.562000 -1.532100 -0.548900 -3.424600 -0.991000 -3.040300 -3.068800 -6.790400 -3.761900 -15.685500 -27.139900 -20.212600 
0.564000 -3.177900 -2.246100 -3.171500 -2.759500 -2.493400 -1.861600 -8.404100 -5.532100 -9.753000 -15.933200 -16.261800 
0.566000 -1.782700 -0.904800 -4.429200 -1.230900 -1.154200 -2.847000 -5.481900 -5.136000 -14.407800 -19.953100 -5.970800 
0.568000 -1.384500 -1.663900 -5.679000 -3.249700 -1.392800 -5.070400 -6.313900 -3.012400 -12.624100 -21.868000 -8.510500 
0.570000 -1.651400 -0.475800 -3.131500 -0.689100 -3.704200 -3.053500 -4.187000 -1.823700 -6.234900 -17.776400 -10.177200 
0.572000 -1.094800 -1.551100 -3.137000 -2.389800 -0.506200 -3.628300 -10.847800 -1.936100 -7.685600 -13.307600 -14.269100 
0.574000 -1.782800 -2.538100 -2.790300 -0.694100 -1.095800 -2.203000 -5.089000 -3.488900 -9.651500 -36.364600 -25.985000 
0.576000 -0.984400 -2.710700 -5.130700 -0.701800 -2.716800 -2.050500 -5.671200 -2.555500 -8.002000 -30.192400 -18.301600 
0.578000 -1.955400 -0.769700 -3.853800 -3.574600 -1.728200 -2.177900 -5.045500 -0.777600 -8.043400 -34.557400 -13.228000 
0.580000 -1.940900 -2.290700 -4.909200 -1.183500 -2.064600 -2.171900 -3.579600 -1.784700 -4.195900 -35.773900 -31.917300 
0.582000 -0.104600 -2.611200 -4.459900 -2.485600 -0.527000 -2.152000 -5.050000 -2.323100 -8.695000 -20.315200 -20.409500 
0.584000 -3.713700 -2.032200 -2.908700 -1.386300 -1.252900 -0.854100 -5.831000 -0.541900 -7.780500 -28.498200 -22.435300 
0.586000 -1.941200 -1.937200 -5.471800 -2.644800 -0.928000 -0.422200 -4.566200 -1.859900 -7.444900 -34.203500 -23.649700 
0.588000 -0.887500 -0.917700 -3.739700 -3.134600 -1.656500 -2.537900 -7.999400 -3.208500 -5.797500 -24.428800 -28.722600 
0.590000 -1.534100 -1.261700 -5.652000 -2.108700 -1.773700 -0.641200 -5.874600 -5.492200 -5.701800 -14.309700 -31.815200 
0.592000 -2.158300 -1.315600 -4.153700 -1.589200 -3.138000 -3.196000 -7.311700 -4.190200 -5.744500 -31.744600 -23.548700 
0.594000 -1.529500 -0.520600 -3.066000 -1.309900 -3.322700 -1.029300 -6.200900 -0.904500 -5.019900 -16.928700 -23.538500 
0.596000 -1.893600 -1.906200 -1.670000 -2.759800 -1.691800 -3.059100 -7.117300 -3.926300 -1.160600 -22.256000 -24.625000 
0.598000 -3.462900 -1.823500 -3.870900 -0.824400 -1.228800 -1.882800 -8.617500 -0.815800 -8.127900 -18.647200 -21.388400 
0.600000 -2.920300 -0.358100 -3.824300 -1.644200 -2.001400 -4.537700 -8.401200 -1.328400 -11.097600 -21.662300 -11.141500 
0.602000 -1.491100 -1.400900 -2.428100 -3.276900 -1.680300 -2.236300 -5.389000 -0.578800 -10.439100 -38.828700 -21.986200 
0.604000 -1.772700 -0.998700 -3.581100 -2.292400 -4.105400 -3.715300 -7.411500 -4.104000 -7.138500 -20.053100 -21.905700 
0.606000 -2.165200 -0.228100 -3.976700 -2.452500 -0.806300 -3.419800 -4.593600 -1.515300 -9.988300 -30.678400 -15.391700 
0.608000 -1.260500 -1.482100 -4.057400 -2.341700 -2.767400 -2.927700 -6.369500 -4.995100 -15.602000 -18.912100 -11.343900 
0.610000 -3.777900 -1.985000 -2.933500 -3.951000 -1.482800 -3.540200 -6.415600 -2.006700 -18.383600 -19.103300 -22.572100 
0.612000 -2.325700 -1.052500 -3.925900 -3.190800 -4.167200 -2.090000 -6.175800 -2.782200 -6.817100 -27.937400 -24.143400 
0.614000 -2.331900 -0.352500 -3.641000 -3.727000 -3.146300 -3.506200 -6.736300 -1.128000 -10.826000 -20.431100 -19.803600 
0.616000 -3.320600 -0.676900 -2.400900 -1.668900 -1.618800 -5.581100 -8.128400 -8.302000 -15.843200 -15.210500 -21.876300 
0.618000 -2.962000 -2.478900 -4.828500 -3.948200 -2.270300 -3.565100 -9.901500 -3.626700 -12.496900 -15.677700 -33.862300 
0.620000 -2.981300 -1.214800 -1.924200 -2.690800 -1.012500 -3.285600 -5.963900 -3.257200 -20.043700 -38.441000 -34.451100 
0.622000 -1.848300 -1.198400 -4.457000 -0.923200 -0.560600 -5.171800 -8.086200 -1.491300 -20.194300 -25.689800 -29.978400 
0.624000 -3.215300 -0.683400 -4.530000 -1.833400 -1.316300 -2.940800 -7.130400 -3.900500 -22.404500 -26.972300 -37.681500 
0.626000 -2.305400 -0.876500 -3.917700 -1.967500 -3.219800 -7.849200 -6.358500 -1.857100 -14.839700 -13.503700 -21.643200 
0.628000 -1.520200 -0.862900 -2.710000 -4.242200 -2.710200 -1.854000 -9.310100 -2.649500 -19.256000 -12.613800 -25.939300 
0.630000 -2.736400 -0.859900 -4.824500 -4.083300 -1.503800 -1.892700 -7.685200 -0.739900 -15.621300 -19.517800 -15.295400 
0.632000 -1.723500 -1.433500 -3.999500 -2.175600 -1.444200 -5.687800 -5.448800 -0.482200 -14.396900 -19.251400 -22.804800 
0.634000 -2.092900 -0.875400 -3.245600 -2.673000 -2.097200 -2.394000 -4.276000 -2.165100 -10.207400 -36.625800 -20.213700 
0.636000 -1.878900 -0.582000 -5.159700 -3.160900 -1.402800 -7.659700 -4.183800 -1.989700 -23.500300 -37.711100 -17.193900 
0.638000 -2.114600 -1.497500 -4.224400 -3.970900 -1.494300 -2.828400 -5.980000 -1.461200 -16.176200 -36.828900 -27.533400 
0.640000 -0.911100 -3.452600 -6.492800 -4.111700 -2.329800 -4.551600 -7.817800 -1.401400 -20.315700 -21.860300 -19.465300 
0.642000 -3.162000 -0.744400 -3.349400 -1.499100 -0.755600 -2.060900 -4.785300 -1.184600 -12.326900 -24.230200 -14.612500 
0.644000 -3.762600 -1.200500 -6.349600 -2.254300 -3.989300 -2.886500 -5.742900 -0.740600 -13.067900 -21.548400 -8.398500 
0.646000 -3.279000 -1.651100 -7.415500 -2.473200 -0.513100 -2.532100 -10.214700 -1.441400 -19.592300 -25.691700 -8.945700 
0.648000 -1.238500 -2.258200 -4.932400 -3.961400 -1.787000 -4.647400 -8.436000 -5.856900 -12.223500 -19.967400 -6.553600 
0.650000 -2.040600 -0.786100 -1.658200 -2.973900 -0.745100 -3.529900 -4.856400 -2.549600 -10.417700 -14.093200 -7.531800 
0.652000 -1.878500 -0.885400 -3.670800 -2.386100 -1.788300 -4.993600 -7.142900 -1.468500 -6.679800 -51.347600 -10.934300 
0.654000 -2.185000 -0.990900 -3.343200 -3.550300 -1.545500 -3.121200 -5.971800 -3.455700 -5.708200 -26.763700 -12.277100 
0.656000 -2.405700 -1.903400 -3.496300 -2.477200 -4.676500 -1.764400 -5.237100 -7.030900 -11.573900 -27.140300 -12.982200 
0.658000 -2.015600 -1.372200 -3.164400 -4.283700 -1.153200 -2.658400 -8.245700 -2.242100 -19.752500 -24.779100 -11.708200 
0.660000 -1.532600 -1.174300 -5.126100 -4.251100 -2.431600 -4.494000 -6.497800 -2.611700 -7.886100 -27.251500 -10.570500 
0.662000 -1.665900 -2.896200 -6.190000 -4.207300 -3.327600 -3.577800 -12.769300 -1.644500 -15.913000 -24.455500 -20.508700 
0.664000 -1.315800 -2.325800 -4.564700 -2.868500 -0.998100 -6.538300 -5.389700 -3.637200 -6.435700 -25.134200 -20.043100 
0.666000 -1.884200 -1.301700 -5.193100 -3.735200 -2.389800 -4.041600 -9.074900 -3.776400 -7.772800 -26.751900 -19.417900 
0.668000 -3.074100 -1.682100 -4.691500 -3.678000 -3.025600 -3.669300 -9.065100 -3.896100 -8.441300 -25.446600 -15.113300 
0.670000 -1.671100 -0.520500 -4.764300 -4.348700 -2.327600 -2.955900 -7.361200 -5.756600 -19.430900 -20.446200 -22.794400 
0.672000 -1.035300 -1.149200 -2.993000 -2.525800 -1.749000 -3.550600 -7.493500 -4.910600 -14.508900 -20.927900 -20.318100 
0.674000 -1.808800 -0.742200 -3.087300 -1.313000 -1.961200 -2.666500 -5.999600 -3.102600 -8.087400 -32.279500 -17.660400 
0.676000 -2.837700 -1.666500 -2.875800 -5.539800 -2.942000 -2.160900 -4.354800 -3.822300 -14.935200 -22.766000 -41.550400 
0.678000 -3.922800 -1.261100 -4.584300 -3.914300 -1.059400 -5.942600 -8.750600 -3.803700 -8.551900 -25.100600 -12.824100 
0.680000 -2.029500 -1.444400 -2.769400 -2.299500 -1.699300 -7.195600 -7.903500 -11.814000 -13.889700 -35.395300 -24.568400 
0.682000 -1.918600 -0.673800 -3.667200 -2.506300 -1.438700 -4.943000 -7.611500 -5.503800 -16.364000 -19.996800 -21.697100 
0.684000 -2.007100 -2.035300 -1.849400 -2.266100 -0.913400 -3.658200 -6.114500 -3.729100 -9.695300 -17.765500 -12.413800 
0.686000 -3.468500 -1.009500 -3.280700 -1.943600 -4.091000 -7.839000 -6.305400 -2.790400 -7.601700 -21.383800 -12.494600 
0.688000 -1.967200 -1.820400 -2.301000 -3.157600 -0.506800 -5.894500 -6.505000 -5.347200 -11.004500 -36.611300 -16.730100 
0.690000 -2.659900 -2.965900 -3.102500 -2.521400 -2.256200 -5.368700 -7.487900 -4.354100 -11.392000 -11.466000 -16.053700 
0.692000 -2.005400 -0.448000 -2.830300 -1.909100 -0.758500 -6.358000 -6.965500 -5.656500 -11.613400 -30.120100 -17.380800 
0.694000 -2.341200 -1.717000 -1.447400 -3.299800 -2.585700 -2.286700 -10.200000 -5.174700 -4.149300 -33.334000 -12.036900 
0.696000 -2.124500 -1.793000 -3.204400 -4.975000 -2.261800 -6.295800 -7.473700 -4.091700 -10.923200 -24.817400 -16.358700 
0.698000 -1.680300 -2.100300 -2.823400 -2.992200 -2.275500 -4.255000 -5.820700 -3.710300 -13.135800 -12.917900 -14.506800 
0.700000 -2.087800 -0.909400 -2.871800 -1.773800 -3.160900 -2.627900 -3.875200 -3.230900 -11.071200 -13.650400 -12.686900 
0.702000 -2.555200 -1.875200 -1.886400 -2.975400 -4.605200 -2.713600 -4.802200 -2.183900 -14.395100 -11.305200 -16.542600 
0.704000 -2.796000 -2.230100 -2.345300 -3.617600 -1.834900 -4.481200 -5.975500 -6.157200 -15.965900 -28.097600 -19.411100 
0.706000 -1.821400 -0.831800 -2.781100 -3.775700 -1.425500 -3.265400 -5.551000 -2.655600 -16.134000 -17.262000 -26.400500 
0.708000 -1.166200 -1.361600 -3.148100 -2.811200 -0.508500 -3.246000 -5.722200 -9.954300 -11.809800 -33.291400 -18.486900 
0.710000 -2.707500 -0.595600 -5.782200 -2.788400 -1.645000 -7.382000 -3.620900 -3.040200 -10.544200 -30.276100 -15.160900 
0.712000 -2.749700 -1.023200 -2.039700 -5.147700 -5.384600 -4.137700 -5.719300 -3.826500 -14.518300 -20.638400 -9.872500 
0.714000 -2.524000 -0.724100 -1.955000 -3.680100 -2.001100 -7.297300 -7.415300 -2.708800 -17.467600 -27.369200 -8.587000 
0.716000 -1.806300 -1.350900 -2.439900 -3.273500 -1.636700 -4.123400 -5.516200 -3.206400 -10.425900 -28.376400 -10.612200 
0.718000 -1.787500 -0.737500 -4.558600 -2.665100 -1.689400 -4.348100 -5.622100 -3.407000 -10.024500 -18.810200 -8.530000 
0.720000 -3.439600 -0.765500 -2.517200 -2.825400 -2.242000 -5.561000 -7.618100 -5.134600 -11.586300 -19.077500 -10.278800 
0.722000 -4.228300 -2.161400 -4.273400 -0.942200 -2.118200 -7.714900 -8.456000 -3.167600 -15.416900 -19.964200 -8.015800 
0.724000 -1.935300 -3.556900 -4.880100 -2.917200 -3.020000 -4.111100 -7.680000 -2.436200 -6.896600 -16.168800 -11.799500 
0.726000 -1.858800 -1.007500 -2.126900 -3.350200 -4.398100 -5.088700 -4.580900 -2.324200 -12.130600 -33.770800 -11.855800 
0.728000 -3.060100 -0.848600 -5.025500 -2.345200 -3.829200 -3.950100 -6.062800 -5.452000 -11.327100 -23.620100 -16.465000 
0.730000 -2.056500 -1.284300 -2.288300 -3.007100 -2.466700 -5.161300 -2.955200 -1.916900 -11.520400 -20.964500 -19.927300 
0.732000 -3.088000 -1.869100 -2.985500 -3.850400 -2.261000 -2.605500 -7.545000 -5.098900 -18.521100 -24.022500 -16.676100 
0.734000 -2.311500 -1.551100 -4.155600 -2.583000 -4.695800 -3.033200 -5.405000 -4.818200 -9.162700 -32.903600 -19.857200 
0.736000 -2.388100 -1.869800 -4.002000 -2.933400 -2.113200 -5.174000 -2.877700 -6.159500 -13.702500 -88.858600 -22.569800 
0.738000 -2.844600 -1.979300 -2.857500 -1.289500 -3.603700 -2.730300 -4.886700 -7.527000 -16.567800 -78.075200 -13.437400 
0.740000 -4.363300 -1.446100 -4.090700 -3.216900 -2.983500 -2.540100 -9.588100 -5.237400 -9.317500 -41.236300 -13.086000 
0.742000 -3.236800 -2.593300 -2.284800 -3.632800 -3.369700 -3.331000 -4.057600 -4.698900 -5.614900 -40.553500 -13.442000 
0.744000 -1.868000 -1.705700 -2.051300 -4.238800 -3.109700 -2.559800 -5.645600 -4.898500 -5.421000 -46.179300 -11.833000 
0.746000 -2.065700 -1.204800 -2.457400 -2.940600 -0.981100 -3.002600 -3.861900 -6.265800 -10.002700 -46.569500 -6.159700 
0.748000 -4.173400 -1.335100 -4.735900 -3.066900 -1.291000 -6.296900 -4.117000 -4.587000 -15.885100 -54.982400 -12.251300 
0.750000 -2.009400 -1.115900 -2.031900 -2.549200 -1.529400 -2.850000 -4.255300 -5.129100 -26.341300 -29.618400 -5.790700 
0.752000 -2.252700 -1.972500 -2.715000 -3.030100 -2.064800 -1.749100 -2.867800 -3.385600 -12.163900 -36.430800 -15.680500 
0.754000 -1.871000 -1.530000 -4.140700 -3.848600 -2.615000 -3.084700 -4.459100 -5.949200 -15.150500 -20.074400 -8.603100 
0.756000 -2.096900 -0.883800 -2.992300 -5.471700 -3.052600 -3.282500 -4.231800 -7.991000 -12.150500 -27.432900 -7.616000 
0.758000 -3.136900 -1.241200 -2.501000 -5.872600 -0.503600 -4.049000 -4.587900 -4.297500 -17.068000 -17.363900 -14.375100 
0.760000 -3.223000 -1.559100 -2.714300 -4.174900 -2.023400 -1.074300 -8.691400 -3.985000 -7.832400 -17.966800 -15.428700 
0.762000 -3.134000 -1.351000 -1.827500 -2.036300 -3.591500 -7.870800 -6.763800 -5.895700 -9.206000 -33.082100 -12.972900 
0.764000 -4.782500 -0.759400 -2.807000 -4.737300 -1.396500 -2.631400 -6.357200 -5.704700 -11.368700 -12.571800 -13.555100 
0.766000 -4.380200 -2.408600 -2.673800 -3.348600 -3.171000 -7.407200 -4.367400 -3.842200 -8.887700 -12.590600 -17.671000 
0.768000 -4.540400 -0.398100 -4.198900 -3.428500 -1.858800 -2.690700 -6.182400 -3.241300 -7.034200 -27.675500 -16.125100 
0.770000 -2.497400 -0.400500 -3.326600 -5.750100 -3.832800 -2.451100 -7.553800 -7.889000 -9.117400 -20.667100 -13.502100 
0.772000 -2.337600 -0.889400 -5.385800 -3.420100 -0.822800 -3.861800 -2.725800 -7.660500 -17.433700 -34.632000 -22.735800 
0.774000 -3.258100 -1.695700 -2.488100 -2.655400 -1.851400 -4.312400 -7.073400 -7.119900 -11.960500 -23.570000 -22.692500 
0.776000 -3.068000 -0.697600 -3.353900 -2.416700 -1.529300 -2.556200 -7.977700 -5.624300 -12.890000 -21.777500 -40.962100 
0.778000 -3.120500 -1.693700 -3.774400 -4.827900 -2.242700 -6.839400 -6.396100 -6.944800 -10.012800 -12.760700 -17.993000 
0.780000 -2.398400 -1.343700 -2.630100 -3.442200 -2.104400 -2.450700 -4.614000 -6.412000 -9.348800 -33.152900 -17.043200 
0.782000 -2.854100 -1.071100 -5.467900 -4.072800 -2.047500 -4.135700 -4.169400 -12.718000 -6.479700 -22.703600 -12.290800 
0.784000 -3.548700 -1.637700 -4.162400 -2.854400 -5.051900 -4.996600 -10.089800 -4.915700 -9.081200 -30.186900 -21.575000 
0.786000 -1.747900 -2.986800 -5.477700 -2.546200 -2.940900 -5.912000 -4.742600 -6.799600 -6.656800 -49.124300 -37.587800 
0.788000 -2.926000 -3.073500 -3.004300 -1.938100 -3.785500 -4.924700 -4.769100 -6.300700 -7.514400 -36.360100 -35.546900 
0.790000 -2.261100 -1.349400 -0.747100 -3.126000 -2.232100 -4.305000 -4.672500 -5.721400 -13.486800 -27.887400 -30.138100 
0.792000 -2.245200 -0.969200 -1.126100 -3.375800 -2.109000 -3.972800 -4.285600 -6.747900 -7.624600 -10.661700 -35.391500 
0.794000 -3.352300 -1.013000 -2.917300 -3.439600 -1.295200 -3.860800 -5.306400 -8.156600 -14.620100 -7.913300 -35.485000 
0.796000 -2.819700 -2.388900 -1.980100 -3.478000 -1.702000 -4.347700 -10.871400 -6.324800 -17.868700 -16.717800 -43.921600 
0.798000 -2.233000 -1.462200 -2.050900 -3.241800 -1.113400 -5.159900 -4.074700 -5.130100 -14.078800 -24.275900 -29.797300 
0.800000 -0.440800 -0.791400 -1.690500 -3.477200 -3.476300 -6.045200 -6.946100 -8.288200 -12.512900 -25.986100 -51.059700 
0.802000 -2.046500 -1.336400 -3.791400 -3.869500 -1.791900 -3.949100 -5.803800 -4.658600 -10.180300 -13.795300 -34.270600 
0.804000 -0.973700 -0.854400 -2.099400 -2.409900 -2.259000 -2.411500 -6.536700 -8.229700 -13.145700 -29.806800 -30.520400 
0.806000 -3.172100 -1.092500 -1.343200 -1.917200 -0.837600 -3.864100 -9.518400 -7.080300 -12.823800 -23.620800 -39.447400 
0.808000 -1.918000 -2.939200 -1.838900 -2.100100 -2.548400 -6.672500 -5.545600 -8.687800 -8.536400 -28.445900 -45.977200 
0.810000 -1.902900 -0.825700 -3.196200 -4.439700 -4.124000 -2.220900 -6.932500 -4.237400 -9.049900 -22.695600 -31.891700 
0.812000 -3.025800 -1.789100 -3.245000 -2.253200 -2.405200 -3.059400 -7.261500 -7.709100 -9.575700 -44.353800 -93.584900 
0.814000 -2.515600 -1.105000 -1.294500 -1.833500 -2.140000 -1.140700 -5.964300 -6.086700 -9.076800 -16.168700 -50.990900 
0.816000 -1.375800 -1.488700 -2.245300 -1.822200 -0.909800 -4.925800 -11.797300 -5.150300 -13.519200 -22.435200 -84.450800 
0.818000 -2.172500 -0.456700 -2.500700 -3.494800 -0.922200 -2.979900 -7.226800 -7.557100 -10.685300 -24.083000 -66.546200 
0.820000 -1.844100 -3.445000 -4.887800 -4.093000 -1.150800 -2.414600 -8.497600 -8.794400 -9.131800 -25.725500 -52.902000 
0.822000 -3.110800 -0.525200 -3.496100 -2.102100 -2.491300 -1.178700 -3.547900 -6.824500 -5.018000 -30.990600 -45.939900 
0.824000 -2.143900 -1.687500 -2.328600 -4.593100 -3.572600 -2.693600 -5.471600 -5.464400 -6.036300 -18.952200 -59.710200 
0.826000 -3.674200 -4.352500 -1.274000 -0.829500 -3.135500 -4.083200 -7.586300 -6.726400 -10.678500 -12.780600 -76.793000 
0.828000 -2.687800 -1.411600 -2.525100 -1.241200 -1.635900 -4.320600 -6.569600 -7.795000 -14.055900 -21.290600 -69.790500 
0.830000 -2.140800 -1.121300 -1.216100 -1.578500 -2.832200 -3.945900 -6.606000 -6.404100 -10.147900 -14.444400 -44.637200 
0.832000 -1.404500 -1.109900 -1.583000 -2.301000 -0.406000 -3.216000 -4.692200 -4.926600 -11.153900 -14.513700 -57.707100 
0.834000 -4.045800 -0.452700 -2.667000 -2.449700 -1.063600 -5.924800 -5.468000 -8.593000 -11.223700 -27.287900 -45.673900 
0.836000 -3.872300 -1.279100 -3.511400 -2.752500 -1.791400 -3.651400 -5.034100 -5.599100 -12.202000 -24.303300 -51.426900 
0.838000 -4.690200 -1.392800 -2.391000 -0.595900 -1.126900 -2.905500 -9.147300 -8.816700 -14.156300 -29.047300 -35.548500 
0.840000 -1.375300 -1.692900 -4.495900 -0.453400 -0.681000 -3.719700 -2.446200 -6.486200 -12.664600 -27.810600 -38.346600 
0.842000 -1.918600 -0.920500 -2.910500 -1.749400 -1.051400 -4.507100 -4.907300 -4.152100 -8.719300 -34.492200 -51.408300 
0.844000 -2.318800 -1.387200 -5.473900 -2.346300 -2.122600 -2.521400 -4.373600 -3.904600 -8.947100 -25.592300 -36.589000 
0.846000 -0.739300 -1.394600 -3.459300 -1.273700 -1.407600 -6.826400 -5.629100 -5.177500 -7.609800 -43.010600 -51.501100 
0.848000 -0.674600 -0.901900 -3.629600 -1.808000 -3.095500 -6.883300 -8.000800 -2.673800 -7.751200 -42.053200 -40.474700 
0.850000 -1.380100 -0.540100 -4.080500 -2.716600 -1.758700 -7.423500 -6.343900 -6.167400 -13.624600 -14.139800 -65.653700 
0.852000 -1.159500 -2.364500 -4.631200 -1.343600 -0.788900 -2.945000 -6.475500 -9.859600 -14.671600 -15.224000 -39.475200 
0.854000 -1.594200 -0.326100 -2.141600 -4.147200 -0.813300 -3.877500 -6.925500 -7.238800 -7.377400 -22.881100 -39.841600 
0.856000 -1.365200 -1.383100 -1.438600 -1.150400 -1.243000 -3.303600 -6.444300 -10.723200 -12.696700 -21.237400 -35.961700 
0.858000 -1.306700 -1.009400 -3.147700 -5.554600 -1.063300 -2.887200 -5.711600 -5.117600 -4.064200 -28.653200 -39.679400 
0.860000 -2.426300 -2.681800 -2.776300 -1.005400 -1.679400 -1.924500 -6.485400 -4.748700 -9.479000 -35.118700 -47.297800 
0.862000 -1.895400 -0.544500 -1.768700 -2.009300 -2.008900 -2.739000 -4.111200 -10.947900 -10.266500 -50.530600 -44.927000 
0.864000 -2.220000 -2.370800 -2.464500 -0.800100 -2.351600 -2.626900 -4.829900 -8.119500 -11.862600 -58.200200 -55.061100 
0.866000 -3.187000 -0.639600 -4.317900 -2.157600 -2.204300 -2.283300 -10.562800 -4.976900 -8.856500 -22.507200 -36.235100 
0.868000 -0.765200 -0.730600 -2.719200 -3.192600 -2.668500 -4.059700 -5.317900 -2.425100 -13.028700 -40.030600 -41.837500 
0.870000 -1.711300 -2.763900 -4.513600 -2.405700 -0.593300 -1.521700 -5.543900 -6.576600 -8.721600 -37.741000 -64.510600 
0.872000 -1.354500 -1.951800 -3.342200 -1.329300 -1.202700 -2.480300 -4.875700 -5.428600 -15.201300 -34.237200 -62.378000 
0.874000 -1.817500 -0.548100 -2.358000 -2.479800 -0.945300 -1.640800 -5.938400 -4.911500 -5.063800 -28.089000 -57.888700 
0.876000 -2.175200 -0.741300 -2.460300 -1.088000 -2.673600 -5.232300 -6.627000 -2.799400 -11.922300 -46.503100 -39.330200 
0.878000 -1.113700 -0.766300 -3.831500 -2.917800 -2.348200 -6.254100 -2.261100 -4.221900 -12.143300 -43.973000 -41.223800 
0.880000 -1.834400 -0.939100 -2.743800 -2.740700 -3.261100 -3.741200 -7.569500 -6.556600 -19.013600 -45.660400 -27.832500 
0.882000 -1.136500 -1.585200 -3.342000 -1.574400 -0.529800 -2.317000 -6.333100 -7.407300 -5.316400 -40.378200 -21.656700 
0.884000 -1.744500 -2.457600 -3.261000 -1.172600 -0.232800 -6.067600 -7.620400 -3.112300 -7.458200 -31.925700 -27.119900 
0.886000 -1.560000 -0.982000 -4.034400 -0.641500 -1.203800 -3.251000 -2.604300 -6.775900 -6.204900 -23.893100 -36.394600 
0.888000 -1.400800 -1.517600 -3.563700 -1.494400 -3.994100 -3.392200 -4.338900 -3.118600 -16.450800 -33.711200 -48.503600 
0.890000 -2.219100 -1.320700 -3.358100 -1.499900 -1.963300 -3.275600 -4.659200 -5.901100 -10.153400 -24.673600 -75.969500 
0.892000 -1.254900 -4.164400 -3.257900 -1.666700 -1.192000 -3.830100 -3.051200 -4.870400 -13.061900 -20.084100 -40.006600 
0.894000 -0.825200 -3.355900 -2.501900 -1.172000 -0.456400 -3.733600 -3.956200 -6.935900 -10.511100 -17.365700 -46.209300 
0.896000 -2.848500 -2.852300 -1.938000 -1.409900 -1.027600 -2.482300 -4.177000 -5.080800 -4.777200 -28.041200 -54.748000 
0.898000 -2.657500 -1.652500 -1.069400 -2.833600 -2.621200 -4.871800 -5.683000 -5.378600 -5.030900 -20.053000 -30.838700 
0.900000 -2.075400 -2.521400 -4.719100 -0.995600 -1.987200 -7.191900 -3.112600 -4.956100 -9.792300 -17.651500 -33.597400 
0.902000 -1.409500 -2.169700 -1.854800 -5.719500 -1.538000 -4.722400 -3.671500 -6.990800 -8.610800 -27.202500 -31.853100 
0.904000 -2.943100 -0.987900 -2.764700 -1.290900 -1.572100 -7.864200 -3.332300 -5.819300 -8.714500 -22.950200 -35.308500 
0.906000 -1.747700 -0.565900 -3.143300 -2.015800 -1.281800 -3.515600 -4.108800 -5.972600 -7.907500 -18.128900 -33.029200 
0.908000 -2.632700 -4.290600 -2.192100 -1.669000 -2.367500 -2.935700 -5.093300 -9.412900 -8.445400 -29.230500 -44.372300 
0.910000 -1.265700 -0.512000 -3.067500 -1.610200 -0.759900 -4.465400 -3.869600 -5.571900 -12.574300 -32.283700 -31.152000 
0.912000 -1.285800 -1.744100 -1.236600 -1.020200 -1.265100 -4.247600 -4.837900 -5.221300 -4.208000 -35.555700 -30.916300 
0.914000 -1.739000 -2.036800 -2.781500 -2.076300 -2.033600 -7.249300 -4.059000 -5.019000 -5.170200 -39.512400 -43.629100 
0.916000 -1.818900 -0.634300 -2.197900 -3.579000 -1.408400 -8.886700 -0.749400 -3.232100 -8.422800 -17.053000 -23.933800 
0.918000 -3.150700 -2.968000 -3.806400 -2.105100 -0.832900 -3.150000 -1.345700 -4.334600 -14.798500 -22.378400 -27.465600 
0.920000 -2.088900 -3.453000 -2.909300 -0.651600 -2.463300 -4.194700 -5.651100 -5.262700 -8.046900 -13.610200 -42.681000 
0.922000 -2.027000 -1.955800 -4.363100 -1.379600 -2.290900 -3.943600 -4.568400 -6.098000 -7.529700 -38.651800 -36.729300 
0.924000 -4.570800 -1.992900 -3.791800 -1.596600 -2.869300 -4.650700 -2.479600 -8.909000 -5.571000 -20.613400 -33.244500 
0.926000 -2.920200 -3.740600 -4.624300 -2.143200 -2.514900 -1.935500 -2.182700 -7.716300 -7.287100 -21.498100 -34.731600 
0.928000 -2.335800 -3.629800 -2.813000 -1.303800 -0.700000 -3.887000 -4.046900 -4.673600 -3.940600 -17.380900 -45.612300 
0.930000 -1.349600 -1.856600 -2.409700 -2.649400 -0.576300 -4.707400 -6.397800 -7.850000 -7.983600 -31.601600 -39.267000 
0.932000 -3.333600 -1.834100 -3.383600 -2.351100 -1.572100 -5.957200 -5.796200 -7.445200 -18.094600 -19.281800 -52.725300 
0.934000 -3.124600 -0.442300 -2.280800 -3.840400 -1.952000 -6.104100 -8.368700 -5.718300 -17.784700 -17.479800 -44.497600 
0.936000 -2.088500 -1.514500 -4.660700 -3.601900 -1.384500 -5.593300 -9.149000 -5.364600 -10.411300 -55.801500 -48.576300 
0.938000 -2.659100 -1.393800 -1.471500 -3.579400 -2.261900 -6.943700 -6.010200 -6.606200 -25.567900 -46.147300 -60.098400 
0.940000 -1.687800 -2.318000 -5.175900 -2.358100 -0.959000 -5.809300 -7.185900 -5.984600 -21.239500 -40.698200 -52.822700 
0.942000 -3.622300 -1.746400 -2.537500 -3.346000 -1.504500 -5.017800 -6.850300 -5.719500 -8.960800 -25.827900 -41.256500 
0.944000 -4.436700 -1.213800 -1.750300 -2.045100 -1.866200 -4.217300 -3.353200 -7.892200 -3.079200 -17.073200 -50.554800 
0.946000 -3.068100 -0.922600 -2.956400 -3.419500 -1.324200 -2.880700 -7.097300 -3.515200 -6.640300 -27.686100 -57.257400 
0.948000 -1.984600 -1.337000 -3.274100 -1.114000 -2.736100 -6.271800 -4.313000 -1.441300 -14.665300 -36.286500 -60.852400 
0.950000 -2.153800 -1.234600 -2.443000 -1.960600 -1.222800 -3.729200 -8.486700 -3.355100 -8.216500 -52.415800 -64.076900 
0.952000 -3.503000 -1.194600 -3.251400 -1.221800 -1.018900 -6.439100 -7.312700 -4.386600 -8.245700 -45.423900 -72.564500 
0.954000 -2.689700 -1.624500 -4.569600 -1.528200 -0.972600 -5.378700 -6.532400 -3.717200 -6.606000 -60.456200 -46.013800 
0.956000 -2.672300 -1.793100 -3.156400 -2.240600 -0.808000 -3.689300 -3.368800 -6.992300 -13.005100 -48.155700 -40.473500 
0.958000 -3.999400 -1.006400 -2.821000 -2.025700 -1.880300 -3.060500 -3.594700 -5.923400 -13.101200 -55.836900 -103.407100 
0.960000 -1.828100 -1.400700 -2.507200 -3.887200 -0.753800 -13.791800 -2.332000 -4.778200 -14.074400 -35.547900 -77.934500 
0.962000 -2.359500 -1.050500 -3.516400 -1.775200 -0.791500 -4.355200 -4.152700 -4.173700 -14.757300 -29.760400 -44.561800 
0.964000 -1.990900 -2.089900 -5.557600 -2.752500 -3.539200 -3.586100 -5.197100 -5.156200 -9.648200 -26.765900 -38.858600 
0.966000 -1.966800 -1.513500 -2.310800 -2.023000 -1.792900 -3.863000 -2.537700 -10.307100 -17.300000 -18.693000 -26.515400 
0.968000 -5.912600 -1.055300 -1.946300 -2.042500 -1.344900 -2.394200 -3.898700 -6.378700 -6.920100 -33.689400 -30.203600 
0.970000 -4.022600 -0.581500 -2.654300 -2.925300 -2.008300 -2.669200 -4.025200 -6.430100 -9.031500 -18.446600 -36.588700 
0.972000 -2.397800 -1.129300 -3.063800 -3.848500 -2.064700 -3.547300 -6.717900 -3.995700 -12.885700 -26.042200 -35.092100 
0.974000 -3.206000 -1.649900 -2.004200 -1.700400 -2.078900 -3.273000 -3.345100 -6.437800 -23.093300 -14.877900 -26.291400 
0.976000 -1.959900 -1.797600 -2.310600 -0.570500 -2.074600 -3.387000 -3.351400 -9.728300 -7.333500 -14.774600 -29.899400 
0.978000 -1.970100 -0.330700 -2.066400 -1.261100 -1.222700 -2.249700 -3.314500 -7.685200 -10.020300 -13.162700 -41.779500 
0.980000 -2.622700 -0.502000 -1.768600 -3.368000 -1.578800 -2.952100 -6.247200 -3.482600 -7.322400 -10.453500 -29.268000 
0.982000 -1.312400 -1.153400 -1.856200 -2.486800 -1.772800 -5.955100 -5.542700 -10.656800 -13.657500 -11.466700 -46.788900 
0.984000 -2.235500 -0.648300 -1.231900 -0.849300 -0.714800 -2.043500 -4.869500 -6.062500 -18.221300 -21.165300 -49.698900 
0.986000 -3.402600 -1.990300 -1.567000 -1.103200 -0.531600 -4.402600 -5.193100 -4.616200 -10.015400 -14.525800 -62.694400 
0.988000 -4.679200 -0.522900 -1.491200 -4.753400 -0.437200 -4.091100 -2.572600 -6.071700 -8.839800 -14.407400 -28.266900 
0.990000 -3.529600 -1.427900 -3.122700 -1.194600 -2.037700 -2.760200 -3.159600 -3.265000 -5.564300 -14.714300 -58.527000 
0.992000 -3.091700 -0.644500 -3.116100 -2.420100 -0.951400 -4.070700 -1.824600 -8.759200 -7.716700 -24.639400 -43.543300 
0.994000 -2.778600 -0.219600 -2.038700 -2.197500 -1.133700 -2.765500 -4.767300 -7.711600 -10.211600 -21.649600 -53.929900 
0.996000 -2.119200 -1.881500 -1.065000 -1.741800 -1.682800 -4.235400 -6.207700 -3.040200 -13.385900 -24.686300 -60.944900 
0.998000 -2.409600 -2.231000 -2.859400 -3.120000 -1.626700 -2.983500 -4.515200 -7.690700 -11.495800 -18.931600 -37.574200 
