# gradients (DV/DL) for lambdas: 0.0 0.1 0.2 0.3 0.4 0.5 0.6 0.7 0.8 0.9 1.0
0.000000 -0.809600 -1.496300 -0.432500 -0.185700 -0.508500 -1.383000 -0.918200 -1.065100 -1.954900 -3.153500 -2.256100 
0.002000 -2.448300 -1.331100 -1.114300 -2.706200 -1.834700 -1.296300 -2.903900 -1.578600 -2.469500 -9.956700 -7.840100 
0.004000 -2.075700 -2.276900 -2.322800 -1.396000 -0.390000 -0.830300 -2.022500 -4.125100 -1.044400 -4.052000 -3.320500 
0.006000 -0.350300 -0.884600 -0.189500 -3.098800 -1.424900 -1.226300 -1.651700 -3.239000 -3.408800 -3.107000 -3.002300 
0.008000 -2.548300 -0.546000 -0.576400 -1.890300 -1.788300 -2.141800 -3.792500 -3.294400 -2.117700 -1.792700 -1.975200 
0.010000 -0.227600 -2.168500 -1.923800 -1.204600 -2.581400 -2.201700 -0.171700 -0.473400 -3.057100 -0.271500 -8.402500 
0.012000 -0.799400 -1.209400 -0.771400 -2.580100 -1.506600 -1.436800 -0.906500 -3.823100 -3.034900 -3.684600 -6.521100 
0.014000 -0.680100 -0.671300 -2.277800 -1.215800 -2.749600 -3.758600 -2.195800 -1.326800 -1.200600 -2.388900 -6.599900 
0.016000 -1.160300 -1.003000 -2.314300 -1.277000 -1.516900 -3.066800 -2.778200 -0.631600 -0.720500 -2.869900 -2.473100 
0.018000 -3.492500 -1.686400 -2.042900 -3.961600 -3.687500 -0.521400 -2.491600 -1.339800 -1.807900 -2.023500 -1.785600 
0.020000 -1.440200 -0.473800 -1.562600 -3.499700 -2.654900 -0.312000 -1.228500 -2.939400 -2.052100 -2.090500 -2.459500 
0.022000 -1.424100 -2.692100 -1.264400 -0.974000 -2.285400 -0.803200 -2.778700 -0.825700 -1.386100 -5.825600 -6.585700 
0.024000 -1.691900 -1.551000 -1.341900 -2.124600 -1.496400 -0.835100 -1.770000 -1.271600 -4.611100 -5.766500 -3.708400 
0.026000 -1.105500 -1.614400 -0.941100 -0.694100 -0.508000 -3.974600 -2.193100 -4.271900 -2.600100 -1.273600 -0.860600 
0.028000 -1.615900 -2.707600 -1.165900 -0.777500 -0.904100 -1.757500 -0.843200 -1.801100 -1.605000 -1.939300 -2.003900 
0.030000 -1.869100 -1.380300 -1.919100 -0.937900 -2.329300 -2.346700 -1.942700 -2.410400 -3.091100 -3.728500 -2.753400 
0.032000 -0.681000 -1.882400 -0.928600 -3.355600 -1.014500 -0.800100 -2.161200 -2.352700 -2.093000 -4.450700 -4.924100 
0.034000 -0.853400 -2.903600 -0.951400 -3.416500 -1.075400 -1.745600 -4.326300 -1.021600 -2.270900 -2.906600 -6.342600 
0.036000 -0.459500 -1.493700 -0.855800 -2.622700 -1.477900 -0.989800 -4.166500 -1.737900 -3.177900 -2.548200 -3.650300 
0.038000 -0.995900 -1.434000 -2.619300 -0.807800 -1.633200 -2.707700 -2.810400 -2.243200 -0.750700 -1.849300 -4.721700 
0.040000 -0.438600 -0.984100 -0.854400 -0.779900 -0.707900 -0.841300 -2.942900 -2.393400 -3.334100 -1.644200 -7.895700 
0.042000 -1.720200 -1.745500 -1.127600 -2.165100 -1.260400 -0.911000 -1.124600 -0.931600 -2.975200 -6.161500 -4.187600 
0.044000 -0.743900 -0.290800 -0.627700 -1.888000 -0.782600 -3.022300 -4.056900 -4.090300 -1.511400 -4.219500 -7.611800 
0.046000 -1.044400 -1.009000 -0.560500 -1.948000 -2.375700 -1.001500 -1.927800 -1.782800 -4.758500 -2.785200 -4.148400 
0.048000 -0.085100 -1.085600 -1.145300 -2.412700 -0.848100 -1.964100 -1.188700 -1.495700 -1.771800 -2.894600 -8.551100 
0.050000 -0.932100 -2.121300 -1.007800 -0.509600 -1.834300 -0.731900 -4.422300 -0.468600 -1.477800 -6.199800 -7.523500 
0.052000 -1.735700 -1.094500 -0.858200 -1.636300 -1.276300 -7.061900 -2.028000 -4.108600 -1.447300 -9.193600 -1.935800 
0.054000 -0.454600 -0.704600 -0.791300 -0.258000 -1.732100 -1.296600 -0.721500 -4.807000 -2.694700 -2.271600 -8.623300 
0.056000 -0.858500 -1.312900 -1.219300 -3.383300 -1.143300 -0.847700 -1.083800 -2.110800 -1.593000 -1.949100 -3.912300 
0.058000 -0.691700 -0.943200 -0.695100 -0.688500 -1.187700 -2.885300 -2.059200 -5.836300 -1.161500 -4.220000 -8.138100 
0.060000 -2.657200 -1.062500 -1.666200 -0.844700 -1.250800 -1.321400 -2.546800 -2.600200 -2.037000 -3.021400 -2.781300 
0.062000 -1.059100 -0.778500 -1.484100 -0.467300 -0.458300 -1.984600 -1.281200 -1.761400 -0.526400 -5.217700 -3.375000 
0.064000 -0.809400 -1.632500 -4.218700 -1.872900 -1.526000 -1.381300 -0.775200 -1.323100 -4.310300 -3.462400 -4.610500 
0.066000 -1.494300 -0.572200 -1.537900 -1.339400 -1.757700 -1.754600 -1.438800 -1.876700 -1.811000 -3.504300 -11.132100 
0.068000 -1.918800 -1.137400 -1.736100 -0.828500 -2.106600 -1.834400 -1.652800 -3.434900 -1.381800 -5.461000 -10.376200 
0.070000 -1.460600 -1.701500 -0.238300 -2.121600 -0.648900 -0.430400 -1.350100 -2.956400 -1.618800 -2.417600 -6.825900 
0.072000 -2.301900 -1.269700 -1.837200 -1.255400 -2.167700 -1.660600 -3.285700 -3.007900 -0.941600 -3.923000 -8.556800 
0.074000 -1.192700 -2.043200 -1.932800 -1.012200 -1.467300 -2.190700 -0.901900 -1.548400 -4.481300 -3.390200 -1.312200 
0.076000 -1.633500 -0.495200 -3.042000 -1.807900 -3.916700 -1.596200 -0.842700 -1.688400 -1.964000 -2.106500 -2.206600 
0.078000 -0.781300 -0.421100 -0.292700 -2.901400 -1.979300 -1.270900 -1.831800 -1.453300 -7.075200 -2.250100 -1.626700 
0.080000 -0.699600 -0.903100 -1.735100 -0.224700 -2.429700 -1.466500 -0.572500 -4.434100 -0.715600 -3.857600 -2.819400 
0.082000 -0.995400 -3.178200 -0.787400 -1.058300 -1.029000 -1.070000 -1.067000 -6.009700 -2.065000 -3.184200 -8.474700 
0.084000 -1.122300 -1.650600 -0.682700 -2.080700 -1.663800 -2.752000 -2.026400 -4.583400 -4.902500 -3.614800 -3.600000 
0.086000 -1.029700 -1.658300 -2.149400 -0.756000 -0.282000 -2.820800 -0.538400 -0.746800 -1.329200 -2.694500 -0.956700 
0.088000 -1.281900 -0.826900 -0.631900 -1.492100 -1.379000 -3.331400 -1.285200 -1.729100 -1.305100 -4.160700 -1.894600 
0.090000 -0.537000 -1.575900 -0.520800 -2.918700 -0.831700 -1.817500 -3.428100 -4.016300 -3.673700 -2.891900 -3.654500 
0.092000 -0.373700 -1.617400 -1.547900 -2.643200 -1.242300 -2.127400 -1.646300 -3.103700 -5.112800 -2.588900 -3.085700 
0.094000 -1.065800 -2.102700 -1.760000 -1.801800 -2.348000 -2.297700 -3.932200 -4.771600 -5.669500 -2.592500 -8.242700 
0.096000 -2.380100 -2.020100 -0.943100 -0.978500 -2.611200 -0.570600 -1.027700 -4.725200 -3.036700 -0.776800 -1.001900 
0.098000 -0.903900 -0.922300 -4.254900 -1.242200 -2.681900 -2.482700 -1.861800 -1.871000 -2.376500 -2.210900 -3.814500 
0.100000 -1.003500 -1.074800 -0.682100 -0.716100 -2.837900 -1.213500 -0.323500 -2.186400 -2.637400 -3.053800 -0.847100 
0.102000 -1.876700 -1.622200 -1.488200 -2.492900 -2.839300 -1.399100 -0.789000 -1.801800 -1.205200 -4.648100 -5.767500 
0.104000 -1.447800 -0.893900 -3.136800 -1.924400 -2.870900 -1.221200 -1.313000 -2.085900 -2.122200 -7.049600 -2.847800 
0.106000 -0.988500 -1.181900 -0.994200 -1.269700 -4.604200 -1.898200 -0.963000 -3.089600 -3.202800 -2.082500 -2.092500 
0.108000 -2.839800 -2.139300 -1.246100 -2.263300 -3.499500 -1.056600 -1.031100 -1.457900 -4.053700 -6.769300 -1.013100 
0.110000 -1.043100 -1.550800 -2.538700 -2.390700 -2.304400 -1.676900 -0.969600 -4.872300 -4.879200 -2.023900 -2.296600 
0.112000 -1.565300 -0.859200 -0.997000 -1.847500 -3.073400 -2.756000 -2.813100 -3.725800 -1.310500 -4.020800 -1.021100 
0.114000 -1.405100 -0.463600 -1.347700 -0.937800 -6.030000 -2.742100 -2.356300 -2.180600 -1.128000 -2.487400 -4.929700 
0.116000 -1.848900 -3.215300 -0.346300 -1.137800 -2.160900 -2.522000 -3.109100 -2.726100 -1.033100 -2.057300 -8.885300 
0.118000 -1.677600 -1.274300 -1.271100 -1.559200 -2.157800 -3.289600 -2.672900 -3.064600 -3.001800 -1.303700 -2.753000 
0.120000 -1.483100 -0.424700 -0.701000 -1.532100 -0.825500 -1.120900 -2.933600 -4.883100 -3.143000 -6.444800 -3.051000 
0.122000 -1.951200 -2.408000 -3.306900 -2.990000 -2.023100 -2.509900 -1.308700 -1.303700 -2.492400 -3.270800 -2.185100 
0.124000 -1.017000 -1.359300 -0.864800 -1.422600 -0.536400 -1.508500 -0.789000 -4.217600 -1.757600 -2.169000 -5.161800 
0.126000 -0.824200 -1.993100 -1.252200 -1.726000 -0.492100 -1.768600 -4.711000 -1.432900 -2.019600 -4.581300 -7.832600 
0.128000 -1.500700 -4.495100 -1.293000 -3.430800 -1.600100 -3.786800 -2.913000 -2.603500 -4.242700 -3.283200 -3.933300 
0.130000 -1.102200 -1.982300 -0.291400 -0.974800 -1.402000 -1.321700 -2.674200 -3.978800 -1.487900 -8.387500 -2.221500 
0.132000 -1.744800 -2.608200 -0.695000 -4.639900 -4.135300 -0.991400 -1.464200 -2.065000 -2.470200 -1.656200 -20.435100 
0.134000 -1.177700 -1.608000 -2.744600 -1.992000 -1.161000 -4.347200 -1.166000 -0.871700 -3.566400 -0.446000 -3.926000 
0.136000 -1.296100 -1.633500 -0.997100 -2.490900 -1.533400 -0.404300 -3.257100 -1.478000 -4.127900 -3.804800 -12.087800 
0.138000 -0.448800 -1.352000 -2.039400 -2.119500 -1.135100 -1.355200 -1.426300 -0.599300 -0.894800 -2.502800 -6.747800 
0.140000 -0.513300 -0.673100 -0.774600 -1.905200 -2.202000 -1.655200 -2.699000 -2.585500 -0.314300 -1.007600 -7.953100 
0.142000 -1.737300 -1.135800 -0.710600 -1.452000 -3.295400 -1.194100 -3.417300 -0.683900 -2.883500 -2.907400 -7.215700 
0.144000 -1.148200 -0.798600 -0.765500 -1.590000 -3.170700 -1.672000 -1.920800 -3.441100 -6.194800 -2.928600 -7.773000 
0.146000 -1.749200 -1.582000 -1.242900 -1.216300 -2.829800 -0.932100 -1.382100 -1.235300 -4.002800 -4.528900 -6.249500 
0.148000 -0.640200 -1.605200 -0.873300 -0.696300 -1.241400 -1.455300 -2.977600 -1.901100 -3.111300 -1.130900 -6.801900 
0.150000 -1.463800 -0.408000 -2.942700 -0.807700 -3.270900 -2.631500 -1.213800 -2.208800 -3.552300 -1.547300 -4.171500 
0.152000 -5.618200 -0.945100 -1.813300 -0.504000 -1.744300 -0.171700 -1.839300 -3.008900 -1.678400 -3.986900 -2.798500 
0.154000 -0.824700 -0.410900 -1.100700 -3.202900 -1.211900 -1.392900 -1.762300 -2.422400 -1.172700 -3.049000 -0.645800 
0.156000 -0.673400 -0.503300 -1.002200 -1.950800 -1.855200 -0.231700 -0.842900 -4.154400 -1.911100 -3.547600 -5.359800 
0.158000 -1.117500 -0.567100 -2.397800 -2.016200 -0.555700 -2.884600 -2.121000 -1.574800 -4.864200 -5.872300 -11.151800 
0.160000 -1.587000 -0.933800 -1.856500 -2.831900 -1.983400 -1.519100 -1.988900 -1.241900 -4.511400 -2.245800 -1.837100 
0.162000 -0.867600 -0.164400 -3.114200 -0.655300 -1.148600 -2.048500 -0.647100 -3.583400 -3.167400 -2.965400 -1.748200 
0.164000 -0.501500 -0.194200 -1.064400 -3.350000 -1.174000 -1.439100 -3.536200 -1.825600 -4.853700 -0.933800 -6.295600 
0.166000 -2.718300 -0.419000 -0.673700 -0.705900 -3.615300 -1.948200 -1.671500 -1.529700 -1.743800 -5.202800 -2.319200 
0.168000 -0.771100 -0.710400 -1.051600 -0.916900 -1.859100 -1.746100 -2.043200 -1.674300 -3.888200 -2.118800 -5.087800 
0.170000 -1.347000 -1.434600 -2.099900 -1.134700 -3.556200 -1.157100 -0.719500 -4.400300 -2.865700 -1.778000 -2.912000 
0.172000 -1.694600 -1.795700 -4.098800 -0.280400 -2.226300 -1.811500 -2.153500 -2.067700 -3.284100 -6.719400 -0.467500 
0.174000 -1.954400 -2.555500 -0.865200 -0.502800 -2.164100 -0.652600 -1.507600 -1.685400 -4.985700 -5.858700 -1.181500 
0.176000 -1.117600 -0.693400 -1.420800 -1.072100 -4.588300 -0.507300 -1.511800 -3.430100 -3.263900 -3.520500 -3.170100 
0.178000 -0.777600 -0.903400 -1.803300 -2.752500 -0.570500 -0.683600 -1.566300 -3.653400 -4.097000 -2.749200 -2.754000 
0.180000 -1.097400 -1.770000 -2.067800 -1.048800 -0.529800 -5.389600 -3.506100 -2.663500 -0.834700 -3.839600 -2.666500 
0.182000 -0.825500 -0.847000 -0.695700 -1.091700 -1.435100 -1.763200 -2.508600 -1.254300 -1.355600 -3.728500 -6.606200 
0.184000 -1.788800 -1.236000 -1.528800 -2.753100 -1.104200 -1.867000 -3.685600 -1.888300 -1.307000 -2.498500 -8.245800 
0.186000 -2.065800 -0.472600 -2.557600 -3.185700 -0.824800 -2.240400 -1.084000 -2.101800 -5.852700 -1.173800 -4.399600 
0.188000 -0.258000 -1.808100 -0.917000 -3.133800 -1.649400 -0.997000 -0.886400 -0.925200 -2.686800 -2.706300 -5.068100 
0.190000 -1.061800 -0.800500 -2.643900 -0.865900 -0.739500 -2.097800 -3.032600 -1.069700 -5.253600 -1.973700 -3.861000 
0.192000 -0.559700 -3.204300 -2.090700 -1.763100 -1.922800 -2.751900 -0.851800 -4.714900 -5.459500 -5.839800 -16.282900 
0.194000 -1.416800 -2.614800 -0.701300 -1.006500 -1.120700 -3.666700 -2.132600 -0.233100 -2.442500 -3.411500 -5.117800 
0.196000 -1.443900 -2.181900 -1.246200 -1.433800 -0.579900 -0.461700 -1.192000 -1.754300 -6.716000 -10.208700 -3.170000 
0.198000 -0.952200 -1.482800 -0.489200 -0.461800 -3.812800 -3.912600 -2.932300 -1.278400 -5.351800 -4.602200 -1.662900 
0.200000 -1.085600 -1.242600 -0.281600 -1.285300 -1.736500 -2.627300 -2.037000 -1.467800 -4.092100 -1.788200 -3.592200 
0.202000 -2.679100 -1.135300 -2.769600 -1.332700 -0.594400 -1.083000 -0.414300 -1.641100 -5.352900 -4.613600 -3.322800 
0.204000 -0.819500 -1.587100 -1.117600 -2.079100 -0.694100 -2.115200 -3.877100 -1.445300 -6.714800 -1.968700 -2.451700 
0.206000 -0.702900 -0.836600 -0.881200 -2.063400 -1.629400 -1.521600 -1.226000 -2.388200 -4.621600 -1.751800 -12.905000 
0.208000 -0.686700 -1.248600 -0.416900 -0.987200 -1.550200 -1.327300 -1.118100 -3.020000 -7.876100 -3.869800 -4.217600 
0.210000 -1.105500 -0.265000 -1.462500 -1.988400 -1.714800 -0.838400 -0.986100 -1.575200 -5.792900 -5.219600 -2.162200 
0.212000 -1.306100 -1.196500 -1.836700 -1.806800 -0.695800 -1.720900 -2.386400 -0.949000 -2.007900 -2.785200 -4.675900 
0.214000 -1.391500 -1.328000 -0.927500 -1.285600 -0.937700 -3.726600 -2.439500 -3.452400 -8.862700 -5.385200 -4.600900 
0.216000 -1.486600 -0.932300 -2.138800 -1.254800 -1.446700 -1.452600 -1.384400 -1.476100 -2.088700 -3.378400 -4.731100 
0.218000 -1.109300 -0.930900 -2.408700 -0.719800 -1.480700 -1.893500 -2.760000 -0.908600 -5.247800 -3.748900 -3.711200 
0.220000 -0.971200 -0.513300 -2.289800 -1.927000 -1.332000 -2.393300 -1.671900 -1.980900 -2.697800 -1.069400 -6.608100 
0.222000 -0.479000 -1.840400 -2.245200 -2.794600 -0.934100 -2.740500 -1.967600 -5.370100 -5.281500 -2.002100 -5.459600 
0.224000 -0.594000 -1.031600 -1.134400 -0.960100 -1.562000 -2.017600 -0.866900 -1.618300 -1.093400 -1.730800 -10.551500 
0.226000 -1.992000 -1.057400 -1.116100 -1.569400 -2.353300 -1.762400 -2.861900 -7.280600 -3.351200 -3.895600 -3.006500 
0.228000 -0.351400 -0.279600 -3.696700 -1.326900 -2.510000 -0.900100 -2.220000 -3.083900 -5.300100 -5.535600 -1.098900 
0.230000 -1.954600 -0.449200 -1.084000 -2.432700 -1.428300 -0.519300 -1.348800 -2.416600 -0.433000 -1.617800 -2.849700 
0.232000 -1.048200 -0.937600 -1.300300 -1.617100 -2.358100 -1.708300 -1.060300 -1.742100 -7.480000 -3.807800 -3.643300 
0.234000 -0.467700 -0.627200 -1.267600 -0.544700 -0.613100 -1.689200 -0.724500 -1.649100 -1.840200 -16.041300 -3.517700 
0.236000 -1.035700 -0.842100 -1.670500 -3.591600 -2.642300 -2.488000 -1.188600 -4.706900 -0.863600 -1.074800 -13.493800 
0.238000 -0.524600 -1.672100 -0.910500 -1.246700 -1.655200 -4.379700 -0.589800 -1.252300 -3.233500 -8.905900 -2.706800 
0.240000 -2.921300 -3.478600 -2.036300 -0.860500 -0.198400 -0.797900 -1.850400 -1.400100 -1.611000 -6.824300 -5.559800 
0.242000 -1.788500 -0.595600 -0.795900 -0.634600 -1.948300 -2.177900 -1.370500 -1.922600 -0.366200 -3.909100 -3.355000 
0.244000 -0.905100 -0.461300 -1.742100 -0.447500 -0.456600 -1.025400 -5.126800 -4.810400 -2.723100 -11.085600 -4.045500 
0.246000 -1.425000 -1.118900 -2.140900 -0.356700 -1.186800 -1.518600 -1.646000 -2.717500 -1.419900 -5.952600 -2.818500 
0.248000 -2.334700 -1.404000 -1.981800 -0.707200 -0.927400 -1.627500 -1.907300 -3.911800 -1.785100 -2.239600 -3.528900 
0.250000 -0.904400 -2.303900 -1.697100 -2.945700 -1.984500 -1.678800 -1.329800 -4.726200 -2.372900 -4.623700 -6.246800 
0.252000 -0.804300 -0.708200 -1.855100 -1.259900 -1.858200 -1.570900 -1.486200 -1.536000 -1.339300 -2.575400 -1.712700 
0.254000 -0.893400 -0.289300 -1.061400 -1.399700 -1.691500 -1.952400 -1.319400 -4.880700 -2.901600 -4.372500 -2.482300 
0.256000 -0.997600 -0.918400 -0.942500 -2.076800 -0.806200 -1.397800 -1.462300 -6.242600 -1.253400 -2.121000 -4.070600 
0.258000 -1.325300 -0.911900 -1.148900 -1.589000 -1.323100 -1.040900 -1.278800 -2.387400 -1.518100 -3.896000 -1.599600 
0.260000 -2.125200 -0.825100 -1.689700 -2.349900 -2.302900 -1.319200 -2.368200 -1.233700 -1.979400 -3.912700 -4.568800 
0.262000 -0.530900 -2.895200 -1.227300 -2.144000 -0.839400 -2.474300 -2.028800 -2.158400 -1.231400 -5.517500 -2.263200 
0.264000 -1.684500 -1.746100 -2.810300 -1.905900 -2.273200 -0.841400 -0.802100 -2.873100 -0.943800 -1.251500 -10.452200 
0.266000 -1.205200 -1.227700 -1.530200 -0.346600 -2.325300 -1.598400 -2.771900 -0.534000 -3.578700 -2.696300 -1.012500 
0.268000 -1.688200 -1.136100 -1.424100 -0.858500 -1.235500 -1.309300 -2.810000 -1.478000 -1.197300 -3.077100 -1.078100 
0.270000 -1.117700 -0.492000 -2.111700 -0.635000 -1.937600 -2.044500 -1.259000 -2.529400 -3.330300 -1.391900 -6.590100 
0.272000 -0.598600 -1.177200 -2.278500 -0.652600 -2.872100 -2.281900 -2.771900 -4.341500 -1.882400 -1.996700 -1.988200 
0.274000 -1.174800 -1.401900 -1.286200 -2.222000 -0.733300 -2.438500 -0.796800 -0.908200 -2.276500 -4.884900 -8.771100 
0.276000 -0.513000 -0.674700 -2.220300 -0.583400 -2.838900 -1.817600 -2.748600 -3.019200 -3.187000 -1.864000 -2.874800 
0.278000 -1.285300 -3.432200 -0.567200 -0.503800 -3.674100 -2.082500 -1.145000 -1.453000 -2.135700 -4.583600 -3.393300 
0.280000 -0.420600 -0.876200 -0.098700 -1.037200 -3.370600 -0.652800 -1.680400 -2.756300 -1.243600 -6.550800 -3.663900 
0.282000 -1.365300 -1.168000 -0.065700 -0.624800 -1.919800 -1.049400 -1.470000 -1.758600 -8.124800 -1.433400 -4.431800 
0.284000 -2.299200 -1.784300 -1.202700 -2.070600 -2.229500 -3.608500 -0.947800 -4.808400 -10.044100 -0.501700 -5.931100 
0.286000 -0.790400 -1.208000 -3.372800 -3.064400 -1.582500 -0.833200 -4.822400 -2.429900 -3.627500 -5.556100 -4.426200 
0.288000 -2.130100 -1.830800 -1.249300 -3.441800 -0.687100 -0.745600 -1.921500 -2.800300 -1.065400 -1.225000 -6.230500 
0.290000 -0.474200 -2.234400 -3.703100 -0.471100 -2.925100 -0.647600 -1.875200 -2.654100 -2.391800 -0.811900 -8.130400 
0.292000 -0.361700 -1.246700 -0.856600 -2.305500 -1.623000 -0.633100 -1.207200 -2.226100 -4.827400 -2.571900 -1.434700 
0.294000 -1.410900 -0.981500 -2.978000 -2.245000 -3.018400 -4.352300 -2.549400 -3.325800 -4.274400 -7.951400 -8.962900 
0.296000 -0.780900 -0.319900 -1.512100 -0.585700 -4.197600 -1.849300 -4.064900 -0.446000 -5.384200 -3.561900 -7.873000 
0.298000 -1.652200 -0.608000 -1.245000 -1.276400 -1.550700 -3.955900 -0.453700 -0.820900 -1.239600 -4.514400 -4.926000 
0.300000 -0.702300 -0.332500 -0.785400 -0.642600 -1.240300 -1.502400 -2.038400 -4.529800 -2.420400 -1.564000 -6.710800 
0.302000 -1.653200 -1.016600 -2.777300 -2.711300 -2.821900 -2.803700 -4.373600 -5.539300 -1.894900 -2.307900 -4.241900 
0.304000 -0.482900 -1.419700 -1.170800 -3.313100 -1.254000 -2.285000 -3.059500 -1.959000 -9.273000 -4.613800 -3.249300 
0.306000 -1.367500 -1.473800 -1.343000 -1.887000 -2.077500 -3.140900 -2.218900 -3.574500 -3.094700 -1.763600 -2.123100 
0.308000 -1.614300 -1.474600 -0.778300 -0.885500 -1.750100 -0.868800 -2.029200 -1.926600 -4.392800 -2.807500 -2.542100 
0.310000 -1.798800 -0.600200 -1.573400 -0.348200 -2.088800 -2.596300 -1.597900 -1.794900 -7.475900 -6.489300 -0.577400 
0.312000 -2.160200 -0.891500 -2.447100 -1.020000 -2.385700 -3.111100 -3.053000 -1.701700 -1.252100 -5.557500 -2.167000 
0.314000 -0.825500 -1.622800 -1.396900 -0.691900 -5.516100 -0.892100 -0.463500 -1.006800 -2.665700 -2.769500 -5.728000 
0.316000 -0.943000 -0.486900 -2.105000 -1.764300 -2.072400 -0.897500 -2.031500 -2.690700 -1.689400 -0.449800 -0.928500 
0.318000 -1.811000 -1.407400 -0.508400 -1.179800 -1.061000 -1.547900 -0.992100 -8.703900 -1.099500 -4.734200 -0.581300 
0.320000 -2.086900 -0.461900 -0.959500 -0.884900 -1.444600 -1.968700 -1.227400 -4.099600 -5.267900 -2.469400 -1.181300 
0.322000 -0.773200 -1.896100 -1.950200 -1.199000 -0.634400 -3.569600 -3.823100 -2.888600 -7.059500 -2.905400 -1.127000 
0.324000 -0.623900 -0.997200 -1.069300 -0.497700 -0.951300 -2.067800 -2.082900 -1.534000 -1.716900 -2.570100 -5.542300 
0.326000 -1.429100 -0.828700 -0.840500 -0.838900 -2.546400 -1.938000 -2.236000 -1.063500 -4.985800 -9.242300 -1.412600 
0.328000 -0.559900 -1.630200 -1.812000 -0.448100 -1.733100 -1.342200 -1.772900 -1.090500 -6.500300 -2.672600 -2.377200 
0.330000 -0.859600 -1.225500 -0.887900 -2.706100 -3.529700 -0.499900 -3.857300 -1.504000 -2.268700 -0.846900 -2.383700 
0.332000 -0.911000 -0.969000 -1.520400 -1.076100 -3.546300 -0.401100 -1.243200 -1.290000 -1.545800 -2.095300 -1.383200 
0.334000 -2.197500 -1.464600 -2.101900 -0.460300 -4.431400 -1.581900 -2.374400 -0.711500 -2.309600 -2.245600 -3.981600 
0.336000 -1.811500 -0.173200 -0.838600 -2.423300 -1.622100 -1.380000 -2.299800 -0.557000 -2.929100 -3.961000 -2.354900 
0.338000 -0.819900 -1.621100 -2.343700 -1.113100 -1.992800 -0.632300 -1.293900 -2.296500 -0.666300 -3.411300 -1.646100 
0.340000 -0.786500 -1.217900 -1.366100 -0.951400 -4.408100 -0.689600 -2.766000 -2.121100 -2.249300 -7.174300 -3.359900 
0.342000 -1.997800 -0.714900 -1.103500 -0.770700 -1.170400 -0.220800 -2.601300 -2.098400 -2.298900 -6.510800 -2.977100 
0.344000 -2.746700 -1.335700 -1.416800 -1.878100 -1.269600 -2.490300 -2.403300 -2.407500 -1.525000 -3.472700 -10.197500 
0.346000 -2.296200 -0.906200 -1.853400 -0.505400 -0.327600 -2.000200 -1.137600 -1.730000 -1.106600 -0.417300 -11.190400 
0.348000 -0.301500 -1.085200 -2.533700 -2.874000 -1.350200 -3.449400 -3.312100 -5.972400 -8.848300 -2.214400 -12.700300 
0.350000 -0.869300 -2.447100 -0.492700 -2.294300 -3.652000 -6.343400 -2.503300 -3.523600 -1.365200 -2.950000 -3.547300 
0.352000 -1.274900 -0.624500 -2.092200 -1.124100 -3.213400 -4.693900 -1.364300 -0.859700 -1.374900 -2.369700 -3.463200 
0.354000 -0.097700 -1.649700 -1.217100 -1.802300 -1.692900 -0.402900 -1.724600 -1.549100 -4.628900 -0.994600 -2.179500 
0.356000 -0.648900 -3.103000 -0.788500 -1.123900 -1.006800 -1.979500 -0.801900 -0.971900 -2.478600 -6.384700 -6.455400 
0.358000 -1.269900 -0.580900 -0.460800 -1.734300 -4.224000 -1.124400 -6.601700 -4.441400 -3.183100 -3.229800 -2.473800 
0.360000 -1.867700 -0.726500 -0.525200 -0.652000 -1.334000 -6.263100 -2.133300 -1.071700 -1.863000 -2.181100 -4.672800 
0.362000 -0.654000 -1.116200 -1.732700 -1.351300 -0.469000 -3.615100 -2.538800 -5.631800 -5.011800 -1.735600 -5.509400 
0.364000 -1.402800 -0.559500 -1.373900 -0.951700 -1.980100 -1.140700 -2.847100 -1.464600 -7.608100 -7.022000 -2.132600 
0.366000 -0.640000 -0.314900 -1.661000 -0.976300 -0.457900 -2.060700 -7.648600 -0.304500 -7.941400 -5.895500 -2.209700 
0.368000 -0.584700 -1.057100 -0.804000 -0.931800 -3.304400 -3.695400 -1.002700 -1.321600 -4.464100 -6.169200 -0.812200 
0.370000 -0.698100 -0.315900 -1.745500 -1.754700 -0.924500 -1.741700 -5.435100 -3.351200 -9.078000 -5.688400 -2.722100 
0.372000 -0.943700 -1.207200 -2.346400 -0.946200 -2.328000 -0.695300 -0.469900 -3.695800 -1.560100 -3.949900 -6.092900 
0.374000 -1.223000 -2.085400 -1.241600 -1.018200 -1.716200 -3.620000 -0.860800 -1.273600 -2.538700 -1.127400 -7.730000 
0.376000 -0.646100 -1.660100 -3.058200 -1.390600 -1.061300 -1.236800 -2.137600 -3.258200 -4.347200 -3.472200 -17.638000 
0.378000 -1.571200 -0.712500 -4.679900 -1.273700 -1.947700 -0.742300 -1.463900 -5.254300 -1.593700 -0.399700 -5.742300 
0.380000 -1.257000 -1.664100 -1.172600 -1.354900 -0.968800 -3.275700 -0.956400 -2.818200 -1.985900 -5.581000 -6.148200 
0.382000 -0.296400 -2.347100 -0.954600 -1.252800 -0.601000 -1.317200 -2.258100 -5.986400 -1.827000 -1.490800 -3.548600 
0.384000 -0.645600 -0.207700 -1.548800 -2.909500 -1.689400 -6.109900 -1.583500 -0.458500 -3.939000 -1.911300 -4.226300 
0.386000 -0.647500 -1.550700 -1.946200 -0.625500 -3.431700 -1.802100 -4.108100 -0.893700 -2.106400 -4.553400 -7.405400 
0.388000 -0.601000 -0.568000 -0.712600 -3.268000 -2.761000 -1.944500 -4.514300 -1.513900 -2.826000 -3.498000 -2.788400 
0.390000 -1.073400 -0.489400 -1.642200 -1.892200 -1.254600 -1.627900 -1.685200 -3.430100 -1.855700 -3.892400 -5.516400 
0.392000 -0.896800 -2.081700 -1.285100 -4.318100 -0.839800 -4.583600 -0.766400 -0.845100 -3.064400 -1.498200 -2.698500 
0.394000 -0.859000 -1.307800 -4.107500 -0.839400 -1.944200 -1.773400 -4.846300 -1.940000 -8.485600 -3.629800 -4.303500 
0.396000 -0.931100 -3.084900 -0.899600 -2.849300 -2.393400 -0.114000 -0.970900 -2.630300 -6.939100 -3.382000 -1.689500 
0.398000 -1.373900 -2.850800 -0.753900 -2.464800 -2.452400 -3.885300 -1.340500 -2.574600 -3.452200 -1.117400 -3.420000 
0.400000 -1.780300 -1.453400 -1.622900 -0.593500 -0.586300 -2.232800 -2.138500 -2.440400 -6.433300 -2.687700 -1.867300 
0.402000 -0.918200 -1.198700 -1.158300 -0.185500 -2.130900 -3.876200 -3.424100 -1.138700 -3.284800 -3.435500 -1.938200 
0.404000 -1.067400 -0.767500 -1.724900 -0.734700 -3.591200 -4.038100 -3.236400 -1.578500 -5.187900 -6.363100 -3.594800 
0.406000 -0.854300 -2.071600 -0.930500 -0.192900 -0.581200 -2.008700 -2.472200 -2.859200 -0.631100 -6.690600 -2.245400 
0.408000 -2.204100 -4.124400 -0.120500 -1.074300 -1.940200 -0.929200 -2.098300 -1.151000 -3.586800 -2.757900 -4.331700 
0.410000 -1.572800 -1.434200 -3.331100 -1.566500 -1.178000 -1.473000 -3.149400 -3.737700 -1.431600 -4.527000 -2.531900 
0.412000 -0.881400 -4.164500 -0.320900 -1.530400 -1.874500 -2.649900 -2.949300 -1.958000 -2.683100 -2.206100 -6.553200 
0.414000 -3.692800 -1.100900 -0.595200 -1.983700 -0.476100 -1.189600 -1.262900 -0.632000 -1.797800 -3.203300 -6.574400 
0.416000 -1.610800 -0.830800 -0.752600 -0.885100 -1.354700 -4.260500 -1.166200 -5.945400 -4.306800 -1.416100 -4.406700 
0.418000 -0.631100 -1.993200 -1.904100 -1.541400 -1.518800 -3.015300 -2.650700 -3.631400 -2.360900 -4.328900 -1.124900 
0.420000 -1.720600 -1.368500 -0.897200 -3.342700 -0.507100 -1.331800 -3.550100 -2.742200 -5.516300 -6.709000 -1.141500 
0.422000 -0.687000 -1.027000 -1.202100 -1.549800 -1.362400 -2.108900 -0.639200 -3.914500 -5.976100 -3.870300 -2.649000 
0.424000 -1.285500 -1.049300 -1.513000 -3.522800 -3.087200 -4.026700 -1.839000 -2.565200 -1.438400 -7.467900 -5.648400 
0.426000 -2.374200 -1.170700 -2.702500 -1.226800 -3.455300 -1.364300 -2.075000 -3.322900 -2.762700 -4.425200 -10.907400 
0.428000 -1.953400 -1.397700 -1.105100 -0.289200 -2.153400 -2.122000 -1.897100 -3.390200 -1.511600 -5.146600 -12.221100 
0.430000 -2.228700 -3.691900 -2.244300 -0.875300 -2.561900 -2.827700 -0.924000 -2.072000 -2.243100 -4.326800 -5.990200 
0.432000 -2.038500 -0.806300 -0.603400 -2.640500 -3.156900 -1.476600 -2.913400 -4.707300 -1.246200 -2.626100 -4.103400 
0.434000 -1.859600 -1.927400 -1.264500 -0.899400 -3.319200 -1.928700 -1.100600 -2.013900 -0.865700 -3.877900 -2.563600 
0.436000 -1.625000 -1.933800 -2.647700 -1.125800 -3.418300 -2.068700 -0.806500 -3.249700 -1.682800 -2.216600 -2.530800 
0.438000 -1.352700 -1.026700 -0.643600 -2.433600 -0.770700 -1.731100 -0.858200 -3.082300 -2.257500 -2.262700 -8.320800 
0.440000 -0.799400 -0.606800 -2.721700 -3.402400 -0.514300 -1.842800 -0.115100 -0.875100 -5.535100 -2.850100 -2.460000 
0.442000 -1.478800 -0.966500 -0.939700 -0.518300 -1.993100 -1.020900 -3.099800 -1.308000 -2.699900 -2.878300 -3.729000 
0.444000 -1.472400 -0.505900 -1.898400 -0.771500 -0.650500 -2.547800 -1.821400 -4.415600 -2.085100 -5.812400 -10.218400 
0.446000 -0.476700 -1.769500 -1.493600 -1.255100 -5.973400 -2.772100 -4.108900 -3.923400 -1.670100 -1.190700 -3.876200 
0.448000 -0.959500 -1.037800 -0.765000 -1.214700 -1.708300 -1.154400 -1.818100 -5.322000 -1.447500 -1.409900 -1.368300 
0.450000 -0.953700 -0.488200 -1.276400 -2.236800 -2.082900 -1.771200 -2.325100 -4.088300 -4.016200 -3.743400 -5.701100 
0.452000 -1.739800 -0.527100 -2.417500 -0.405600 -2.864600 -1.482700 -2.373100 -2.344400 -6.604600 -0.677200 -13.261900 
0.454000 -0.678600 -2.199000 -3.715000 -2.709400 -1.644000 -2.097500 -4.812400 -1.150500 -7.560000 -1.934000 -4.800300 
0.456000 -0.690000 -0.868300 -0.400800 -1.206200 -1.084200 -1.282400 -2.205600 -5.565600 -1.724500 -4.495200 -8.002800 
0.458000 -1.180300 -1.195700 -2.219300 -0.880800 -2.718600 -3.316900 -3.110700 -2.330200 -0.771500 -0.851400 -2.869700 
0.460000 -1.912500 -1.914600 -1.646800 -0.856400 -0.537000 -3.846800 -1.666300 -4.734000 -2.616500 -7.097800 -7.134900 
0.462000 -2.347600 -0.428900 -1.250900 -0.962400 -2.703000 -3.993800 -7.823400 -1.153200 -4.976400 -2.787500 -0.747400 
0.464000 -2.454800 -1.365700 -2.815300 -3.857000 -2.104200 -3.458100 -2.350600 -2.930400 -1.362600 -4.730100 -5.640100 
0.466000 -0.739800 -1.629600 -1.237400 -1.420800 -1.484500 -3.278000 -0.402500 -1.921600 -1.053200 -14.607700 -0.346100 
0.468000 -2.147500 -1.454700 -1.485500 -0.917000 -0.960000 -3.115800 -2.202800 -3.515800 -1.788700 -5.645000 -4.406400 
0.470000 -0.893200 -0.750200 -1.680200 -2.278800 -2.452500 -0.224500 -2.765800 -1.033400 -3.244400 -8.865200 -2.155400 
0.472000 -0.768800 -1.308200 -2.432500 -0.825800 -0.626800 -4.442100 -3.599400 -1.406500 -1.198300 -9.190200 -5.029600 
0.474000 -0.681100 -1.662300 -0.540000 -1.720200 -1.861500 -2.967200 -2.804100 -3.753100 -3.285300 -4.756700 -1.133300 
0.476000 -1.567400 -1.191500 -3.215600 -0.736300 -0.956800 -3.119100 -4.553300 -1.594300 -3.308900 -7.826700 -0.854400 
0.478000 -0.733300 -1.214600 -1.773200 -1.308800 -0.779900 -1.087700 -3.180100 -1.711300 -1.176300 -16.444000 -1.195300 
0.480000 -1.574100 -0.834700 -0.752800 -1.537900 -1.013900 -2.436600 -1.474900 -3.432300 -4.448800 -10.740900 -6.889000 
0.482000 -1.303300 -1.422200 -0.321800 -1.518100 -0.522300 -3.253700 -1.797400 -4.520800 -1.150700 -14.834100 -4.119900 
0.484000 -1.225800 -0.550400 -0.305400 -2.181300 -1.308200 -2.620600 -1.272200 -2.154100 -1.604700 -18.246100 -5.823000 
0.486000 -1.115100 -1.073200 -1.713500 -1.255100 -1.969300 -2.026000 -0.791100 -2.596200 -2.542900 -21.343500 -2.162600 
0.488000 -0.611100 -0.881400 -1.749100 -3.294700 -1.496800 -3.412300 -2.085100 -2.729200 -4.348400 -7.090100 -1.531200 
0.490000 -0.751500 -0.868900 -1.398000 -2.396400 -4.177200 -2.193800 -1.639000 -1.087900 -0.621600 -7.433800 -10.619100 
0.492000 -0.805300 -0.744700 -2.630800 -1.612100 -1.192000 -1.537100 -5.257300 -0.867200 -2.973500 -9.460200 -2.318500 
0.494000 -0.850600 -0.989000 -0.932400 -2.933800 -1.969800 -1.234800 -1.323000 -3.593700 -0.759600 -4.728200 -7.880300 
0.496000 -1.406300 -1.233300 -1.308300 -0.976600 -2.668700 -1.796800 -2.543600 -1.881900 -2.941900 -2.544200 -7.524200 
0.498000 -0.335800 -1.114200 -1.443400 -2.439800 -0.594800 -0.553200 -2.654600 -2.463200 -9.020900 -7.015400 -4.859200 
0.500000 -1.145500 -0.779500 -1.546500 -1.598700 -1.263900 -1.185400 -3.769300 -3.625200 -5.000900 -4.604400 -3.864200 
0.502000 -0.955600 -0.943500 -1.488100 -1.886400 -3.664000 -1.254300 -1.226900 -3.069500 -4.078000 -4.186100 -3.224900 
0.504000 -0.641400 -1.286600 -1.501600 -1.094100 -0.912600 -0.661600 -1.305100 -5.253300 -3.761800 -9.173700 -3.419100 
0.506000 -2.018300 -0.938100 -1.731600 -2.986100 -1.650100 -1.960400 -0.204400 -2.833500 -1.837400 -6.684400 -5.387000 
0.508000 -0.595800 -1.685000 -1.937600 -7.402700 -1.487900 -0.680500 -4.538300 -3.723800 -3.164000 -4.044900 -6.307600 
0.510000 -1.127000 -1.824700 -0.400800 -2.582300 -1.276300 -6.462300 -0.937500 -1.501800 -1.893500 -3.453200 -4.021600 
0.512000 -0.939000 -1.284400 -1.356500 -2.030000 -2.500400 -3.162200 -3.704700 -2.115500 -0.135900 -1.561700 -4.446400 
0.514000 -1.399800 -0.327900 -1.112100 -1.394000 -1.537500 -0.352400 -1.426500 -0.964600 -1.634000 -6.391000 -6.161800 
0.516000 -0.231300 -1.750700 -3.117700 -0.411000 -2.560700 -1.164400 -0.641100 -1.248200 -0.304800 -7.087600 -5.467000 
0.518000 -0.564000 -1.325600 -0.662100 -0.824800 -1.116700 -4.228800 -1.368800 -1.607600 -2.345700 -2.727700 -5.162900 
0.520000 -0.465700 -1.331200 -0.910300 -1.126600 -2.517400 -2.087400 -2.693200 -1.590500 -1.579800 -7.497200 -12.084000 
0.522000 -0.489800 -1.204100 -1.247800 -0.833900 -1.150000 -1.115300 -0.989300 -6.416900 -4.385900 -4.169700 -12.246400 
0.524000 -1.247500 -0.359200 -0.872900 -0.722000 -1.842400 -0.710600 -2.364800 -4.365600 -4.407200 -7.691100 -7.027600 
0.526000 -0.559100 -0.768700 -1.764200 -1.226800 -1.648300 -1.017400 -2.231800 -1.318100 -1.408100 -1.406000 -13.288600 
0.528000 -1.284000 -0.624000 -1.590400 -0.868700 -7.358600 -1.823700 -2.358700 -3.138800 -3.494500 -0.879800 -8.397300 
0.530000 -0.966300 -0.235400 -1.056500 -2.072100 -3.700300 -0.459300 -0.592100 -2.649200 -1.236700 -1.403900 -11.973100 
0.532000 -0.791700 -0.247200 -0.853800 -1.555200 -2.442000 -0.112300 -1.003100 -5.244500 -3.701900 -1.535700 -4.750400 
0.534000 -0.721000 -1.230900 -1.004900 -3.075200 -2.717700 -3.545000 -0.348300 -1.059600 -3.118900 -4.225200 -13.406200 
0.536000 -1.190600 -1.124100 -2.178400 -1.886500 -3.671600 -0.875100 -0.926000 -1.313800 -1.780100 -3.913700 -3.812600 
0.538000 -1.486000 -1.683100 -0.608200 -1.942800 -5.144100 -2.109200 -3.018500 -2.622000 -1.226600 -2.496000 -11.647100 
0.540000 -0.304400 -0.772600 -0.586900 -4.653100 -1.308700 -1.243200 -0.983700 -1.471100 -1.557500 -0.744400 -6.169700 
0.542000 -1.370400 -1.634400 -0.901000 -1.901000 -1.462600 -1.455000 -2.483900 -5.311000 -3.873300 -6.677100 -10.178300 
0.544000 -0.923600 -0.964400 -1.585600 -0.652300 -1.809000 -1.327900 -2.183700 -3.776900 -2.959100 -1.707300 -14.064600 
0.546000 -0.855700 -1.234100 -1.040600 -1.752900 -2.849100 -1.541700 -1.501400 -0.926800 -2.097000 -5.825900 -14.908200 
0.548000 -0.734000 -1.112700 -0.702000 -1.454100 -2.037700 -1.866800 -2.054800 -2.165800 -1.082900 -7.359800 -13.944200 
0.550000 -0.234300 -3.181000 -0.606400 -1.261900 -1.929000 -5.788900 -1.499400 -2.204400 -0.964800 -15.306400 -5.342100 
0.552000 -1.419200 -1.293500 -2.198700 -3.426100 -1.519200 -2.284800 -1.376400 -3.287800 -0.895500 -6.547100 -1.035700 
0.554000 -0.985800 -1.391400 -0.825600 -3.051100 -0.682400 -0.626700 -1.306800 -1.966100 -1.234900 -1.615300 -8.851500 
0.556000 -1.417500 -1.465900 -0.979400 -0.826400 -1.026100 -0.578700 -4.285500 -2.579700 -2.294900 -5.141700 -3.348800 
0.558000 -0.772100 -0.485200 -0.994500 -2.007400 -1.326800 -0.767200 -0.827700 -1.642000 -3.829800 -2.690400 -5.298900 
0.560000 -1.735700 -1.566900 -1.474800 -2.611200 -1.012800 -1.123700 -3.537400 -2.202800 -1.227900 -5.552000 -12.105400 
0.562000 -1.338100 -2.000000 -0.789100 -2.365600 -1.089300 -1.752600 -5.202100 -2.545300 -1.402100 -3.615300 -3.606100 
0.564000 -1.314800 -0.834900 -1.487000 -1.027900 -2.364300 -3.705800 -1.198800 -2.886700 -2.217500 -2.244300 -9.719400 
0.566000 -0.486500 -1.525000 -0.847100 -1.427100 -2.930300 -0.469000 -1.337600 -4.545900 -1.438900 -2.578800 -1.013000 
0.568000 -1.042200 -0.442700 -1.308000 -2.099800 -3.258300 -3.884600 -0.632500 -3.032700 -5.856700 -4.351600 -2.809000 
0.570000 -0.790600 -3.424400 -0.237100 -2.469900 -2.292300 -5.447400 -2.324700 -3.221000 -2.448500 -2.932000 -8.767000 
0.572000 -0.734200 -0.836000 -1.077900 -0.372100 -0.808000 -3.108600 -1.679700 -4.183600 -3.991100 -6.403000 -8.145300 
0.574000 -1.186000 -1.833700 -0.573400 -1.204000 -1.439800 -1.656900 -3.367800 -0.849600 -2.052700 -2.711400 -2.850400 
0.576000 -0.751700 -1.007700 -1.309300 -0.706400 -1.866200 -2.320500 -2.579300 -7.452200 -3.100000 -7.788200 -3.080900 
0.578000 -1.713400 -0.655300 -0.719700 -1.359900 -1.427200 -2.085300 -2.871300 -5.289000 -1.944100 -4.200300 -2.161600 
0.580000 -0.223200 -0.968700 -0.597300 -1.895400 -1.617500 -0.331300 -1.683200 -5.760200 -4.450600 -0.882000 -0.404000 
0.582000 -0.846500 -0.207300 -1.568600 -2.345900 -1.049500 -1.851900 -5.077800 -4.264200 -1.821100 -0.673500 -8.587600 
0.584000 -1.578000 -1.222700 -1.063500 -0.896800 -1.585900 -2.519400 -1.867200 -2.201200 -3.150900 -1.272600 -8.659400 
0.586000 -1.229400 -1.351100 -0.656500 -1.598900 -0.585200 -2.899600 -2.241700 -3.707900 -0.613800 -3.338600 -4.141000 
0.588000 -0.424800 -1.247700 -1.025600 -1.243400 -0.914300 -2.399200 -1.588000 -3.152100 -2.430400 -5.378200 -8.284000 
0.590000 -0.761500 -0.526500 -1.754700 -1.062100 -0.897700 -1.378200 -3.706900 -2.447900 -3.850700 -11.383600 -2.595000 
0.592000 -1.389100 -0.799500 -0.699700 -0.586700 -0.805500 -2.334500 -1.665800 -2.870600 -0.962900 -2.322900 -17.284700 
0.594000 -0.896900 -0.511000 -0.757900 -1.978800 -0.936200 -3.616400 -2.819100 -3.546300 -2.536200 -0.971300 -7.290900 
0.596000 -1.973800 -2.055700 -1.439100 -1.303500 -1.364200 -0.795200 -0.800100 -5.852500 -5.606600 -2.021300 -11.072600 
0.598000 -0.437100 -1.566300 -1.879000 -2.745600 -1.717700 -1.263600 -2.061200 -1.451200 -2.513400 -2.722200 -8.621000 
0.600000 -1.011300 -0.498700 -2.656400 -0.688700 -2.781900 -1.433900 -0.946100 -2.429500 -2.034200 -1.203600 -6.407500 
0.602000 -0.977500 -0.806500 -1.339800 -1.366200 -1.234600 -1.363000 -3.159000 -5.615100 -1.393400 -1.441900 -5.320500 
0.604000 -1.379500 -0.557300 -1.142500 -1.404800 -1.810800 -0.800000 -3.123800 -2.463700 -4.532400 -1.075200 -2.518900 
0.606000 -0.203600 -0.953000 -2.859900 -0.785400 -3.065300 -0.226900 -4.410300 -5.854100 -1.594500 -6.687200 -9.365700 
0.608000 -0.718500 -1.332900 -1.839200 -1.595500 -0.212400 -1.383200 -1.409000 -1.793300 -4.441400 -1.163100 -2.487200 
0.610000 -0.998800 -1.203600 -0.759300 -4.497700 -0.952800 -1.409900 -1.218600 -1.789600 -2.371400 -4.253500 -19.516300 
0.612000 -0.475000 -0.848800 -1.084700 -1.513900 -1.731600 -3.320600 -2.823400 -2.199000 -2.162000 -3.655000 -3.901700 
0.614000 -0.750000 -3.782000 -1.422700 -1.872000 -2.097500 -1.128200 -1.389300 -3.476900 -3.068500 -2.970600 -2.384100 
0.616000 -0.656200 -0.528100 -2.800600 -0.446800 -1.520800 -2.656000 -1.288100 -3.716700 -1.739400 -1.722000 -0.672400 
0.618000 -1.500100 -1.649900 -1.220100 -1.797900 -1.836700 -2.000300 -1.455300 -1.278800 -2.019600 -3.467000 -3.930000 
0.620000 -2.009100 -1.068800 -1.072700 -3.756500 -2.601700 -1.234200 -0.527400 -3.689300 -1.599600 -3.484700 -3.479100 
0.622000 -1.246800 -0.287300 -2.119200 -1.702200 -1.694300 -0.746100 -1.520000 -1.616700 -1.401400 -8.992800 -4.255100 
0.624000 -0.799300 -1.116300 -1.913200 -2.140900 -0.562400 -0.760100 -1.913000 -3.010700 -0.804000 -2.736000 -4.489700 
0.626000 -0.475200 -1.062000 -1.676500 -0.807900 -1.359000 -2.115000 -1.811500 -2.767700 -4.718400 -2.907000 -2.396800 
0.628000 -0.587300 -0.198000 -1.560900 -2.736300 -2.921800 -1.335300 -1.370600 -0.930500 -1.417700 -2.620700 -4.425900 
0.630000 -0.352200 -1.601300 -1.627900 -0.641300 -0.872700 -2.007500 -1.596900 -1.993700 -2.743600 -2.712600 -2.657200 
0.632000 -0.960600 -0.511000 -1.704400 -2.176100 -2.221800 -2.256600 -3.029100 -2.468100 -1.845000 -5.103100 -1.262000 
0.634000 -0.730800 -0.423400 -0.773300 -1.077400 -1.315300 -0.881700 -2.446100 -1.909200 -1.980100 -5.758500 -1.214500 
0.636000 -0.670200 -0.192900 -1.864000 -1.186400 -2.598300 -2.841900 -0.916100 -3.079200 -1.555600 -7.240300 -8.124800 
0.638000 -1.788200 -1.085800 -0.935200 -2.867200 -1.360100 -1.109700 -2.513100 -9.058600 -2.304300 -6.067000 -4.950900 
0.640000 -1.648400 -2.193600 -0.906000 -1.075800 -0.600500 -1.088100 -0.760800 -1.806200 -2.656300 -1.427900 -5.102500 
0.642000 -0.808200 -1.267400 -3.457200 -1.292200 -1.791500 -0.940600 -2.104600 -2.752800 -3.315200 -3.505900 -8.993800 
0.644000 -1.580700 -2.964100 -1.850000 -1.848400 -2.890600 -2.632700 -0.431300 -2.884200 -7.463800 -0.649000 -13.384900 
0.646000 -1.713900 -0.736300 -0.990800 -1.907100 -2.258000 -0.652900 -1.879200 -4.649900 -1.722200 -3.351100 -2.995600 
0.648000 -1.299300 -0.334900 -0.633100 -0.560600 -1.508000 -0.736400 -0.943700 -6.350300 -1.767300 -3.402000 -9.109300 
0.650000 -1.997700 -0.923900 -0.879000 -0.561400 -3.968900 -0.720100 -2.988500 -2.219100 -1.313700 -3.006400 -2.553700 
0.652000 -1.122600 -0.367100 -0.729800 -1.028900 -4.643100 -2.093100 -1.358500 -6.249100 -1.093000 -0.704000 -5.811400 
0.654000 -1.057700 -0.838300 -0.826900 -2.446900 -0.707100 -1.461300 -1.791900 -4.095700 -3.643500 -3.329200 -3.622500 
0.656000 -1.037800 -1.758700 -1.014700 -2.881200 -1.125300 -1.720800 -1.631400 -6.008400 -4.342900 -1.043400 -6.837500 
0.658000 -1.808200 -0.258300 -2.261300 -1.142400 -1.477300 -2.130600 -1.041400 -9.622000 -4.711800 -0.190200 -7.493800 
0.660000 -1.903100 -1.510300 -3.635200 -2.053600 -1.066500 -1.869500 -2.252400 -7.260600 -1.837500 -1.123000 -7.157000 
0.662000 -1.159500 -1.631300 -3.959400 -2.313000 -1.239300 -1.372500 -1.932000 -4.440000 -3.361800 -1.270500 -3.187800 
0.664000 -0.631800 -1.312300 -1.097800 -0.931000 -0.553600 -1.352300 -1.499100 -3.752600 -0.999200 -1.017600 -1.977400 
0.666000 -3.966100 -0.840000 -1.179400 -1.423400 -2.122800 -0.655500 -2.525000 -9.805000 -2.171400 -4.182000 -6.707400 
0.668000 -1.277600 -1.802500 -4.352300 -0.473400 -0.760000 -1.414000 -0.846200 -6.257700 -2.553200 -1.623900 -7.041400 
0.670000 -0.432100 -1.423500 -0.530700 -2.856600 -1.152200 -1.960900 -1.358000 -2.581100 -3.034400 -3.386600 -6.145600 
0.672000 -3.454400 -0.801700 -2.596800 -1.320300 -2.450900 -1.496500 -1.773700 -5.357500 -4.937300 -1.507300 -17.132400 
0.674000 -0.413900 -1.291400 -1.507600 -1.350500 -0.910500 -0.909400 -0.860100 -4.927000 -2.052700 -1.789000 -1.325200 
0.676000 -1.557300 -1.043300 -1.377300 -2.115700 -1.076300 -3.174100 -2.250500 -2.353800 -4.842100 -2.408100 -7.419000 
0.678000 -0.965100 -1.429200 -1.058600 -1.531500 -0.893600 -1.646000 -4.736100 -4.368500 -1.716700 -2.154500 -3.741100 
0.680000 -1.465900 -0.500300 -2.214500 -0.881200 -2.390100 -5.050200 -3.031500 -2.199700 -1.072400 -2.069000 -1.826200 
0.682000 -0.655800 -1.941500 -1.777000 -1.517200 -0.578500 -0.844700 -1.955100 -1.114300 -1.830600 -5.760200 -2.968500 
0.684000 -1.633800 -0.974100 -3.115700 -3.358000 -0.642200 -0.929600 -5.295700 -4.068100 -0.270800 -6.236100 -3.332500 
0.686000 -1.122600 -0.627100 -0.373800 -1.474500 -1.840100 -0.763800 -4.115400 -3.807700 -1.438700 -2.727100 -2.209400 
0.688000 -0.629700 -0.243900 -0.639300 -3.566500 -1.823500 -2.785000 -6.827300 -4.702000 -1.051300 -1.454700 -4.102500 
0.690000 -1.053700 -0.320700 -0.184900 -0.759600 -2.347000 -3.650500 -4.141600 -3.405600 -0.869800 -2.645400 -3.512500 
0.692000 -0.779100 -1.464200 -2.129800 -2.522900 -0.810600 -2.184500 -5.262000 -3.627800 -4.255400 -7.180300 -6.918200 
0.694000 -0.832500 -2.417400 -1.614700 -1.923200 -2.348600 -0.753500 -3.522100 -2.983000 -0.312300 -6.107900 -7.186700 
0.696000 -0.604700 -0.219100 -1.464400 -0.697100 -3.897200 -1.295300 -3.369800 -3.422200 -4.036200 -2.596700 -5.265500 
0.698000 -1.243700 -0.354000 -1.649400 -0.393600 -1.925800 -5.141300 -2.629900 -1.705700 -3.313300 -3.644100 -4.424100 
0.700000 -0.344400 -2.289000 -1.442000 -0.848000 -0.861300 -1.417300 -2.095800 -5.524300 -1.926600 -1.734500 -6.839500 
0.702000 -1.409800 -0.396800 -0.621000 -1.241700 -1.852800 -3.684800 -3.743400 -3.739100 -0.517300 -1.487600 -7.498800 
0.704000 -0.597400 -0.691600 -0.273600 -2.000600 -1.133900 -3.381000 -1.450200 -5.253200 -5.318400 -1.303500 -4.563200 
0.706000 -1.077400 -1.050800 -2.327700 -3.313400 -3.088400 -1.545600 -0.859000 -4.960700 -3.794800 -0.984300 -3.256900 
0.708000 -2.084300 -0.694200 -1.325200 -2.213300 -0.747900 -3.205500 -1.696600 -4.715300 -0.166400 -0.574900 -10.958100 
0.710000 -0.748400 -2.466400 -0.781500 -0.713200 -1.214500 -1.994900 -2.003100 -3.722500 -1.897500 -5.858900 -7.338000 
0.712000 -1.034800 -1.041800 -1.390400 -1.089500 -1.459400 -2.994400 -1.504400 -3.644500 -1.856900 -2.888100 -9.053900 
0.714000 -1.424600 -1.406000 -0.738300 -1.807700 -2.328600 -2.707800 -1.714300 -2.146500 -6.192200 -1.487000 -8.581500 
0.716000 -0.348500 -1.548900 -1.514200 -3.197500 -2.033500 -2.257600 -1.299200 -6.055300 -4.735900 -3.746500 -7.683600 
0.718000 -1.590100 -0.524400 -0.258400 -1.622300 -3.037100 -3.373200 -3.352400 -3.971300 -1.826700 -6.536300 -5.570900 
0.720000 -1.060400 -0.895900 -1.629400 -1.323100 -2.157200 -2.633900 -1.336500 -4.818300 -1.608300 -6.254000 -6.609900 
0.722000 -1.902100 -1.062500 -1.047700 -2.169900 -1.612100 -2.250400 -1.419200 -2.863400 -0.448100 -2.466400 -7.588600 
0.724000 -0.506300 -2.176900 -0.398300 -1.475300 -1.534600 -3.448400 -1.306400 -2.533500 -3.519300 -3.320200 -10.813500 
0.726000 -0.483200 -3.090800 -1.228400 -2.465500 -2.565300 -3.176300 -0.830800 -3.368700 -1.397800 -1.438100 -2.621400 
0.728000 -0.356100 -1.255300 -0.984000 -0.940000 -1.907100 -1.846500 -2.656700 -1.526400 -3.212000 -1.008700 -2.962900 
0.730000 -0.816000 -0.289000 -1.508900 -1.930000 -1.472500 -1.967600 -2.051000 -2.832400 -3.564000 -5.183600 -0.911800 
0.732000 -1.033100 -0.730400 -1.178600 -1.269200 -1.455000 -2.392500 -2.187100 -3.188600 -1.219000 -2.191500 -16.343100 
0.734000 -2.460700 -0.518500 -4.203800 -1.894700 -1.977200 -2.972800 -5.788700 -2.549400 -1.181800 -2.726300 -1.305000 
0.736000 -0.841000 -1.065500 -0.757300 -3.089600 -4.571100 -2.798500 -0.543600 -1.117300 -1.389200 -7.366200 -13.022800 
0.738000 -1.049500 -1.299900 -1.348800 -2.081700 -3.157500 -3.127500 -1.223900 -4.110500 -1.981700 -2.282500 -9.741800 
0.740000 -1.304700 -1.466900 -0.757700 -1.193400 -0.353600 -3.342300 -1.423700 -3.874500 -5.310600 -1.004900 -3.023100 
0.742000 -0.354000 -0.228500 -0.993000 -1.848900 -0.922300 -4.800000 -1.547500 -2.468100 -1.615500 -1.926300 -1.933700 
0.744000 -0.846400 -0.842600 -2.212400 -1.471400 -0.756800 -1.877800 -0.761000 -4.500700 -2.591100 -1.130200 -2.821100 
0.746000 -0.661500 -0.838900 -0.677400 -0.852100 -3.055900 -5.775000 -1.330300 -2.439400 -8.269000 -7.240000 -5.607600 
0.748000 -1.968400 -0.748100 -1.296200 -1.674500 -0.679000 -4.285100 -2.420300 -6.435900 -1.996800 -7.222300 -6.895500 
0.750000 -0.656400 -0.341300 -1.457900 -1.399800 -0.511200 -3.033000 -2.991200 -2.035500 -2.180200 -2.492900 -6.297600 
0.752000 -0.476900 -0.913000 -1.369000 -2.682200 -1.426200 -2.474200 -1.392600 -2.355200 -1.026100 -2.770900 -7.097500 
0.754000 -1.645600 -1.541200 -1.294800 -0.999600 -1.157400 -5.211700 -2.731000 -2.423300 -4.494500 -1.721000 -2.784400 
0.756000 -1.835500 -1.073200 -0.975800 -3.009000 -1.103000 -2.776600 -0.995200 -3.797000 -0.579200 -1.125500 -9.000800 
0.758000 -1.031400 -0.494300 -2.079300 -2.889800 -2.554800 -4.808600 -2.578700 -2.082800 -1.034500 -1.883700 -4.460800 
0.760000 -0.811900 -0.306500 -1.086900 -1.747700 -2.137300 -3.090100 -0.345800 -2.663500 -3.444000 -6.056200 -2.873900 
0.762000 -1.200000 -2.099200 -1.048400 -0.734100 -3.806400 -4.365000 -2.896700 -6.143400 -2.700300 -6.032400 -1.961400 
0.764000 -1.113600 -0.633000 -1.021900 -1.360800 -1.117300 -1.202200 -3.495300 -4.779700 -2.504300 -14.589800 -5.840600 
0.766000 -0.354000 -0.409100 -1.419300 -0.901300 -3.645400 -5.415800 -3.785300 -5.585200 -3.690200 -1.858900 -6.673300 
0.768000 -1.261400 -0.772400 -1.540000 -0.867600 -0.851800 -4.302600 -4.216900 -4.354400 -0.514600 -18.412200 -17.632500 
0.770000 -1.357000 -0.943700 -3.056100 -1.088000 -2.199600 -3.139800 -3.162900 -2.280500 -3.501600 -2.818500 -6.955400 
0.772000 -1.740800 -0.898800 -1.399900 -3.113100 -1.990600 -2.690100 -1.695000 -2.045000 -0.407800 -0.836400 -4.579800 
0.774000 -1.047400 -1.377300 -1.861500 -1.181800 -3.697300 -5.409400 -0.909300 -2.066200 -0.707800 -7.310400 -4.432800 
0.776000 -0.660000 -0.795600 -0.831100 -1.333700 -2.151600 -2.643600 -2.530600 -1.257700 -1.231200 -9.156500 -11.303900 
0.778000 -1.377600 -2.809000 -1.046900 -1.075300 -2.683100 -1.444700 -1.677800 -1.380000 -2.926400 -0.808800 -1.407000 
0.780000 -1.497100 -0.577200 -0.787100 -2.792700 -2.246400 -2.100200 -0.455500 -1.795700 -0.479800 -3.412900 -13.540900 
0.782000 -0.412400 -0.928400 -0.908600 -2.339700 -3.570400 -5.965500 -0.646000 -4.368100 -2.746000 -1.930000 -0.737900 
0.784000 -0.954500 -0.644300 -1.472800 -1.471600 -0.832400 -4.655300 -2.077000 -2.306400 -1.402800 -1.656600 -3.531200 
0.786000 -1.170800 -0.953900 -0.410200 -2.550700 -1.988200 -1.844600 -2.898700 -2.309800 -2.069900 -3.885800 -1.825500 
0.788000 -1.147600 -0.257600 -1.507800 -0.741700 -3.104100 -3.687900 -2.282500 -0.756500 -1.569000 -2.822800 -6.625200 
0.790000 -1.909400 -0.625700 -1.066600 -2.061800 -1.611000 -4.262400 -6.953700 -1.721100 -1.938100 -3.424000 -3.587800 
0.792000 -1.152700 -2.563400 -0.105400 -2.084200 -1.897100 -5.734500 -1.639900 -2.461600 -2.163200 -3.852700 -2.738300 
0.794000 -1.768600 -0.706700 -0.409000 -1.118900 -0.852900 -4.453800 -0.796300 -6.697100 -4.403200 -4.111100 -2.668600 
0.796000 -1.047300 -0.833400 -2.238000 -3.505800 -1.684500 -5.201400 -2.008000 -1.343800 -5.581300 -3.478700 -0.720000 
0.798000 -1.415000 -0.809500 -0.604500 -1.077500 -1.065500 -2.312800 -1.401300 -7.866800 -3.876000 -5.834100 -5.527400 
0.800000 -0.862200 -0.137500 -1.377800 -1.029400 -4.887800 -1.255500 -2.107300 -1.721600 -4.696900 -1.022600 -4.056900 
0.802000 -0.999100 -0.867900 -1.532300 -1.712900 -0.926000 -2.514200 -1.839700 -3.296500 -0.552700 -2.704700 -3.600100 
0.804000 -1.294800 -0.961700 -2.052800 -2.098100 -1.726900 -2.286900 -0.684500 -1.965200 -1.516000 -3.217300 -7.242000 
0.806000 -1.603200 -1.540600 -1.543500 -1.594900 -0.706900 -1.889900 -1.972800 -1.568500 -2.293000 -4.689800 -6.426200 
0.808000 -1.789500 -0.986400 -1.358400 -3.487300 -0.425200 -2.746200 -0.932800 -5.540900 -1.411900 -4.427400 -0.568200 
0.810000 -1.242600 -0.559800 -0.903000 -1.276400 -1.886800 -3.022300 -0.694300 -3.586900 -1.413600 -7.446800 -1.569800 
0.812000 -1.535800 -0.602600 -1.686000 -2.143400 -2.356900 -1.849500 -1.210700 -2.308200 -2.166300 -2.755000 -6.932100 
0.814000 -0.924800 -0.813900 -1.615200 -1.399100 -2.645900 -3.712200 -1.943300 -2.581100 -0.644100 -4.346000 -3.575500 
0.816000 -0.431700 -0.634700 -0.875800 -1.472300 -0.757500 -3.333500 -1.772600 -2.253100 -1.342300 -1.507600 -4.557800 
0.818000 -1.362200 -2.037000 -1.402700 -0.826500 -1.004800 -2.014700 -4.727600 -3.558300 -0.931700 -7.538900 -4.046300 
0.820000 -1.888000 -0.362100 -1.843400 -0.938300 -0.607600 -3.293400 -2.406800 -2.831000 -4.138900 -3.130800 -1.116100 
0.822000 -1.538200 -1.316300 -0.936500 -1.162700 -0.646500 -2.144000 -2.566400 -2.343100 -2.636000 -5.249900 -15.181900 
0.824000 -1.563100 -0.310300 -1.478000 -1.130300 -1.488100 -2.880100 -2.578300 -1.321300 -1.051900 -4.377100 -9.907900 
0.826000 -1.956600 -0.254700 -2.251000 -1.917300 -0.977300 -2.818400 -0.863100 -2.193500 -1.523100 -2.850800 -2.039300 
0.828000 -0.983600 -4.111600 -2.095600 -1.859000 -0.757000 -6.579400 -4.278400 -3.230600 -4.008500 -2.842600 -1.665700 
0.830000 -0.711900 -1.058200 -0.621200 -1.745600 -2.006500 -5.033400 -2.254000 -2.494100 -1.089900 -4.293600 -5.419200 
0.832000 -0.357600 -0.928600 -0.497700 -1.544500 -1.712800 -3.059800 -0.726800 -0.818400 -2.106900 -4.133700 -6.333200 
0.834000 -0.583600 -0.842900 -0.323600 -0.458000 -1.082300 -5.431100 -1.207200 -1.827700 -4.473700 -1.425400 -4.921700 
0.836000 -1.189900 -0.626900 -1.182600 -1.534500 -0.762700 -3.209900 -2.820000 -2.342300 -1.331900 -1.315200 -2.476700 
0.838000 -2.106100 -1.588000 -0.710600 -1.096200 -1.166600 -3.375300 -2.309300 -1.677600 -2.333100 -2.551600 -1.950000 
0.840000 -0.951100 -0.736800 -1.174500 -0.708500 -2.104700 -4.497900 -2.594200 -1.782500 -1.881400 -1.719400 -6.053000 
0.842000 -1.579800 -0.834700 -1.677200 -2.532600 -1.730600 -3.781400 -1.101300 -0.706800 -3.200400 -1.602100 -2.863200 
0.844000 -1.163100 -0.357400 -3.082500 -1.165700 -2.129000 -4.325400 -1.958900 -2.523300 -5.070000 -2.058100 -3.000300 
0.846000 -1.861000 -1.357900 -0.489300 -0.905600 -0.979500 -4.931300 -0.935100 -3.879400 -1.202800 -1.059500 -6.498400 
0.848000 -0.919400 -0.833300 -1.902000 -3.169800 -0.974700 -1.538900 -0.144400 -1.383300 -1.892200 -1.479400 -3.140900 
0.850000 -0.658400 -0.929200 -0.473900 -2.505200 -1.227800 -6.019700 -3.997400 -1.700800 -0.951600 -3.790800 -5.660200 
0.852000 -1.670800 -0.790300 -1.389600 -2.428500 -2.234800 -3.383700 -1.836800 -5.906200 -1.206800 -7.428400 -5.114400 
0.854000 -0.981500 -0.115700 -0.395900 -1.659100 -2.081400 -2.645800 -1.335800 -1.459100 -2.888000 -2.139400 -10.979000 
0.856000 -0.718200 -1.256000 -1.969800 -1.651000 -0.998400 -1.184100 -0.832200 -2.016900 -1.939100 -4.707100 -2.835200 
0.858000 -1.024900 -0.407100 -1.967900 -3.300300 -2.050300 -5.125700 -5.134800 -2.998200 -2.201200 -0.346000 -1.241700 
0.860000 -1.662400 -2.081600 -2.269400 -1.948700 -1.267600 -2.816800 -1.223200 -5.892100 -1.577400 -1.673100 -5.143100 
0.862000 -1.553500 -1.713400 -1.051300 -1.040000 -1.693800 -5.005600 -3.470500 -2.784100 -2.582100 -0.890800 -2.645500 
0.864000 -1.091100 -2.453700 -0.514500 -0.595100 -1.370700 -2.025000 -2.451200 -3.208500 -4.465500 -1.973800 -2.172200 
0.866000 -0.563000 -1.563800 -0.366600 -1.211300 -1.524900 -3.815600 -2.245200 -1.082200 -1.870800 -4.155900 -1.787700 
0.868000 -0.517700 -0.538700 -1.536300 -1.215300 -2.833700 -2.623100 -1.204400 -1.738700 -2.409900 -1.548400 -6.543300 
0.870000 -1.141300 -0.337800 -0.474700 -1.469900 -0.676900 -2.311900 -2.273700 -3.994800 -2.320300 -4.024800 -1.900300 
0.872000 -1.259100 -0.983300 -1.704300 -1.685400 -1.434500 -1.044200 -1.553900 -0.881600 -4.071600 -5.948700 -7.894900 
0.874000 -0.540200 -0.575100 -1.766800 -0.904900 -2.147600 -2.762900 -1.208700 -7.136900 -2.061400 -2.902000 -1.534600 
0.876000 -0.818300 -0.964700 -1.437600 -0.922100 -3.032700 -3.211100 -0.401600 -2.487400 -6.135900 -1.997300 -1.571400 
0.878000 -0.963200 -1.379700 -0.469900 -2.281700 -1.664200 -7.846400 -0.435800 -3.953700 -3.169100 -2.139500 -4.548600 
0.880000 -1.234200 -0.465400 -0.636500 -1.964500 -0.854000 -1.614400 -1.278300 -6.005500 -4.019600 -3.322400 -4.725900 
0.882000 -0.908000 -1.015100 -0.969000 -1.038200 -2.321000 -1.039400 -1.999100 -0.513800 -2.258400 -4.496700 -4.131700 
0.884000 -0.629700 -0.806400 -1.865100 -1.359600 -0.232900 -1.810800 -3.017500 -7.305200 -4.560300 -3.744600 -2.215900 
0.886000 -0.573300 -0.629400 -2.426300 -1.363800 -0.929500 -2.233500 -0.757100 -4.661400 -1.979700 -2.338000 -4.925100 
0.888000 -0.210900 -1.096200 -0.264300 -1.866900 -2.124000 -1.124800 -2.461300 -2.137800 -3.172400 -2.373600 -8.215300 
0.890000 -0.859200 -1.736400 -0.607700 -0.919900 -1.175700 -2.883400 -3.127200 -3.002200 -2.613100 -5.848700 -3.186500 
0.892000 -2.182200 -0.666100 -1.118100 -2.308900 -1.186000 -2.900500 -2.384000 -3.076900 -2.472100 -2.271600 -1.458800 
0.894000 -0.459700 -2.180400 -1.734700 -2.716200 -0.406400 -2.614300 -1.979700 -1.367600 -2.376000 -3.324600 -7.138500 
0.896000 -0.526600 -1.317400 -1.442600 -4.055600 -0.988300 -3.415300 -2.959300 -1.626300 -1.442100 -6.969900 -9.262100 
0.898000 -1.503300 -0.759300 -0.964200 -0.880600 -1.473400 -2.283500 -1.564500 -3.634300 -0.935400 -4.807300 -4.217500 
0.900000 -0.675500 -1.453400 -1.107700 -4.974700 -1.676700 -1.763800 -5.521400 -1.330600 -7.255400 -5.876200 -3.702500 
0.902000 -2.952000 -2.804900 -1.612400 -1.695200 -1.610900 -1.912800 -3.562100 -3.323700 -0.733600 -8.541900 -3.457200 
0.904000 -0.883900 -2.332900 -1.579100 -1.822300 -2.278900 -1.581900 -1.087300 -3.801400 -1.896400 -5.669800 -7.134100 
0.906000 -0.731100 -0.375000 -1.141000 -1.435100 -1.343300 -2.766300 -0.459400 -2.335600 -2.696500 -4.846900 -2.584800 
0.908000 -0.277500 -1.598200 -1.145900 -2.205900 -1.793900 -0.568000 -4.117800 -2.124400 -2.414000 -2.503200 -10.117900 
0.910000 -1.064100 -0.235100 -1.286500 -2.724700 -0.801100 -3.487900 -2.100100 -5.164100 -1.786000 -2.230500 -3.690700 
0.912000 -0.297700 -1.654700 -3.015700 -0.259000 -0.944400 -3.153200 -1.502900 -5.011500 -3.151200 -2.543300 -3.166600 
0.914000 -0.572100 -3.499200 -0.671100 -1.914200 -1.184800 -0.486800 -2.479000 -1.649500 -3.167700 -4.756700 -2.961200 
0.916000 -0.843000 -1.648800 -0.462700 -0.828900 -1.361000 -1.463300 -1.105600 -0.440000 -0.408900 -1.417800 -1.993800 
0.918000 -0.522700 -0.850800 -1.322200 -2.011100 -1.839500 -1.569600 -2.075800 -2.057300 -10.340400 -1.895300 -2.303900 
0.920000 -1.747700 -1.612000 -1.659300 -1.478600 -1.241600 -2.299100 -1.277600 -4.293300 -3.532900 -3.772100 -9.153100 
0.922000 -1.182600 -0.678800 -0.722400 -0.580400 -1.383300 -1.801700 -0.618700 -0.820200 -3.616400 -0.605800 -18.288300 
0.924000 -1.181000 -0.926400 -1.058600 -1.278900 -2.210000 -1.693200 -0.840000 -2.244300 -1.905100 -2.059600 -21.024400 
0.926000 -0.580000 -1.184400 -1.085600 -2.510500 -1.401100 -0.930700 -0.601600 -4.568700 -4.746600 -1.789400 -1.878600 
0.928000 -2.035400 -0.185800 -1.115500 -1.946600 -1.085200 -0.393500 -3.980000 -0.987200 -2.270300 -2.589000 -5.218500 
0.930000 -0.533400 -1.259700 -0.510700 -2.087800 -1.333100 -1.793400 -2.711000 -6.179400 -2.488800 -4.731400 -1.678900 
0.932000 -1.204000 -0.798200 -1.660500 -1.292000 -0.684200 -2.705300 -6.113300 -2.599900 -1.448400 -3.339900 -6.326800 
0.934000 -0.503700 -0.285600 -2.229500 -1.437700 -1.382600 -1.413000 -1.317700 -3.916100 -1.574100 -7.945600 -2.358600 
0.936000 -0.413000 -1.378900 -0.768000 -1.088400 -1.755900 -1.657100 -0.454400 -1.662400 -5.335100 -2.980600 -4.786100 
0.938000 -2.095300 -1.508100 -1.170700 -1.501000 -0.676100 -2.939300 -2.007800 -1.141100 -0.316700 -10.983100 -3.820900 
0.940000 -2.866200 -1.423700 -1.673400 -1.364400 -1.047300 -0.548800 -1.660400 -1.637000 -1.340700 -6.254300 -8.492200 
0.942000 -1.032900 -0.051300 -2.987100 -0.511100 -1.741800 -0.867900 -1.324700 -3.065200 -0.762000 -2.775000 -3.613800 
0.944000 -0.713100 -0.941300 -2.111400 -0.936500 -1.365900 -1.631100 -1.619200 -2.308900 -1.031900 -0.744100 -8.748300 
0.946000 -0.161000 -1.872700 -1.858900 -3.979600 -0.825500 -3.270400 -3.036400 -4.715700 -3.392800 -3.400200 -4.349800 
0.948000 -1.159200 -2.033700 -0.971300 -2.459800 -4.554700 -1.626600 -0.864600 -4.351300 -1.423100 -8.525500 -6.616200 
0.950000 -1.043000 -0.687100 -1.693500 -1.121200 -0.875200 -2.460300 -0.977900 -4.460300 -1.107700 -1.952500 -3.953400 
0.952000 -0.870300 -1.450200 -0.690800 -3.331800 -2.294700 -3.855900 -0.383400 -3.322600 -1.938000 -3.046200 -5.123900 
0.954000 -1.140900 -0.103000 -1.430500 -0.696700 -0.377600 -1.959300 -0.749700 -3.369900 -1.956000 -6.805800 -8.634500 
0.956000 -3.093200 -3.735200 -0.494800 -1.635200 -0.930700 -3.294000 -2.983400 -2.688300 -4.641800 -9.491800 -1.183600 
0.958000 -1.807600 -2.598200 -3.301800 -1.045400 -0.857900 -3.286000 -1.360000 -2.922400 -1.538200 -5.432300 -4.992400 
0.960000 -0.707300 -1.150200 -1.731700 -3.033000 -1.098200 -1.243500 -1.904600 -1.171400 -2.461700 -3.802100 -3.301800 
0.962000 -2.300400 -0.451000 -1.076700 -0.892200 -0.662400 -0.728200 -1.526100 -3.295900 -2.815600 -3.436200 -1.859000 
0.964000 -1.792600 -0.947000 -1.565900 -0.778400 -1.823000 -4.036900 -2.006600 -2.720700 -1.648600 -2.480500 -1.366400 
0.966000 -0.343200 -0.718600 -0.888000 -0.771900 -0.677800 -2.344300 -0.694100 -4.726200 -5.726700 -2.393500 -4.242000 
0.968000 -1.859400 -1.759400 -1.434100 -2.187100 -1.907000 -4.795500 -1.113500 -8.724900 -2.408000 -10.356100 -3.904900 
0.970000 -1.152500 -0.765700 -1.062400 -2.759700 -1.828400 -2.476400 -1.175300 -2.395900 -0.602200 -5.569300 -1.854500 
0.972000 -1.612500 -0.814500 -0.252000 -1.127800 -1.704300 -1.568300 -1.199700 -1.575800 -5.357600 -1.682300 -10.390800 
0.974000 -1.293100 -1.523800 -0.682800 -4.427700 -1.061800 -1.840500 -1.333900 -1.139300 -1.997200 -3.701300 -2.257700 
0.976000 -1.920000 -2.383500 -0.990100 -0.573300 -0.998600 -0.766100 -1.822100 -2.461100 -1.887000 -8.181700 -16.425900 
0.978000 -2.166100 -2.115900 -1.303100 -1.041400 -1.069100 -1.805100 -1.389200 -4.132600 -3.488000 -2.078300 -4.465600 
0.980000 -3.290500 -2.097700 -1.746100 -0.743800 -1.920000 -3.917900 -1.448500 -1.635100 -5.520200 -8.104100 -2.731400 
0.982000 -2.761300 -0.976600 -1.694300 -2.445500 -2.199300 -0.653600 -1.206200 -2.874000 -1.754500 -2.821000 -4.034400 
0.984000 -2.214400 -0.736600 -0.215800 -0.839600 -1.930700 -0.728800 -2.128900 -1.212000 -0.946700 -2.863100 -3.837500 
0.986000 -0.188900 -2.069600 -1.383400 -1.727200 -1.550000 -0.895300 -2.143300 -2.156300 -1.253700 -3.732300 -6.323900 
0.988000 -0.842600 -1.432400 -1.693400 -1.360500 -2.027600 -1.384400 -1.214800 -4.151200 -5.222600 -1.321200 -1.945200 
0.990000 -2.020800 -1.644100 -1.143000 -1.258500 -2.178000 -0.979900 -1.376800 -2.860200 -4.010200 -3.362800 -9.274600 
0.992000 -2.455800 -1.210000 -1.674600 -2.221100 -1.495200 -4.376200 -0.614600 -1.423600 -4.263300 -2.235700 -7.225900 
0.994000 -0.650800 -1.467100 -0.874300 -0.924800 -0.623500 -1.723400 -1.381200 -3.492300 -0.526900 -3.018500 -9.634100 
0.996000 -0.744600 -0.227200 -0.772000 -1.276000 -1.659600 -0.448000 -1.579600 -2.144700 -1.194200 -2.242400 -2.706600 
0.998000 -0.575300 -0.667000 -1.977600 -1.635000 -1.252600 -1.947100 -1.411800 -1.556200 -3.653700 -0.877400 -6.441700 
