# gradients (DV/DL) for lambdas: 0.0 0.1 0.2 0.3 0.4 0.5 0.6 0.7 0.8 0.9 1.0
0.000000 -0.219500 -0.760200 -1.380300 -1.182400 -1.103700 -0.877700 -2.151600 -2.735400 -2.017100 -0.670200 -13.058500 
0.002000 -1.027700 -1.511000 -0.331300 -1.232300 -0.629500 -1.014300 -1.888700 -2.450100 -2.321900 -3.437800 -4.850100 
0.004000 -1.133100 -1.747700 -1.009300 -2.051300 -0.432100 -1.833700 -6.788900 -1.721700 -3.481600 -3.838600 -3.675500 
0.006000 -1.146600 -2.131800 -1.603300 -1.692100 -2.327800 -2.802300 -2.611900 -2.056800 -2.023900 -4.530600 -7.441900 
0.008000 -2.675000 -2.019400 -0.712200 -0.986300 -2.140500 -0.111700 -0.836000 -2.694800 -1.946800 -0.738100 -1.078500 
0.010000 -1.064400 -0.178800 -1.757200 -0.747200 -1.721400 -0.954600 -2.187100 -6.945300 -6.932500 -7.494500 -2.992400 
0.012000 -1.384200 -1.011200 -0.175400 -0.636300 -3.138700 -0.241200 -2.467600 -0.606600 -5.121100 -1.632300 -11.001000 
0.014000 -0.746400 -1.274900 -2.280800 -0.568700 -0.535100 -1.325900 -1.071000 -4.689300 -3.367600 -5.508800 -3.225400 
0.016000 -0.843200 -1.233200 -1.717300 -0.978000 -1.456300 -1.888600 -0.752000 -0.775300 -4.485400 -3.088000 -1.637900 
0.018000 -0.859200 -0.631800 -2.426200 -1.004200 -1.844100 -1.002100 -2.708100 -1.165600 -2.665000 -3.063400 -17.052600 
0.020000 -1.662100 -4.936900 -0.104200 -0.806700 -0.393100 -0.346600 -1.141400 -3.307600 -2.940400 -2.319200 -2.632700 
0.022000 -0.868100 -0.318000 -0.650100 -0.910100 -1.487200 -0.761500 -2.176700 -0.704600 -3.061900 -2.642900 -3.854300 
0.024000 -2.119600 -1.101700 -0.727900 -2.981300 -1.495300 -1.477600 -0.762500 -1.815300 -4.677800 -2.778600 -8.794700 
0.026000 -0.732600 -0.970200 -0.582400 -1.484000 -0.908300 -0.325700 -4.692900 -3.134800 -2.382000 -2.819300 -4.668300 
0.028000 -3.331200 -1.899100 -1.079900 -0.627500 -1.782900 -1.838000 -1.066500 -0.312600 -2.355800 -2.240300 -3.413300 
0.030000 -1.895900 -0.812500 -1.090700 -0.747700 -1.629400 -1.890400 -1.318500 -2.285400 -6.549900 -3.496400 -6.143600 
0.032000 -2.522600 -1.149700 -2.919900 -3.513100 -3.107600 -5.336300 -1.966400 -2.266000 -15.464600 -6.846300 -21.202300 
0.034000 -1.361900 -0.630700 -0.953100 -0.447900 -3.252300 -0.653200 -0.736400 -1.108800 -6.339100 -1.327000 -7.276100 
0.036000 -1.510000 -1.705000 -0.601300 -0.839200 -1.979100 -0.465700 -0.273300 -0.322200 -10.378900 -1.096300 -8.173500 
0.038000 -0.904100 -1.403000 -3.667800 -0.422600 -2.091700 -1.112900 -3.267300 -0.875500 -4.683500 -3.521600 -4.265900 
0.040000 -0.646000 -0.875300 -1.266900 -0.570600 -1.270700 -1.918600 -1.855100 -0.825800 -3.320200 -6.738500 -5.197900 
0.042000 -4.215700 -1.287300 -1.600300 -3.285400 -1.873700 -1.021900 -2.105800 -1.442400 -2.144500 -6.295500 -9.920400 
0.044000 -0.991100 -1.002800 -0.517100 -2.269400 -0.842300 -1.253500 -0.872700 -0.494700 -0.828900 -6.292600 -6.270000 
0.046000 -0.907400 -0.685000 -0.377200 -0.642800 -2.507600 -0.642000 -2.082500 -2.375400 -2.430100 -3.862000 -2.101400 
0.048000 -0.756800 -0.709000 -0.921800 -1.849700 -0.945700 -1.432000 -2.104100 -2.533600 -1.131900 -6.556000 -3.986100 
0.050000 -1.525200 -0.834600 -1.388200 -2.644100 -0.698800 -1.223200 -5.759500 -3.330800 -0.756600 -0.291500 -14.243800 
0.052000 -1.023800 -1.089000 -2.018900 -0.784300 -0.667400 -0.804400 -5.491600 -1.426600 -0.492000 -3.298500 -4.875800 
0.054000 -1.087200 -0.730000 -0.370700 -1.959700 -3.338700 -1.198100 -1.484100 -2.153000 -0.274000 -4.369400 -3.878600 
0.056000 -0.798500 -1.249500 -0.904200 -0.618300 -0.792000 -1.116400 -2.202500 -3.359400 -3.526900 -2.096100 -1.266200 
0.058000 -1.117400 -0.844600 -2.188800 -0.549600 -1.134800 -3.160000 -0.584300 -2.458000 -6.291700 -0.360000 -4.175900 
0.060000 -0.609000 -2.232400 -1.855100 -0.555700 -1.932500 -1.862500 -1.284500 -1.070200 -1.897900 -9.286700 -8.303000 
0.062000 -2.239500 -1.934900 -0.795400 -0.741500 -1.084700 -1.721800 -0.726700 -0.590100 -1.818500 -11.578500 -4.191900 
0.064000 -1.190500 -0.834600 -0.264500 -0.535700 -0.796200 -3.226500 -3.420600 -0.714100 -0.896900 -1.566400 -0.943600 
0.066000 -1.243000 -1.738900 -0.533100 -1.090900 -2.171500 -1.038800 -2.091400 -0.577700 -6.982100 -1.641800 -3.943600 
0.068000 -0.611500 -1.163000 -1.436200 -1.292200 -1.424200 -0.561100 -2.218900 -4.435700 -6.200100 -4.857700 -4.516100 
0.070000 -0.845500 -0.603300 -0.469700 -0.344200 -0.401100 -1.365500 -5.289900 -4.113900 -4.121100 -2.653400 -4.397200 
0.072000 -1.225900 -0.734300 -0.743600 -1.116500 -1.265300 -0.591900 -1.727400 -1.169500 -0.695100 -4.527300 -1.513300 
0.074000 -1.737600 -1.777400 -0.752100 -0.480800 -2.493300 -2.527900 -1.204900 -3.004400 -2.976800 -2.127100 -2.977000 
0.076000 -1.032800 -1.089000 -0.624000 -1.047700 -1.554300 -0.698100 -1.491100 -0.887400 -4.758300 -3.177000 -4.530800 
0.078000 -1.529800 -0.618100 -0.841800 -1.307600 -1.716600 -1.164600 -2.226300 -1.712900 -2.934000 -3.771100 -4.515700 
0.080000 -1.952100 -1.067100 -0.240500 -1.106400 -0.608100 -0.957000 -1.853700 -3.465800 -1.244000 -8.933500 -5.288100 
0.082000 -2.433400 -0.755600 -0.476500 -0.797600 -2.451500 -2.738000 -0.430700 -3.043500 -0.266400 -5.477300 -3.101300 
0.084000 -0.450200 -1.218500 -0.860100 -0.618000 -0.601600 -2.886200 -1.604000 -0.722100 -3.859300 -3.407800 -7.210200 
0.086000 -1.917400 -1.378900 -0.819100 -2.074600 -1.887700 -3.721400 -2.079600 -3.515300 -3.203900 -3.040100 -0.984000 
0.088000 -2.354200 -0.073900 -0.626200 -0.081400 -1.796800 -0.599300 -2.232000 -4.606000 -2.523700 -2.130200 -9.850400 
0.090000 -0.837200 -2.752500 -1.375600 -1.129000 -0.978200 -0.497400 -1.606100 -5.539500 -2.235700 -6.965300 -7.573700 
0.092000 -0.857000 -0.537700 -1.180000 -1.130300 -3.234900 -2.420600 -1.409100 -3.976400 -4.471000 -4.954100 -1.650800 
0.094000 -1.591800 -1.461000 -1.189800 -0.432200 -0.610600 -1.605600 -1.576100 -1.522100 -1.662800 -4.532500 -1.989300 
0.096000 -1.447600 -0.710100 -0.994900 -0.588100 -0.245800 -1.480700 -1.026400 -4.309100 -0.487200 -3.938800 -2.275700 
0.098000 -2.458000 -0.403400 -0.903500 -1.108200 -1.960500 -0.463400 -0.497200 -2.002300 -3.688200 -0.348400 -3.947400 
0.100000 -0.378100 -0.928600 -0.419600 -0.355300 -2.423000 -0.213800 -2.742300 -2.239500 -4.086500 -1.514700 -3.027100 
0.102000 -1.797800 -2.109800 -2.039600 -1.484900 -1.538500 -2.324500 -1.121900 -0.429400 -1.476100 -6.565200 -3.350100 
0.104000 -1.536500 -0.721800 -1.450900 -1.343700 -1.538100 -1.152600 -0.426300 -1.450300 -1.785600 -0.901900 -0.464700 
0.106000 -1.304800 -1.503100 -0.720600 -1.840200 -1.042200 -0.175200 -1.692700 -2.781300 -4.516500 -1.920400 -10.013900 
0.108000 -0.895300 -1.021400 -0.897000 -2.468500 -2.432900 -0.830600 -0.560300 -3.021900 -4.876600 -6.153800 -7.445300 
0.110000 -0.873600 -0.275200 -0.907100 -0.654900 -2.315600 -1.151300 -1.499500 -0.782900 -2.935600 -5.654600 -1.841600 
0.112000 -1.687400 -0.743400 -0.555200 -0.337200 -3.768300 -3.308200 -3.032100 -1.719300 -10.535700 -3.901400 -5.747000 
0.114000 -1.428100 -0.541700 -0.938700 -0.689300 -1.150900 -1.782700 -2.570300 -2.758500 -3.782900 -3.721500 -5.601400 
0.116000 -0.581400 -0.908000 -2.856900 -0.519000 -1.422600 -4.464600 -0.632600 -3.950300 -5.321200 -2.225900 -9.044700 
0.118000 -1.181900 -0.925300 -2.438100 -1.417300 -1.808600 -0.619900 -2.196600 -2.827900 -0.550300 -1.548200 -1.647000 
0.120000 -0.525900 -0.925200 -3.381000 -1.696900 -1.813800 -3.742800 -6.483400 -0.511600 -4.051500 -0.578300 -3.585800 
0.122000 -0.487100 -0.852800 -0.952700 -2.735200 -1.786800 -2.991700 -1.975700 -8.099300 -3.900900 -2.115400 -2.887800 
0.124000 -1.435000 -0.524900 -1.480300 -2.393800 -0.633300 -1.591500 -1.806100 -0.916400 -3.070600 -3.769900 -3.121900 
0.126000 -1.797200 -2.337000 -0.702400 -0.765500 -0.628200 -0.520700 -2.209100 -0.349100 -3.019200 -1.685200 -1.584900 
0.128000 -0.728300 -0.560500 -0.778900 -0.633600 -3.951100 -3.334500 -2.947600 -6.192800 -1.153700 -0.898900 -2.149000 
0.130000 -0.513200 -0.674400 -1.432000 -0.912500 -1.020800 -2.037600 -0.819600 -0.923100 -4.408800 -1.575200 -0.747000 
0.132000 -2.658000 -0.616400 -0.740900 -0.764600 -0.951400 -1.524400 -2.003500 -2.281600 -1.993000 -3.344200 -5.368300 
0.134000 -1.848800 -1.800300 -0.306900 -0.618600 -0.838800 -1.678900 -0.983000 -4.140300 -4.513500 -4.702600 -3.785500 
0.136000 -0.659000 -0.744800 -1.439600 -1.702900 -1.096500 -0.665100 -0.419500 -3.289000 -1.338000 -4.834900 -5.561900 
0.138000 -1.506400 -0.878600 -0.238800 -2.377500 -0.568000 -1.624400 -1.462900 -1.790500 -1.009400 -3.125400 -3.188300 
0.140000 -0.519800 -0.486100 -0.394000 -0.485800 -0.714400 -2.537400 -1.686200 -2.062100 -1.579000 -3.618900 -0.890500 
0.142000 -2.325900 -1.517300 -0.834500 -1.214000 -0.511400 -3.212000 -1.022400 -1.630400 -7.059900 -6.502600 -2.196500 
0.144000 -1.712700 -0.450900 -0.775200 -1.222600 -1.232800 -1.909200 -2.492200 -1.616400 -6.220300 -2.167600 -2.549400 
0.146000 -1.760300 -0.385300 -0.897600 -1.487000 -2.951000 -1.772600 -2.525200 -1.500700 -2.022400 -1.842100 -20.286400 
0.148000 -1.366500 -2.057100 -1.494500 -0.861100 -0.999400 -0.493700 -1.438500 -1.792600 -3.992700 -1.231300 -3.606500 
0.150000 -1.768700 -1.279600 -1.347000 -2.442000 -0.908200 -1.595100 -3.004200 -7.794400 -6.504300 -3.958100 -15.986300 
0.152000 -0.969800 -1.965400 -1.857100 -1.150600 -1.582400 -1.788500 -0.433800 -1.572000 -3.743400 -6.077600 -7.318100 
0.154000 -1.871200 -2.791900 -1.471100 -2.770200 -2.563700 -1.272800 -0.550700 -0.956800 -2.125900 -2.549500 -6.051900 
0.156000 -0.940000 -1.008500 -1.638000 -1.286300 -0.905100 -1.356600 -1.256900 -1.369500 -2.498300 -10.491700 -3.413800 
0.158000 -0.397100 -0.989400 -1.003200 -0.708100 -0.765800 -0.299100 -2.548600 -3.469900 -1.478200 -5.701400 -10.432000 
0.160000 -1.336900 -0.670100 -1.525200 -0.857200 -0.815800 -0.463800 -2.313400 -4.153600 -3.027800 -1.195500 -1.171400 
0.162000 -1.219100 -0.268400 -1.340000 -0.453100 -1.319700 -2.775600 -2.210700 -1.446900 -3.159700 -7.364000 -5.883400 
0.164000 -1.025600 -0.427300 -1.416600 -1.211000 -0.672100 -2.698500 -1.602100 -0.855900 -2.726700 -3.503700 -7.842500 
0.166000 -1.329100 -0.846400 -2.377300 -2.624200 -1.233500 -2.464000 -2.429200 -3.502000 -2.227500 -3.903400 -5.342300 
0.168000 -2.441900 -1.129300 -0.295400 -0.430500 -1.250500 -1.913000 -0.885500 -1.393700 -0.868800 -6.613900 -2.330700 
0.170000 -2.177700 -3.529900 -1.348300 -0.460200 -3.010500 -1.458900 -1.489200 -4.535500 -2.002100 -2.155500 -1.303300 
0.172000 -1.340000 -2.240300 -1.020600 -1.230100 -1.047200 -2.327300 -2.239700 -2.055600 -4.490100 -4.257900 -5.114100 
0.174000 -1.703100 -2.271100 -0.979500 -0.717500 -0.291300 -0.290300 -1.128700 -1.129000 -4.121500 -0.835500 -6.501100 
0.176000 -2.117400 -1.996000 -0.965200 -1.225800 -1.190900 -1.175700 -2.268000 -2.410600 -2.367100 -4.022800 -18.738700 
0.178000 -0.942500 -0.685000 -1.535800 -3.002100 -1.188100 -1.619100 -1.484400 -1.632900 -0.718500 -3.149900 -4.591000 
0.180000 -1.497200 -0.744900 -1.304500 -1.491300 -3.211900 -1.435100 -0.813900 -1.916600 -0.983800 -3.450100 -1.394800 
0.182000 -0.704100 -0.549600 -1.526900 -1.646700 -2.074600 -1.744800 -2.153800 -1.683700 -2.309400 -1.567100 -13.287700 
0.184000 -0.605600 -0.888600 -0.209600 -2.480200 -1.522900 -0.811800 -1.326700 -1.447100 -4.572000 -1.694700 -14.710900 
0.186000 -0.538900 -0.856300 -0.631100 -0.592000 -2.082000 -2.264700 -0.424700 -0.610400 -4.702800 -1.602100 -3.888500 
0.188000 -1.707900 -0.649800 -1.121100 -2.416300 -4.870000 -3.154100 -2.891500 -0.479800 -4.161300 -5.284600 -5.752900 
0.190000 -1.012200 -1.378800 -1.941000 -2.943000 -1.616600 -0.801000 -1.215800 -6.476400 -1.778300 -1.344400 -1.799400 
0.192000 -0.846200 -0.326700 -0.801100 -0.936200 -2.853800 -2.074400 -0.564100 -1.845600 -11.039200 -2.151300 -4.898900 
0.194000 -2.419300 -1.449000 -0.556000 -0.946900 -0.609300 -0.166400 -2.401800 -0.349300 -1.210000 -2.992800 -5.061500 
0.196000 -0.566600 -0.571900 -1.233400 -2.028700 -1.367100 -0.971700 -0.859200 -5.303100 -0.438800 -2.624000 -12.430100 
0.198000 -5.600400 -0.406200 -0.776100 -1.714200 -1.694600 -3.000700 -1.396100 -2.083800 -1.623800 -8.218100 -8.456400 
0.200000 -2.219000 -0.698200 -1.947300 -2.840500 -0.237000 -2.966900 -1.310000 -1.641400 -1.250500 -1.618800 -4.113600 
0.202000 -0.718200 -1.132800 -0.439100 -0.928900 -1.706600 -2.126400 -1.061700 -0.795500 -1.613400 -1.219700 -6.577500 
0.204000 -0.639700 -1.148400 -0.851800 -0.404200 -3.361500 -0.969900 -3.417800 -0.204200 -3.449000 -0.821500 -11.702900 
0.206000 -0.188300 -1.126400 -1.060000 -0.179000 -1.475500 -1.016400 -2.441600 -3.449500 -2.902600 -1.572200 -6.265300 
0.208000 -0.735200 -1.572000 -1.295500 -1.204200 -1.359000 -1.865000 -3.125600 -3.209800 -6.675000 -2.388800 -7.360600 
0.210000 -0.942500 -0.407000 -1.553500 -1.709100 -2.196600 -0.589200 -4.404800 -0.235000 -1.020200 -7.335200 -6.557900 
0.212000 -2.525800 -0.531200 -1.072200 -2.424100 -0.216300 -0.691200 -0.714800 -2.389400 -1.734900 -2.164900 -12.069100 
0.214000 -1.627100 -0.579200 -0.711200 -0.582600 -1.329600 -0.727900 -1.548500 -2.403100 -5.777600 -1.992900 -0.294100 
0.216000 -0.995200 -0.343900 -0.809900 -2.419800 -1.036600 -2.723600 -2.428100 -1.157200 -2.010700 -1.796400 -17.315500 
0.218000 -1.649700 -0.994800 -2.508400 -0.231200 -0.772400 -2.735100 -1.044400 -1.671600 -6.828100 -0.309700 -16.968300 
0.220000 -0.309500 -1.670300 -1.723700 -1.088700 -4.251100 -1.104000 -1.296000 -3.811600 -2.293900 -2.704600 -4.805700 
0.222000 -0.654500 -1.169700 -2.821500 -3.533800 -1.485200 -2.358200 -1.113500 -0.711600 -1.132400 -1.511300 -15.303800 
0.224000 -1.128300 -0.750100 -0.240400 -1.974100 -2.875300 -1.320900 -1.893100 -2.736300 -10.441100 -2.626700 -7.260700 
0.226000 -0.582900 -3.182500 -0.798100 -1.190200 -0.589100 -2.832300 -1.051500 -2.225800 -1.629200 -3.740300 -5.263900 
0.228000 -1.294400 -0.624600 -1.320100 -1.254500 -1.737100 -2.954800 -1.757800 -0.369000 -0.453400 -1.263400 -12.049700 
0.230000 -2.517100 -0.738200 -1.329300 -0.379300 -0.800300 -0.340100 -3.492200 -1.485400 -1.499100 -2.459700 -20.082700 
0.232000 -0.641300 -0.904600 -0.692200 -0.198300 -0.597200 -0.964300 -0.575800 -4.338400 -1.300200 -2.191100 -11.538400 
0.234000 -0.990300 -0.708900 -0.896000 -0.486700 -1.389200 -2.694500 -0.280400 -1.787500 -2.418200 -1.123000 -15.096600 
0.236000 -0.728000 -1.421200 -0.563600 -0.904100 -1.034800 -2.246500 -2.176400 -0.652100 -1.099800 -1.527400 -17.597800 
0.238000 -0.924900 -1.127400 -0.630200 -0.350500 -0.587700 -2.263600 -1.240800 -0.629100 -6.157300 -1.197500 -12.041900 
0.240000 -0.870100 -0.492600 -1.020100 -0.829100 -1.427100 -1.190800 -0.520600 -1.209900 -0.835500 -5.733900 -44.942200 
0.242000 -0.623500 -0.634100 -1.022900 -0.521600 -1.653900 -4.825200 -1.821300 -1.628200 -1.755100 -2.403600 -18.901600 
0.244000 -0.310800 -0.421800 -0.807800 -0.838800 -5.227200 -1.230500 -3.308900 -1.292300 -6.402300 -4.458400 -8.298700 
0.246000 -1.610600 -2.035100 -2.313200 -2.566200 -1.854800 -1.321800 -0.736200 -0.880500 -5.484100 -0.910100 -27.247000 
0.248000 -1.042600 -1.213200 -1.375600 -0.988400 -1.498400 -2.213300 -1.061300 -3.883400 -4.045700 -1.351500 -4.243200 
0.250000 -0.771000 -1.873900 -0.383300 -0.682500 -0.691600 -2.180700 -1.172500 -1.237400 -5.447600 -1.835900 -6.022200 
0.252000 -1.674200 -1.109500 -0.799600 -0.959300 -0.357800 -2.074600 -1.653600 -1.659700 -2.852800 -2.427000 -7.649900 
0.254000 -0.270400 -0.476000 -1.336400 -0.842700 -3.331200 -0.541100 -2.127100 -4.553700 -4.691000 -2.777200 -2.255200 
0.256000 -1.151900 -0.389700 -3.777800 -2.171700 -1.527900 -2.323800 -2.188700 -2.269500 -4.220400 -0.328200 -14.852900 
0.258000 -1.252900 -0.510500 -1.405600 -1.409700 -2.505400 -0.697000 -3.191800 -6.157700 -3.617500 -5.627400 -14.392400 
0.260000 -0.984200 -0.841300 -0.233200 -1.543300 -0.817200 -1.428500 -2.056000 -1.185800 -2.673200 -0.530200 -6.643400 
0.262000 -0.940200 -0.508300 -0.671400 -1.198400 -1.676600 -1.244900 -3.944900 -2.117300 -2.856700 -4.803600 -4.826900 
0.264000 -0.808000 -0.285000 -2.143700 -1.278900 -1.804000 -0.864300 -1.066200 -3.491300 -1.009400 -3.380600 -17.716300 
0.266000 -0.074000 -1.350500 -1.330900 -1.028800 -0.454800 -0.811200 -2.140600 -3.061400 -1.321500 -6.322300 -5.025700 
0.268000 -0.207000 -0.738600 -1.927100 -2.192600 -1.551000 -2.648100 -1.922700 -3.258200 -2.431800 -1.534500 -5.773200 
0.270000 -0.829900 -2.374600 -0.915400 -0.570800 -0.197100 -2.983700 -1.643700 -0.885300 -1.676200 -1.463700 -1.889600 
0.272000 -1.098900 -0.742800 -1.298600 -1.509300 -4.239200 -3.054800 -1.810500 -3.738600 -1.456200 -2.263500 -14.172000 
0.274000 -0.433100 -1.293600 -1.255500 -1.864800 -1.247700 -1.733900 -3.389900 -1.923100 -1.288500 -2.673900 -1.321700 
0.276000 -1.776100 -0.565700 -0.672500 -0.767700 -1.620400 -4.423500 -1.221100 -3.501800 -2.753200 -1.629100 -3.045400 
0.278000 -0.514100 -0.400000 -1.938000 -1.068300 -3.063400 -2.770700 -1.576000 -2.532800 -3.146200 -0.661500 -5.729800 
0.280000 -0.893500 -0.770500 -2.105900 -0.605900 -1.845400 -0.828300 -2.883800 -3.438700 -4.426500 -2.842200 -6.621000 
0.282000 -2.477200 -0.401000 -1.980900 -1.223000 -0.779900 -2.797800 -5.254100 -7.704400 -0.630800 -3.198300 -2.845700 
0.284000 -0.559600 -0.752300 -0.933600 -0.371600 -3.109800 -3.111200 -0.616500 -4.150000 -1.347400 -2.352500 -2.124000 
0.286000 -0.936900 -0.539800 -1.484200 -1.795800 -0.622300 -5.270100 -1.583500 -5.288100 -4.759800 -7.842200 -12.575900 
0.288000 -2.972600 -0.924300 -0.954500 -1.289100 -1.378500 -2.085900 -4.109600 -1.377400 -2.076800 -2.000400 -7.270700 
0.290000 -1.164300 -0.565200 -1.117600 -1.045900 -1.967800 -1.317400 -2.743300 -3.630700 -2.008100 -3.949600 -3.707600 
0.292000 -1.172100 -0.529200 -0.953500 -1.787300 -1.698300 -3.508200 -4.953700 -2.782200 -5.445900 -2.808200 -14.935800 
0.294000 -2.928300 -0.327200 -3.355200 -1.197100 -2.867500 -0.350100 -4.179300 -4.623900 -0.983000 -1.544600 -3.941700 
0.296000 -1.138600 -1.222700 -0.867300 -1.074000 -0.800900 -1.678600 -3.128700 -2.608400 -2.841100 -1.561400 -4.674500 
0.298000 -0.186900 -0.377200 -0.313000 -2.073900 -1.412300 -1.992300 -3.780700 -1.010800 -1.192800 -0.581100 -1.628600 
0.300000 -0.862600 -0.478100 -1.188400 -6.946200 -1.413200 -4.594400 -3.185300 -4.261800 -6.466000 -0.554900 -4.069700 
0.302000 -1.583600 -1.467200 -1.466600 -0.432600 -0.838800 -1.228000 -0.629600 -2.176700 -3.882300 -1.322400 -5.660700 
0.304000 -1.103200 -0.383900 -0.916500 -0.999300 -1.663700 -2.700300 -2.099700 -1.704600 -1.438900 -2.919900 -10.855700 
0.306000 -1.364700 -1.353700 -0.452600 -0.909200 -2.801900 -2.089800 -3.633200 -0.952000 -13.043500 -2.561700 -2.520100 
0.308000 -0.628700 -0.425400 -0.685000 -1.133000 -2.611800 -2.687000 -1.265800 -1.950500 -1.546300 -1.935400 -3.926700 
0.310000 -0.414400 -1.552400 -1.289500 -0.798100 -1.066200 -1.423700 -1.446900 -4.492100 -1.955500 -9.221900 -2.614800 
0.312000 -0.557800 -1.762800 -0.183400 -1.638400 -2.593400 -1.688200 -4.336400 -3.147900 -2.626300 -3.958600 -1.073300 
0.314000 -0.981700 -1.290900 -0.996700 -1.317400 -0.862100 -2.399500 -3.348100 -2.139300 -2.320900 -9.258200 -10.040400 
0.316000 -1.552200 -2.066500 -0.540500 -1.561600 -0.462800 -1.804000 -1.275700 -1.808900 -0.698900 -2.230600 -8.989900 
0.318000 -1.613000 -1.663000 -1.541800 -2.132000 -1.295200 -2.868900 -1.872400 -1.632000 -5.270100 -1.955200 -2.849100 
0.320000 -2.289700 -0.903600 -0.563800 -1.925500 -1.660300 -3.629800 -1.830000 -2.795900 -3.491200 -3.274400 -2.148600 
0.322000 -0.423700 -0.807300 -1.448300 -0.958700 -1.087200 -1.570900 -2.703900 -0.951400 -4.006200 -5.021800 -8.079400 
0.324000 -1.358300 -2.124800 -1.233300 -0.866500 -1.001900 -2.685600 -2.847100 -1.266600 -1.168200 -4.529300 -3.788000 
0.326000 -0.792900 -0.818700 -1.232900 -0.864200 -1.574600 -1.230100 -1.369600 -1.439800 -5.300600 -1.483000 -4.216400 
0.328000 -3.684800 -0.834500 -1.226800 -0.404500 -1.161900 -1.990800 -1.748400 -1.090000 -6.226800 -5.014400 -2.879600 
0.330000 -0.607700 -0.911500 -0.875200 -1.301200 -3.371000 -2.126600 -1.353500 -7.410200 -1.965400 -3.936500 -2.474200 
0.332000 -1.200100 -1.159800 -0.790300 -0.572100 -1.774800 -1.081300 -0.958900 -3.558800 -1.239000 -3.205600 -0.704700 
0.334000 -0.636300 -1.499100 -1.207800 -1.266800 -3.865200 -0.473500 -2.136200 -2.594100 -2.233900 -1.167500 -1.262000 
0.336000 -0.378800 -0.700000 -1.082700 -1.050400 -1.522600 -1.620500 -3.556300 -5.569100 -0.594400 -9.473400 -4.432800 
0.338000 -1.138900 -0.121100 -1.476300 -0.657200 -0.671700 -2.890500 -0.797900 -5.457700 -0.479100 -2.013000 -1.730300 
0.340000 -1.365400 -0.528000 -0.749500 -0.501500 -2.990800 -2.112000 -1.416200 -6.021000 -3.026900 -3.072100 -8.500700 
0.342000 -0.658000 -0.941400 -1.354300 -2.089900 -0.667900 -1.711000 -1.565800 -1.170200 -2.660400 -1.142300 -2.079200 
0.344000 -0.852900 -1.998400 -0.980800 -1.999100 -1.261900 -2.624500 -1.869600 -5.455300 -4.927600 -1.638500 -0.968300 
0.346000 -1.298600 -0.916300 -1.953500 -1.531000 -3.282900 -1.545400 -0.825000 -1.114300 -3.379900 -2.002400 -1.559100 
0.348000 -1.719800 -0.831800 -1.280900 -2.064500 -0.208700 -1.331500 -1.809000 -1.455800 -1.304600 -4.796300 -6.676800 
0.350000 -1.080700 -1.970700 -1.339300 -1.343900 -0.668400 -2.830600 -1.786900 -5.167400 -6.664500 -6.088500 -3.479600 
0.352000 -1.266200 -2.033400 -0.747100 -0.795700 -1.115300 -1.109300 -0.853300 -0.681700 -7.679000 -0.723700 -3.287200 
0.354000 -2.403800 -1.505700 -1.328800 -0.743500 -0.935200 -0.446500 -2.370700 -1.286700 -2.260400 -7.486600 -1.710000 
0.356000 -1.444700 -1.452800 -1.205100 -2.521500 -2.120700 -0.332400 -0.710800 -2.332700 -3.572000 -1.883100 -5.142600 
0.358000 -1.286800 -1.054700 -1.561500 -1.863800 -1.398500 -2.574000 -3.456200 -0.871300 -6.558900 -0.970500 -1.704400 
0.360000 -0.889100 -2.344200 -0.274500 -0.773700 -2.103900 -1.654900 -2.686600 -4.933300 -1.934000 -4.070900 -1.431700 
0.362000 -0.847200 -0.971900 -0.537900 -0.712100 -3.741100 -3.042800 -1.522100 -1.912300 -1.978400 -2.440900 -8.381800 
0.364000 -1.130200 -0.607500 -0.405900 -0.467400 -1.441600 -3.681700 -1.971400 -3.983100 -1.983400 -4.114600 -1.961400 
0.366000 -1.857100 -2.627700 -0.263800 -0.508600 -2.450100 -3.063900 -2.857400 -0.988500 -1.768000 -6.525500 -2.329600 
0.368000 -1.607700 -0.831000 -0.889300 -0.841700 -0.609100 -1.853600 -1.320900 -2.010100 -4.560600 -2.722700 -5.671300 
0.370000 -3.062800 -2.827300 -1.241500 -2.012400 -0.626500 -0.369400 -2.535800 -1.967600 -2.214000 -3.765400 -1.421500 
0.372000 -2.505800 -2.381000 -1.798900 -1.799500 -1.472400 -1.519100 -2.083300 -2.236500 -8.756000 -2.267800 -2.880000 
0.374000 -2.453600 -0.986200 -0.712600 -1.015600 -1.332200 -0.725800 -0.779600 -3.159100 -1.446700 -4.391100 -2.712400 
0.376000 -1.215800 -1.001300 -0.218200 -2.159400 -2.042200 -0.568700 -1.441200 -2.813500 -0.920500 -8.478900 -4.787900 
0.378000 -2.076800 -0.409100 -0.448900 -3.277600 -2.563100 -1.040400 -0.866200 -2.728200 -2.056000 -1.967200 -10.713500 
0.380000 -1.477700 -0.687000 -1.379600 -0.683700 -1.401900 -4.062400 -2.853300 -4.013500 -7.969000 -10.484500 -1.335700 
0.382000 -1.298500 -1.144900 -0.179900 -0.658300 -1.268200 -1.214000 -1.028400 -9.578400 -4.249800 -5.048300 -4.558500 
0.384000 -1.776400 -2.163000 -0.603100 -1.141900 -1.034700 -1.993800 -0.353300 -0.793700 -0.512400 -3.995900 -13.155800 
0.386000 -0.258200 -1.601000 -0.422900 -0.367000 -0.689000 -2.976700 -3.000900 -3.245900 -1.072800 -6.423800 -8.974200 
0.388000 -1.552400 -0.415700 -1.600300 -2.071900 -2.126900 -1.409500 -0.529000 -1.683400 -1.084200 -1.326200 -4.872400 
0.390000 -1.910000 -0.713900 -1.623600 -0.630200 -1.653300 -1.861500 -4.137100 -0.431900 -2.890600 -2.444000 -3.688900 
0.392000 -2.333600 -0.634000 -1.060800 -1.143100 -1.170200 -2.741400 -3.753500 -3.724000 -4.551000 -1.858900 -2.842800 
0.394000 -0.910900 -0.554700 -2.438100 -1.010600 -1.831600 -0.923400 -1.874200 -0.893500 -1.013100 -2.739900 -9.316400 
0.396000 -0.920700 -1.389600 -0.523900 -1.058600 -1.415400 -1.025900 -1.110700 -1.802500 -1.582700 -2.180600 -11.855800 
0.398000 -0.408300 -0.389100 -0.365000 -2.915100 -1.429900 -3.138400 -2.317300 -3.679000 -2.306100 -4.695400 -4.539100 
0.400000 -0.654600 -1.273400 -1.490000 -1.676600 -1.500100 -2.551800 -1.541800 -1.548600 -3.633900 -3.991900 -4.753500 
0.402000 -0.738200 -0.273800 -1.336100 -2.661200 -0.817600 -0.695300 -1.045600 -0.810800 -2.452800 -7.150700 -4.146300 
0.404000 -1.001000 -0.914800 -0.368800 -1.130300 -1.463400 -0.632500 -1.214000 -1.142200 -2.064500 -1.802500 -5.123400 
0.406000 -0.174200 -0.796600 -1.336800 -0.867100 -1.418400 -1.102900 -2.935000 -1.021600 -4.112000 -3.361700 -1.381700 
0.408000 -0.341100 -0.948900 -0.957000 -2.086000 -1.266600 -1.109300 -3.393700 -2.217500 -2.045600 -4.285600 -1.451600 
0.410000 -1.252400 -2.751800 -1.195500 -0.548900 -2.086700 -0.717700 -0.589000 -0.572400 -3.443500 -6.159900 -1.909100 
0.412000 -0.461700 -1.233200 -1.020900 -0.353700 -1.396600 -3.487200 -0.864800 -0.927900 -2.253100 -1.396500 -5.812900 
0.414000 -1.242600 -0.727500 -0.769000 -1.010700 -0.195900 -3.362500 -1.680500 -1.042200 -2.017300 -3.869000 -4.470200 
0.416000 -1.360900 -1.137500 -0.836000 -0.425100 -2.543400 -2.232400 -4.542700 -5.393200 -3.380300 -4.271800 -1.060700 
0.418000 -0.082700 -0.216900 -1.832800 -2.880300 -3.083900 -0.569300 -0.949100 -0.283600 -1.642500 -2.282700 -3.044900 
0.420000 -1.831300 -1.747800 -0.462100 -1.832500 -1.695700 -3.367900 -0.266300 -0.797500 -1.957200 -4.106100 -1.731300 
0.422000 -0.189900 -1.036900 -0.762400 -0.360800 -0.205700 -5.113500 -0.633900 -1.618800 -2.505800 -5.092300 -3.925700 
0.424000 -0.670900 -3.023500 -2.329300 -0.433000 -1.300300 -4.154400 -1.429800 -6.004100 -0.635700 -0.623500 -2.642300 
0.426000 -1.151500 -0.938300 -1.229500 -3.110800 -1.869400 -1.261600 -2.035700 -2.663900 -2.076900 -0.409600 -6.144400 
0.428000 -1.296700 -1.332000 -2.261100 -1.498100 -1.204000 -1.056400 -0.883100 -0.931300 -3.673300 -5.744600 -5.231700 
0.430000 -1.467900 -0.297500 -1.385300 -0.164600 -0.376300 -1.011600 -1.750400 -4.414800 -1.193400 -3.775900 -3.259500 
0.432000 -1.403000 -0.685000 -1.647700 -1.173500 -1.582300 -1.293500 -0.857600 -5.682400 -1.963700 -1.210300 -4.197400 
0.434000 -1.423800 -0.690400 -0.744700 -0.745100 -2.455500 -2.496100 -1.456800 -1.473900 -1.083500 -3.515000 -1.376600 
0.436000 -0.151700 -0.814000 -1.574300 -1.557700 -1.044200 -4.567900 -0.669300 -1.598900 -0.760300 -3.248600 -3.248700 
0.438000 -1.669700 -0.374200 -1.400500 -1.164300 -4.650900 -2.069700 -1.753200 -2.535700 -3.613300 -2.407900 -7.478200 
0.440000 -0.254300 -1.040300 -2.891700 -0.460000 -1.626900 -2.609700 -0.926300 -1.486100 -1.588600 -1.282300 -3.014700 
0.442000 -1.224100 -1.223400 -1.307700 -1.392000 -3.220800 -1.590400 -1.721100 -2.218800 -1.276100 -12.112000 -3.556200 
0.444000 -0.651000 -1.184700 -0.688700 -1.036000 -0.346200 -1.686400 -4.524600 -1.500600 -1.792200 -1.467400 -4.000800 
0.446000 -2.116200 -2.878900 -0.327800 -0.708100 -2.423100 -2.593500 -0.657500 -0.672800 -7.167200 -1.609800 -4.364200 
0.448000 -0.131500 -1.054400 -1.039200 -0.866200 -0.964600 -0.504800 -0.833400 -3.340100 -1.901700 -0.637200 -5.488700 
0.450000 -1.156100 -0.746800 -1.133000 -1.030600 -0.739100 -4.186600 -0.864300 -1.294800 -2.113700 -5.088600 -2.964700 
0.452000 -0.890900 -1.242800 -0.773800 -0.721200 -1.878800 -2.949900 -2.394900 -0.785600 -1.525700 -2.186400 -4.383700 
0.454000 -1.026400 -1.194800 -1.849300 -0.987300 -0.780800 -1.986800 -2.432500 -3.014100 -8.930000 -1.024600 -5.944200 
0.456000 -0.239400 -0.649700 -0.823100 -2.179800 -2.279100 -3.085000 -1.333900 -1.409100 -0.936100 -3.390500 -3.268800 
0.458000 -0.225700 -1.800600 -0.927700 -3.115400 -4.717700 -4.879000 -1.857200 -3.716200 -7.211200 -0.694500 -3.909500 
0.460000 -0.326700 -1.444900 -2.054000 -2.675800 -1.529200 -3.651200 -2.571400 -1.514000 -5.976500 -2.468000 -1.899200 
0.462000 -1.061900 -0.401100 -2.121600 -0.679800 -2.366800 -2.272000 -1.156800 -0.937800 -2.703600 -5.467600 -9.621900 
0.464000 -1.626800 -0.109400 -3.075800 -1.220600 -1.170200 -3.015700 -0.604600 -1.758800 -3.984100 -1.258600 -2.166900 
0.466000 -1.050800 -1.784000 -0.725400 -1.018200 -1.470700 -3.087700 -1.693100 -2.333000 -1.113500 -5.400700 -1.399200 
0.468000 -0.602000 -0.608000 -0.537200 -2.196800 -0.838300 -3.356700 -1.256800 -1.629800 -1.594700 -1.040800 -1.724600 
0.470000 -1.020400 -0.336100 -1.418200 -2.412700 -0.900900 -4.355900 -2.828500 -1.037700 -2.288600 -2.216500 -6.978800 
0.472000 -1.178100 -0.590700 -2.477200 -0.628200 -1.676200 -3.341100 -2.231000 -3.303800 -2.358400 -4.950400 -6.377500 
0.474000 -1.007700 -0.955100 -0.811300 -0.368300 -2.806200 -1.711000 -1.342100 -1.839800 -4.515800 -0.299300 -10.973600 
0.476000 -0.275400 -0.597000 -1.516200 -1.555400 -1.528700 -1.579400 -6.034900 -3.628200 -3.322900 -1.714700 -6.378100 
0.478000 -2.055300 -0.879100 -0.945800 -1.262700 -0.977400 -4.360400 -2.508200 -3.263300 -4.004600 -1.305100 -0.960000 
0.480000 -0.588000 -1.119800 -1.755100 -1.701500 -0.383100 -2.339100 -1.642700 -1.175300 -4.379200 -2.490300 -5.562700 
0.482000 -1.485200 -0.431100 -0.886200 -2.170900 -1.090800 -2.161600 -0.996800 -2.581300 -0.673100 -2.482700 -3.285700 
0.484000 -1.305500 -1.331400 -1.802900 -0.492400 -0.672100 -1.595000 -0.841500 -6.074700 -3.494400 -2.215300 -8.079100 
0.486000 -0.932000 -0.705600 -0.894300 -2.283100 -0.847800 -2.043800 -0.535300 -1.765900 -1.859300 -4.793900 -8.611300 
0.488000 -1.229400 -0.841800 -1.723800 -1.067500 -3.232300 -0.913000 -3.455600 -5.707400 -1.239000 -3.057500 -4.991400 
0.490000 -1.932200 -2.936800 -1.053100 -1.248000 -2.540300 -3.302800 -2.494600 -0.337900 -3.833300 -2.797800 -9.170400 
0.492000 -1.943000 -1.246300 -0.587900 -3.588500 -1.083600 -1.722400 -1.656400 -0.872900 -5.087700 -5.286700 -8.526300 
0.494000 -1.650500 -0.668200 -1.275600 -0.616900 -1.852500 -0.485100 -1.644600 -1.160500 -1.779200 -5.137700 -5.929300 
0.496000 -0.534300 -0.915900 -1.369800 -1.908500 -3.536200 -1.510200 -0.914300 -0.705500 -2.982400 -3.166600 -5.765000 
0.498000 -0.963600 -0.774200 -0.709100 -1.188800 -0.950900 -1.112000 -2.170900 -1.887900 -7.093600 -3.853100 -1.160100 
0.500000 -0.219900 -0.495600 -2.141500 -1.611400 -0.732900 -4.522200 -3.056700 -1.877600 -1.843900 -2.934600 -1.401300 
0.502000 -0.981100 -1.642200 -0.958200 -1.502400 -1.002600 -5.182900 -6.871300 -0.605300 -3.880500 -6.570600 -2.068600 
0.504000 -1.286000 -2.110400 -1.116500 -1.991900 -4.019700 -3.691800 -4.402900 -1.869600 -3.413000 -2.878300 -10.370700 
0.506000 -1.030900 -0.970300 -1.063000 -3.961900 -1.740100 -0.838700 -2.448500 -8.941100 -1.051800 -3.894600 -2.187900 
0.508000 -0.695800 -1.022600 -0.825600 -0.776300 -1.272500 -0.748900 -1.317000 -1.167300 -4.175000 -0.583200 -6.464100 
0.510000 -1.480800 -0.968600 -0.963900 -0.711400 -2.375900 -0.931000 -1.017300 -1.429900 -1.421800 -7.534500 -2.380100 
0.512000 -1.250800 -0.826200 -0.994800 -0.623600 -2.086900 -0.798200 -1.013800 -15.067900 -2.578000 -2.135900 -2.151700 
0.514000 -0.275400 -0.548700 -0.913300 -1.929700 -1.857800 -2.731900 -1.009000 -1.074100 -2.897800 -2.865700 -9.605400 
0.516000 -1.490400 -0.476000 -1.932200 -2.404100 -1.992900 -2.328600 -0.974400 -1.677700 -2.182700 -4.204600 -2.357300 
0.518000 -1.442700 -1.116200 -1.304700 -0.424400 -0.350700 -2.151300 -0.280700 -1.260800 -10.017900 -0.997200 -2.809800 
0.520000 -1.299700 -1.187800 -1.766700 -1.395100 -1.028600 -0.659400 -1.609500 -2.860300 -2.119300 -7.008100 -2.689900 
0.522000 -0.942500 -1.430300 -1.684400 -1.987700 -2.233100 -1.479400 -1.948200 -2.469800 -1.400800 -2.754500 -3.581500 
0.524000 -0.834000 -1.216200 -1.639100 -1.207600 -1.176200 -1.409600 -2.245200 -2.326400 -1.001900 -3.889200 -1.963300 
0.526000 -0.722100 -0.666400 -0.827200 -1.504200 -0.750500 -1.272300 -1.780900 -1.944200 -1.481800 -1.781200 -1.537400 
0.528000 -2.073800 -1.984900 -1.100000 -1.231300 -3.201700 -0.667400 -1.452900 -8.346600 -5.895500 -4.845500 -4.952800 
0.530000 -0.772300 -0.872500 -0.677400 -1.377100 -0.837000 -3.474300 -2.939100 -1.134600 -1.720400 -1.271600 -7.891800 
0.532000 -0.678800 -0.523200 -1.354000 -1.115500 -0.824500 -0.202800 -0.911400 -1.291200 -5.594900 -3.976000 -5.102400 
0.534000 -0.372500 -0.607300 -2.022800 -1.238100 -2.600500 -1.935300 -2.453300 -1.132900 -3.980900 -1.664500 -2.466600 
0.536000 -0.486600 -2.140400 -0.726100 -2.078700 -0.834300 -2.223700 -3.239200 -0.558000 -0.667700 -1.469000 -2.524800 
0.538000 -1.013100 -1.153600 -2.937700 -0.523900 -1.679300 -3.719300 -1.322700 -3.178200 -4.621800 -0.552400 -3.681700 
0.540000 -1.580900 -0.864600 -0.605000 -0.417700 -1.789300 -0.340300 -2.294400 -0.772600 -4.062300 -1.001200 -6.233500 
0.542000 -0.788800 -1.045000 -1.199800 -2.305100 -1.301600 -1.057000 -0.370000 -0.787600 -7.793700 -1.871600 -4.285600 
0.544000 -1.097200 -0.093900 -1.169400 -0.734300 -1.033200 -4.466200 -0.440800 -0.415700 -5.258400 -7.943700 -11.150700 
0.546000 -0.551700 -0.424800 -1.467200 -0.987500 -3.090200 -1.098200 -1.215200 -1.114900 -2.965800 -2.343400 -1.227900 
0.548000 -0.340000 -1.889000 -0.710900 -2.479500 -0.150100 -0.789300 -0.846400 -1.469600 -5.242700 -1.897600 -4.337900 
0.550000 -1.683700 -0.781800 -0.777000 -1.194600 -2.286800 -4.052100 -0.719800 -1.694800 -3.150600 -2.018700 -4.453200 
0.552000 -0.426000 -0.887700 -0.628100 -3.026600 -2.400200 -3.415700 -0.941100 -2.702500 -3.019100 -2.806000 -7.768900 
0.554000 -1.456800 -1.681100 -1.690100 -0.996600 -1.578600 -0.850600 -0.344900 -3.953900 -3.624300 -0.859500 -0.678300 
0.556000 -1.310500 -0.418900 -0.547100 -0.376500 -0.857700 -2.432900 -2.599900 -0.511100 -7.214900 -1.918400 -0.680200 
0.558000 -0.588400 -0.864800 -0.985500 -1.139600 -1.241100 -1.667100 -3.576300 -0.344200 -4.342500 -2.210000 -3.014300 
0.560000 -0.555700 -0.450000 -1.108400 -1.113500 -0.451800 -3.449400 -7.081700 -3.657800 -8.594400 -4.668500 -3.940500 
0.562000 -1.539500 -1.894500 -0.591700 -1.157800 -1.456500 -0.733800 -3.530000 -4.103000 -4.954000 -2.426800 -4.173400 
0.564000 -1.044800 -1.059200 -3.780400 -1.710200 -1.595000 -1.806200 -2.553700 -3.352100 -5.474700 -4.728700 -0.409900 
0.566000 -1.365000 -0.878600 -1.193200 -1.041500 -0.857200 -4.374000 -5.779700 -4.866600 -2.249900 -3.563400 -2.722200 
0.568000 -0.290100 -0.915100 -1.862600 -4.418100 -0.776200 -0.557400 -3.868400 -3.545700 -3.179300 -1.433000 -0.950800 
0.570000 -1.600900 -0.958400 -0.433100 -1.498900 -1.168500 -2.374500 -1.035600 -3.498100 -0.408800 -1.349300 -7.584100 
0.572000 -1.793400 -0.487400 -0.772200 -1.888000 -1.935500 -2.109500 -0.948800 -2.320900 -12.531600 -8.156500 -3.704900 
0.574000 -2.228600 -0.347500 -1.072600 -0.279800 -4.839500 -2.975600 -3.518500 -1.530000 -1.129100 -5.935100 -5.520700 
0.576000 -0.339100 -1.012800 -0.193200 -2.788500 -2.698800 -1.346400 -5.634000 -0.836200 -0.915900 -5.202200 -2.650000 
0.578000 -1.403100 -0.814300 -1.251000 -0.633700 -0.864300 -3.204100 -1.812400 -3.102500 -3.428600 -9.736400 -7.476000 
0.580000 -0.387900 -0.626400 -0.328600 -1.028100 -2.719500 -0.867200 -1.579500 -1.745500 -0.720400 -3.799300 -6.497400 
0.582000 -0.598700 -1.746000 -1.324700 -0.315400 -1.140700 -4.579600 -0.965900 -1.166000 -3.382400 -3.879000 -9.605900 
0.584000 -1.276100 -1.121700 -0.972200 -0.762400 -1.128000 -3.698900 -1.346100 -0.523700 -1.306400 -6.088600 -4.039000 
0.586000 -0.655700 -0.515800 -2.054800 -0.722300 -0.800300 -0.745800 -3.887900 -2.791400 -1.858700 -0.982500 -6.894900 
0.588000 -0.836700 -1.454100 -1.158600 -0.346200 -1.288200 -0.315300 -4.171100 -5.398200 -2.202300 -2.802800 -1.999500 
0.590000 -0.275800 -0.502900 -2.486000 -1.928600 -0.766700 -1.513200 -1.702900 -2.549800 -0.721900 -2.839400 -4.277600 
0.592000 -0.824100 -0.901100 -0.860000 -0.759000 -1.842200 -3.842900 -4.099000 -2.815700 -1.988300 -2.824300 -4.451800 
0.594000 -1.149600 -1.001700 -2.117300 -2.297300 -0.925500 -3.592300 -3.345600 -1.190300 -1.691600 -2.849400 -1.489000 
0.596000 -0.168400 -0.184100 -1.220200 -1.057300 -1.633700 -0.285100 -1.365600 -5.545600 -0.448900 -2.236600 -1.690800 
0.598000 -2.189300 -1.087400 -2.458300 -1.142400 -1.524400 -1.730800 -3.037300 -0.463500 -1.142400 -0.795100 -1.003600 
0.600000 -0.442000 -1.104500 -0.170900 -0.826000 -1.322300 -1.115600 -1.802900 -5.519300 -3.689000 -0.750900 -1.122000 
0.602000 -0.360600 -0.946700 -0.473700 -0.882200 -1.549700 -0.786900 -1.355400 -1.621600 -0.247000 -1.739000 -13.496900 
0.604000 -0.431500 -0.922300 -1.009200 -1.260300 -2.342700 -0.315400 -0.543100 -4.411200 -1.452200 -3.942900 -5.574100 
0.606000 -0.894100 -1.020900 -2.594000 -1.601700 -0.961600 -1.007800 -1.984500 -6.660400 -4.713800 -4.221600 -11.629400 
0.608000 -0.973500 -1.149200 -4.093800 -1.992100 -2.602900 -1.110600 -2.093600 -2.915900 -1.022400 -0.429900 -2.165100 
0.610000 -0.470200 -0.677300 -1.341200 -1.651400 -0.490800 -1.420400 -1.705300 -3.485400 -2.448900 -4.481600 -1.278200 
0.612000 -0.565200 -0.644600 -1.959200 -0.982100 -1.157100 -1.847700 -0.585900 -3.374400 -2.382900 -2.122000 -1.601500 
0.614000 -0.268500 -0.837700 -1.020800 -0.323500 -0.899100 -2.264300 -1.525900 -2.372800 -2.648300 -6.002300 -2.011600 
0.616000 -0.385900 -0.862100 -0.864300 -1.243100 -3.048000 -2.188400 -4.368700 -0.469500 -0.814100 -18.838400 -5.526900 
0.618000 -1.201100 -1.061800 -1.706200 -1.618100 -4.901400 -1.857700 -3.226100 -1.638600 -2.212000 -10.474600 -3.695100 
0.620000 -0.859100 -1.053000 -1.257600 -0.907100 -1.559200 -0.650800 -0.530600 -2.710100 -6.290200 -4.674400 -3.244700 
0.622000 -2.911200 -2.208600 -0.810100 -0.548700 -0.647000 -2.351600 -3.960500 -4.323300 -1.740000 -2.784700 -2.483500 
0.624000 -0.319400 -1.104100 -1.452500 -0.676500 -0.862500 -1.510700 -3.724100 -2.672300 -4.507200 -3.984600 -2.945600 
0.626000 -1.419600 -1.413000 -1.908500 -0.376200 -1.662900 -1.818700 -3.606900 -1.131200 -4.874600 -0.856500 -11.807600 
0.628000 -1.280800 -1.084700 -1.240000 -1.145600 -1.935400 -1.420500 -0.714100 -1.806000 -0.797000 -0.657400 -7.394000 
0.630000 -0.299900 -1.254500 -1.013600 -0.344200 -0.675800 -0.989300 -4.646700 -2.771000 -2.070000 -0.566000 -2.237500 
0.632000 -0.592600 -1.581900 -2.623000 -1.246300 -3.196300 -2.835800 -1.118200 -1.080700 -6.085300 -1.825500 -3.010100 
0.634000 -1.250100 -1.365900 -1.838600 -0.531700 -4.005300 -3.009200 -3.245000 -2.807700 -5.746400 -3.064900 -13.340000 
0.636000 -1.131600 -1.011000 -1.087400 -0.230100 -3.561300 -0.843400 -1.321400 -4.440900 -2.416400 -2.806800 -6.176600 
0.638000 -0.659000 -0.537400 -2.150800 -2.219600 -0.704300 -0.413400 -0.751400 -3.822000 -1.180100 -1.731600 -2.032400 
0.640000 -1.299000 -0.897100 -1.791300 -2.762100 -1.394700 -0.368700 -1.222700 -0.967500 -4.863300 -1.468800 -9.023700 
0.642000 -1.122800 -3.608000 -1.049100 -2.010600 -0.427900 -2.041700 -1.191500 -1.670100 -2.185100 -3.023200 -0.625000 
0.644000 -0.771100 -1.662600 -1.079300 -1.266700 -1.705200 -1.361400 -2.142700 -2.406600 -1.464700 -1.392200 -3.895800 
0.646000 -1.238000 -2.745300 -0.903600 -0.237500 -1.701900 -5.031500 -0.546800 -7.918800 -1.953700 -1.990600 -3.911800 
0.648000 -0.267000 -0.839900 -1.547700 -3.546700 -0.891800 -0.759200 -4.996800 -1.889200 -2.333400 -1.548700 -4.015600 
0.650000 -0.934500 -0.772800 -0.465500 -1.727800 -1.937500 -0.726100 -0.894700 -1.832700 -0.608700 -2.619300 -4.065800 
0.652000 -0.704600 -1.135700 -1.014700 -1.652900 -3.338000 -2.650600 -2.490400 -0.681500 -1.990900 -6.776800 -4.210000 
0.654000 -1.193800 -1.063100 -3.902000 -0.543200 -1.230600 -0.957200 -1.445400 -2.192400 -4.136400 -1.347800 -16.306400 
0.656000 -0.999800 -0.829500 -1.184300 -1.662900 -3.428100 -2.671300 -1.555600 -0.918600 -1.888800 -1.659400 -3.407600 
0.658000 -1.357100 -0.210300 -0.558900 -1.731000 -1.070900 -0.912100 -3.223900 -0.836800 -2.960900 -1.045300 -9.526200 
0.660000 -0.746600 -1.136500 -1.163900 -0.771300 -0.661800 -1.042600 -0.316500 -2.487600 -4.899000 -0.633300 -18.493000 
0.662000 -0.708300 -0.981700 -1.807200 -0.478200 -3.383500 -1.416600 -3.287500 -0.199700 -1.835900 -3.304000 -3.962700 
0.664000 -0.467400 -0.593800 -1.462600 -3.104300 -1.739000 -1.333000 -1.122200 -1.185600 -4.479000 -3.255300 -5.782000 
0.666000 -0.850400 -1.623700 -0.952500 -0.515900 -0.205300 -0.486100 -2.060400 -0.878500 -4.805000 -1.672900 -1.966200 
0.668000 -0.414900 -0.631900 -2.640200 -1.820400 -1.196700 -0.726500 -2.669400 -1.273400 -2.781900 -4.225600 -7.158100 
0.670000 -1.096400 -0.730200 -1.045700 -0.758900 -0.310300 -3.024500 -4.504800 -2.559900 -2.803000 -1.650500 -17.386200 
0.672000 -0.473500 -2.780900 -1.441200 -1.933400 -3.470700 -1.519300 -2.828500 -6.020700 -2.547600 -2.365100 -3.111200 
0.674000 -0.278800 -1.417500 -0.995500 -1.800900 -3.343900 -2.979500 -8.438400 -2.747700 -7.994300 -3.361600 -4.992300 
0.676000 -2.242000 -1.360600 -0.900300 -1.017800 -2.190000 -1.096000 -3.674500 -4.999300 -1.515400 -1.265000 -1.798000 
0.678000 -2.471500 -0.720900 -0.498200 -0.594400 -2.516800 -1.214900 -2.197500 -1.595300 -1.762700 -3.546200 -4.387700 
0.680000 -1.102700 -1.478500 -4.376800 -2.702500 -3.939500 -7.067900 -1.153800 -1.729100 -6.974600 -0.778300 -2.170500 
0.682000 -0.717100 -1.336700 -1.579800 -1.031800 -0.905600 -0.665400 -2.730600 -2.693000 -3.563200 -0.776400 -11.876800 
0.684000 -1.372100 -0.671500 -1.292700 -0.692400 -0.993800 -1.196600 -2.532400 -3.463800 -2.362100 -1.375700 -4.020600 
0.686000 -0.220200 -1.351800 -1.078400 -1.416700 -2.139900 -1.266900 -2.967500 -3.852100 -4.324100 -5.792200 -11.748700 
0.688000 -0.643200 -1.110500 -0.541600 -0.908900 -3.174500 -1.683700 -3.094100 -2.654000 -1.611900 -2.204900 -5.018600 
0.690000 -0.641200 -0.813800 -2.863400 -1.170600 -3.104100 -3.263400 -1.995300 -2.130500 -1.886700 -2.080300 -1.481800 
0.692000 -1.419800 -1.017900 -0.670000 -1.906900 -0.981800 -2.883800 -1.280200 -4.903500 -3.213100 -2.247500 -7.536700 
0.694000 -0.464300 -2.534800 -0.399100 -3.089400 -1.704100 -1.067400 -1.212100 -4.316200 -1.920800 -2.237700 -3.433200 
0.696000 -1.960000 -1.418900 -2.094900 -1.173800 -2.033700 -1.535400 -0.607800 -4.089500 -1.308000 -3.312300 -2.305000 
0.698000 -2.126700 -0.726700 -2.513300 -2.035200 -3.199000 -2.147300 -3.316800 -1.007300 -3.173900 -3.991000 -8.202500 
0.700000 -1.150900 -0.390200 -2.241100 -1.706500 -3.243900 -2.586700 -5.484200 -0.392100 -2.283300 -5.482700 -1.324600 
0.702000 -1.842600 -0.170800 -1.055400 -0.446300 -1.918900 -2.124200 -2.000900 -2.243700 -1.336400 -5.002500 -8.293000 
0.704000 -1.346300 -1.314200 -1.833300 -1.463400 -1.060600 -1.665600 -1.337700 -1.421300 -1.417200 -0.687300 -13.032000 
0.706000 -0.835000 -1.437500 -0.727800 -0.891500 -1.868000 -1.442800 -5.367700 -1.793500 -1.086600 -1.030100 -5.108800 
0.708000 -3.801300 -1.554900 -1.083500 -0.468500 -2.557000 -3.090400 -1.671900 -1.930000 -4.396900 -1.156500 -5.321700 
0.710000 -1.617600 -0.558300 -2.024600 -1.495200 -2.002100 -2.046600 -0.985000 -2.127700 -2.738800 -1.578900 -0.836600 
0.712000 -1.092000 -2.508400 -0.550300 -2.776500 -1.013900 -2.099500 -1.519100 -1.390500 -0.507600 -0.773200 -0.576800 
0.714000 -0.934500 -3.411000 -1.674300 -2.249600 -0.409400 -1.318300 -0.473300 -1.543000 -1.967200 -2.463500 -2.944700 
0.716000 -0.956300 -0.787400 -1.601700 -2.249000 -0.841900 -1.140100 -1.241400 -5.032900 -10.183100 -1.349600 -2.151100 
0.718000 -0.366100 -0.256400 -1.292500 -1.993300 -1.969200 -3.984700 -1.243200 -2.537300 -5.176900 -1.425500 -1.906200 
0.720000 -1.181600 -1.932400 -0.853700 -0.790700 -4.931000 -4.049800 -1.047300 -2.239000 -1.087100 -10.476200 -3.620100 
0.722000 -1.368900 -0.851900 -1.148000 -1.685100 -1.065000 -0.966800 -5.062300 -1.801300 -1.245300 -2.833900 -0.905500 
0.724000 -1.343700 -2.111400 -1.946900 -1.124700 -0.382000 -1.668500 -2.947600 -5.744200 -1.284200 -1.786800 -5.683500 
0.726000 -0.171200 -2.609300 -1.797500 -1.427800 -2.791700 -0.482500 -2.234200 -2.357000 -3.836200 -3.005600 -1.026500 
0.728000 -0.790300 -2.193600 -0.813400 -1.275400 -0.072500 -1.274400 -2.865400 -2.305600 -2.935200 -0.563500 -3.603200 
0.730000 -1.649900 -0.542000 -0.595500 -0.487200 -1.801800 -1.062300 -0.635900 -3.190900 -6.200200 -2.564000 -4.524800 
0.732000 -1.308300 -1.736200 -1.734400 -0.851000 -0.695400 -2.993500 -1.273000 -0.359900 -4.185500 -1.117700 -10.103800 
0.734000 -0.100300 -2.178400 -2.169100 -1.474700 -0.370700 -2.450500 -0.786600 -0.260600 -3.011800 -2.302000 -4.259200 
0.736000 -1.006700 -0.565200 -0.838600 -1.407300 -1.418800 -2.102900 -3.539500 -1.558900 -7.422200 -0.738400 -5.209200 
0.738000 -2.406300 -0.506700 -0.443400 -1.989200 -3.499700 -1.619700 -1.169700 -1.758600 -2.040500 -6.256900 -9.323100 
0.740000 -0.058500 -0.911100 -0.683900 -1.484900 -1.396800 -3.744700 -1.639900 -1.961500 -5.904000 -2.009500 -2.767300 
0.742000 -1.320000 -1.001500 -0.947800 -0.984000 -4.401400 -0.954600 -2.769200 -3.108500 -2.245700 -3.537600 -1.112000 
0.744000 -1.760700 -0.612400 -1.148700 -0.948900 -1.035500 -5.086600 -0.733200 -7.440300 -0.503100 -3.477200 -3.611400 
0.746000 -0.552300 -0.687600 -2.383800 -2.344000 -1.673400 -1.173700 -0.608800 -3.926200 -2.785800 -5.413800 -5.622000 
0.748000 -1.012500 -0.999300 -1.033000 -1.842500 -2.270900 -0.840000 -1.946400 -3.398600 -1.893300 -4.213000 -3.344500 
0.750000 -0.622500 -0.439100 -0.604300 -0.696000 -2.528000 -0.389300 -1.171000 -0.873900 -8.899400 -3.766500 -2.811100 
0.752000 -1.390300 -2.547900 -1.035600 -1.702000 -1.635400 -0.812400 -1.731000 -4.028500 -2.692700 -3.751300 -2.398100 
0.754000 -0.666100 -0.763300 -0.756300 -0.892900 -2.054200 -1.931900 -1.772200 -1.435200 -4.777400 -1.658000 -2.125200 
0.756000 -2.113000 -0.898800 -0.552600 -2.441100 -1.851300 -1.777100 -3.362000 -0.711600 -4.578400 -1.530600 -5.896300 
0.758000 -0.443400 -1.582100 -3.521400 -0.835300 -1.086700 -1.137100 -1.486700 -2.511300 -0.169100 -7.507300 -1.944200 
0.760000 -0.511700 -0.447400 -1.018200 -0.828300 -1.764800 -1.163300 -1.699400 -2.393700 -1.240000 -4.009100 -6.160100 
0.762000 -1.458500 -0.873800 -0.583200 -1.321300 -3.562800 -1.346500 -1.462400 -1.751700 -2.828000 -1.346500 -13.457100 
0.764000 -1.981600 -0.985900 -1.457900 -2.089000 -0.866100 -0.386800 -1.490100 -0.493500 -9.455500 -1.413700 -2.048900 
0.766000 -0.960300 -1.563100 -2.116300 -0.327400 -1.060600 -1.170200 -0.620200 -1.989000 -1.732400 -2.944000 -6.071000 
0.768000 -1.109700 -0.261200 -1.283700 -0.884200 -0.803500 -1.745500 -2.289000 -0.812600 -2.560300 -1.401700 -2.943500 
0.770000 -0.882000 -1.470500 -0.477500 -1.953500 -1.597800 -1.144400 -1.822600 -0.481600 -2.856500 -1.333000 -1.377200 
0.772000 -2.427200 -0.249200 -1.069000 -0.951400 -0.968400 -1.227300 -1.546200 -1.689600 -1.466800 -2.879200 -1.787700 
0.774000 -1.666100 -1.332900 -1.015000 -1.435500 -1.931100 -4.501100 -0.221100 -1.457000 -1.394300 -1.722900 -2.716000 
0.776000 -1.470700 -0.748100 -1.593500 -1.359000 -1.223300 -5.726000 -0.815900 -0.985000 -3.682100 -1.640200 -2.585000 
0.778000 -1.193200 -0.970000 -1.297900 -0.394900 -0.393100 -1.085700 -1.987200 -0.826600 -1.626200 -3.552500 -2.534500 
0.780000 -3.212300 -1.640700 -0.963400 -3.979400 -0.960900 -2.401200 -1.083400 -7.856000 -5.885800 -1.986500 -7.174600 
0.782000 -0.791400 -0.455300 -1.653600 -3.004800 -0.647100 -1.504100 -0.665800 -3.967800 -1.237500 -3.390500 -9.152600 
0.784000 -0.780600 -0.808600 -2.386800 -0.901800 -2.301400 -1.314800 -2.190900 -1.436800 -2.118300 -3.765900 -7.548600 
0.786000 -0.846500 -0.995400 -0.674200 -0.777300 -2.188000 -0.811400 -1.266800 -4.123700 -4.893800 -11.170200 -2.786800 
0.788000 -1.026000 -0.545000 -1.678600 -1.752000 -1.507400 -1.547100 -3.934900 -1.117200 -1.016600 -5.157100 -5.914200 
0.790000 -0.201500 -1.268300 -0.970200 -1.519300 -3.240700 -1.623600 -1.442700 -1.212800 -4.689700 -5.929400 -9.619500 
0.792000 -1.335600 -0.798900 -1.354200 -0.937600 -0.581400 -2.210100 -0.835500 -2.651000 -3.840600 -2.386500 -7.049400 
0.794000 -0.198200 -0.108600 -0.506900 -1.177900 -1.229000 -1.263900 -1.495200 -2.853300 -4.331600 -2.270700 -3.574600 
0.796000 -1.032600 -2.974800 -0.677500 -1.483800 -3.389100 -1.381700 -0.665600 -3.757400 -5.455000 -0.559100 -5.860700 
0.798000 -0.401700 -0.542100 -0.506200 -2.700900 -0.667600 -2.027000 -0.902500 -2.665000 -7.760700 -4.742100 -3.809700 
0.800000 -2.276100 -0.396900 -1.621200 -2.900000 -1.948200 -1.682900 -1.112400 -7.586700 -3.654400 -2.361700 -6.263800 
0.802000 -0.664300 -0.961300 -2.122100 -1.014200 -1.546900 -2.073400 -3.600500 -1.637800 -3.914000 -2.442500 -2.599400 
0.804000 -0.376500 -0.792200 -1.368700 -1.278400 -1.314100 -2.269400 -1.473800 -3.582500 -6.726600 -2.321100 -6.053300 
0.806000 -0.916400 -1.210700 -3.300900 -0.913400 -1.427600 -2.414900 -0.700100 -1.847300 -2.223800 -1.913700 -1.403800 
0.808000 -0.381500 -0.907300 -1.948200 -1.022600 -3.806400 -1.977100 -0.660000 -4.369400 -4.945300 -3.737100 -5.693900 
0.810000 -0.609600 -0.196300 -1.361100 -1.252600 -2.357200 -0.772000 -1.158800 -3.560100 -7.077300 -5.012700 -4.929800 
0.812000 -0.319400 -1.129900 -1.241100 -0.679500 -0.830200 -0.536200 -2.786000 -1.043200 -6.545800 -10.705500 -1.720700 
0.814000 -2.720600 -0.836900 -2.598800 -1.258700 -0.493600 -0.569700 -1.300300 -1.820600 -0.627200 -2.601200 -6.547400 
0.816000 -0.382900 -0.786900 -2.411500 -2.299700 -0.630200 -2.655800 -2.041400 -2.304400 -1.285700 -12.557800 -5.104900 
0.818000 -1.133200 -0.893700 -1.107400 -1.729900 -1.267200 -2.232500 -0.662400 -1.793100 -1.275300 -4.633000 -1.957000 
0.820000 -0.913500 -2.293700 -2.097000 -1.127100 -0.347100 -3.122900 -2.616200 -0.699800 -2.684200 -4.345600 -7.121800 
0.822000 -2.053800 -1.355800 -1.299800 -0.867200 -0.972300 -2.081600 -2.956200 -2.841400 -3.085100 -3.410000 -3.635300 
0.824000 -0.266900 -1.340300 -2.410000 -4.263100 -1.640400 -2.987600 -3.013800 -4.922900 -5.283800 -0.888100 -6.026900 
0.826000 -2.010400 -0.349100 -0.984000 -0.733400 -0.271500 -5.102000 -0.926700 -0.348300 -4.885100 -11.094200 -2.696200 
0.828000 -0.880000 -0.598000 -2.284700 -1.189200 -1.897900 -0.889000 -0.599200 -4.840500 -8.209600 -2.650100 -5.832700 
0.830000 -2.254000 -0.290000 -1.791900 -0.775800 -0.667700 -3.771900 -0.491900 -2.447700 -3.181600 -0.814100 -4.424800 
0.832000 -1.395200 -0.973700 -1.588800 -1.521200 -1.033900 -0.983300 -1.426000 -2.161000 -9.299600 -1.846700 -2.309100 
0.834000 -1.293200 -0.451900 -1.339200 -2.623700 -0.881000 -1.392300 -1.679300 -1.535200 -0.529900 -2.183800 -7.875800 
0.836000 -0.284200 -1.815000 -1.267300 -1.820300 -0.473500 -0.204100 -4.385700 -4.395700 -1.021000 -3.518300 -1.244400 
0.838000 -0.725200 -0.218700 -0.819800 -1.656300 -1.520500 -4.058300 -2.014000 -0.871400 -0.932400 -15.026200 -0.876900 
0.840000 -1.375500 -0.634600 -1.662100 -0.240200 -0.573800 -1.339100 -1.039700 -0.892700 -0.678300 -1.296500 -3.094400 
0.842000 -1.846900 -1.147200 -0.888000 -0.641400 -0.630300 -3.269400 -2.089600 -0.685600 -3.165900 -3.164000 -1.589300 
0.844000 -1.257100 -0.666000 -3.940500 -0.874100 -1.704600 -2.350300 -0.768000 -2.017600 -7.797700 -6.131800 -3.340300 
0.846000 -0.582100 -1.207600 -3.932800 -0.562600 -1.544900 -0.961500 -3.105000 -2.164200 -2.513600 -0.470700 -7.487100 
0.848000 -1.022600 -1.404900 -1.024500 -2.111700 -1.515400 -0.473200 -2.020500 -2.701600 -3.813300 -0.696300 -2.157600 
0.850000 -1.173200 -1.300800 -1.066400 -1.339000 -3.437300 -3.289800 -0.326100 -3.877000 -1.349300 -1.049500 -3.797800 
0.852000 -0.681300 -0.734300 -1.991400 -0.361600 -3.095800 -6.554900 -0.153100 -1.043700 -3.075500 -19.586400 -4.769300 
0.854000 -0.502600 -0.941400 -1.755100 -0.620600 -3.771000 -1.113900 -1.995900 -2.349700 -1.974600 -1.845400 -12.106000 
0.856000 -1.249400 -0.979600 -1.883500 -2.747300 -0.815200 -2.049900 -0.594400 -2.941000 -1.242000 -1.220300 -7.233400 
0.858000 -0.340000 -0.417500 -3.699300 -1.484800 -0.753400 -1.417100 -1.957800 -1.887300 -5.105200 -2.909900 -19.748900 
0.860000 -1.484000 -0.979000 -0.787600 -0.796900 -4.173100 -2.369500 -2.826200 -0.968400 -4.553700 -3.286500 -11.130200 
0.862000 -2.368900 -2.041600 -2.039100 -0.908600 -1.637800 -1.143400 -1.500500 -3.632400 -2.510200 -3.715900 -4.690800 
0.864000 -0.957200 -0.663200 -0.983100 -0.564600 -0.976700 -1.610600 -1.158700 -2.262900 -5.037500 -4.327500 -4.882100 
0.866000 -3.081900 -2.442900 -1.688100 -1.463700 -1.547200 -0.771100 -1.692800 -5.538900 -5.219600 -2.680900 -9.806000 
0.868000 -0.969000 -1.118300 -0.216000 -0.561700 -1.603300 -0.475200 -3.318500 -2.460900 -2.701900 -0.565300 -9.627800 
0.870000 -1.804900 -1.274300 -1.942000 -2.225300 -1.802700 -0.897400 -1.408100 -0.874000 -6.745600 -1.047600 -15.660700 
0.872000 -0.493400 -0.729000 -0.646500 -0.842700 -0.368100 -0.862100 -1.741000 -1.362300 -2.237200 -1.072700 -24.492800 
0.874000 -1.866700 -0.535500 -1.359300 -1.033200 -5.596400 -2.889600 -2.363000 -4.082700 -1.413300 -2.174500 -44.100900 
0.876000 -1.550000 -1.594000 -1.357000 -0.734000 -1.791500 -2.419900 -2.894700 -1.657500 -2.842400 -1.811000 -5.994600 
0.878000 -0.169200 -1.125600 -1.519200 -1.613900 -1.965100 -4.703700 -4.642000 -0.322000 -1.032800 -2.932700 -11.939800 
0.880000 -0.630000 -2.786300 -1.714400 -0.983600 -3.266000 -0.223000 -2.303600 -1.509000 -2.531200 -1.302600 -2.574000 
0.882000 -0.602000 -1.095200 -0.679400 -3.662900 -9.237900 -0.999100 -0.698900 -2.986100 -1.395300 -1.513700 -9.963700 
0.884000 -1.455700 -1.211200 -2.273400 -1.928700 -2.761500 -3.788000 -4.746100 -2.208700 -1.342600 -1.198400 -9.682600 
0.886000 -2.010900 -1.520100 -1.775900 -1.631500 -2.238700 -0.897800 -3.329900 -2.659700 -0.113300 -1.362300 -4.200600 
0.888000 -0.687000 -0.798000 -2.105500 -3.327400 -0.505500 -0.949600 -2.157200 -3.588200 -5.061800 -3.587400 -11.960500 
0.890000 -1.165800 -0.950500 -3.773500 -0.253500 -0.604500 -1.798000 -0.723200 -1.529700 -4.862700 -0.812000 -6.277800 
0.892000 -1.772500 -0.101800 -1.381800 -1.846600 -0.361400 -0.568600 -0.644900 -0.378200 -2.159500 -1.551100 -16.593700 
0.894000 -2.523000 -0.552000 -1.969800 -0.588900 -0.523100 -0.737800 -0.438100 -2.830900 -1.747600 -1.896700 -15.326700 
0.896000 -0.797500 -1.122800 -1.459700 -1.601400 -2.295400 -2.988900 -0.338000 -1.107500 -5.790300 -6.230500 -2.634600 
0.898000 -1.036100 -0.738300 -0.537900 -0.348700 -0.493200 -1.327400 -2.198400 -1.068800 -2.360900 -2.949800 -4.831900 
0.900000 -1.713000 -0.760200 -1.309500 -3.327100 -1.205100 -1.791100 -1.391800 -4.480100 -3.999300 -5.238800 -3.206600 
0.902000 -1.299800 -1.573200 -1.863300 -1.121500 -0.597200 -2.521600 -1.691000 -1.289200 -1.163400 -1.401700 -12.547200 
0.904000 -0.422200 -0.910600 -0.851900 -1.451800 -0.781900 -1.630400 -0.868800 -3.060400 -2.128300 -2.420600 -1.669800 
0.906000 -0.368600 -2.075900 -1.251700 -0.658100 -0.212100 -2.954200 -0.305900 -2.226300 -4.751000 -0.587700 -1.957900 
0.908000 -1.128900 -1.277500 -0.648700 -2.282900 -1.320100 -2.136700 -3.679100 -4.311200 -3.371200 -3.492300 -1.112300 
0.910000 -2.208500 -1.119400 -1.277900 -0.243500 -0.730300 -4.430400 -0.883600 -3.493000 -0.554900 -3.971300 -8.699400 
0.912000 -0.695200 -0.741500 -1.796800 -0.484700 -0.545300 -1.657700 -2.927000 -0.696000 -2.475400 -4.918500 -5.049700 
0.914000 -1.587700 -0.206200 -2.843900 -1.511700 -2.807700 -1.593400 -1.267700 -1.624900 -1.801000 -3.479100 -21.584700 
0.916000 -0.501200 -1.456900 -0.789100 -1.649600 -0.265200 -2.660200 -0.823700 -3.570300 -4.974500 -1.180800 -5.267100 
0.918000 -0.969700 -0.397500 -1.979000 -1.224000 -1.571900 -0.651900 -0.563400 -1.554600 -4.639000 -6.107500 -9.424400 
0.920000 -0.500000 -2.925800 -1.443300 -1.901900 -1.223200 -0.729300 -0.762600 -3.459100 -2.189800 -2.421700 -4.950500 
0.922000 -0.710800 -0.654400 -1.545900 -1.549700 -4.359100 -1.273900 -1.335200 -0.754500 -2.415100 -1.648300 -2.206300 
0.924000 -1.118200 -1.115600 -1.255900 -0.358300 -1.657600 -3.126600 -1.507800 -1.921900 -1.260000 -1.513700 -4.996800 
0.926000 -1.298500 -0.260800 -1.176700 -2.341900 -0.562500 -1.516500 -0.843100 -1.914500 -2.357400 -1.845800 -8.544700 
0.928000 -0.749600 -1.746800 -0.736300 -0.798100 -1.082100 -1.434900 -0.863200 -1.492600 -0.563100 -0.920600 -9.936500 
0.930000 -2.232800 -0.899600 -1.532500 -1.710900 -2.776400 -1.200800 -1.698500 -0.475600 -3.809600 -3.443800 -18.589400 
0.932000 -0.571900 -2.879900 -0.871800 -0.704800 -1.233500 -1.266500 -1.016700 -7.129600 -2.970900 -1.208900 -6.653500 
0.934000 -1.039000 -1.037500 -2.451200 -2.274700 -1.222700 -1.535400 -1.998700 -1.698500 -4.096800 -2.706100 -4.290500 
0.936000 -0.809800 -1.170300 -1.582900 -2.628500 -0.375100 -0.892000 -2.848200 -1.130100 -3.114600 -1.450400 -11.962400 
0.938000 -0.943200 -0.538700 -3.088300 -2.160900 -1.350400 -2.311200 -0.867800 -7.750900 -2.716200 -4.578600 -8.799500 
0.940000 -1.580400 -1.300800 -2.009800 -1.790400 -1.651100 -0.836300 -1.522400 -3.317800 -2.340800 -6.797700 -6.988300 
0.942000 -0.943400 -0.780100 -0.399800 -1.536100 -2.033700 -1.055800 -2.474200 -1.185700 -6.109300 -6.357500 -8.681200 
0.944000 -0.640400 -0.473800 -1.312800 -1.843300 -2.723500 -0.820400 -1.983700 -2.404600 -3.478900 -1.000700 -5.262400 
0.946000 -1.073900 -0.702800 -1.162900 -2.313900 -0.742000 -0.935200 -1.369200 -6.982800 -2.806800 -1.895800 -10.527500 
0.948000 -0.928400 -0.586100 -1.009700 -3.192900 -1.686800 -2.498500 -0.621000 -2.075500 -1.997400 -5.392900 -14.464200 
0.950000 -0.323200 -0.998300 -0.745300 -2.204800 -3.641100 -2.127300 -0.908900 -3.740300 -2.944400 -1.306200 -7.745700 
0.952000 -0.828800 -1.160800 -0.920300 -3.841500 -1.012600 -0.227000 -3.562100 -4.957600 -4.032200 -2.586700 -4.057000 
0.954000 -0.475800 -0.699300 -1.385600 -0.437800 -1.607800 -1.841000 -0.606500 -2.172100 -1.767000 -6.255500 -3.010100 
0.956000 -1.891000 -0.860700 -1.822900 -0.431500 -2.826400 -2.270700 -3.413600 -2.998200 -2.615400 -1.297700 -6.034900 
0.958000 -0.850500 -1.727000 -1.716600 -2.492500 -7.912600 -1.973400 -1.379200 -5.508400 -6.342200 -1.259700 -5.814200 
0.960000 -1.135800 -0.830700 -2.109300 -0.863800 -3.855500 -4.573400 -3.256300 -4.689300 -5.436200 -4.586200 -3.674200 
0.962000 -0.465800 -0.379300 -1.943700 -1.307600 -2.205200 -3.297700 -3.610400 -2.153400 -2.617400 -2.110100 -2.445000 
0.964000 -0.933200 -0.341900 -0.691100 -2.255100 -1.017200 -4.514100 -1.675400 -5.377800 -0.283800 -2.137500 -1.097900 
0.966000 -1.167200 -0.677600 -0.752900 -1.322100 -1.798800 -1.879300 -3.248200 -3.071700 -1.980700 -1.598000 -3.352600 
0.968000 -0.456100 -1.126900 -1.815900 -4.886800 -0.607200 -5.616800 -0.889800 -3.187800 -1.067000 -1.773700 -2.938100 
0.970000 -0.310600 -0.262500 -3.319600 -2.745000 -0.616200 -0.817300 -1.699800 -1.678000 -1.596700 -1.432100 -3.546800 
0.972000 -0.746800 -1.764800 -2.364200 -0.851400 -0.514600 -1.039900 -3.857000 -1.703800 -3.782200 -2.794900 -5.936200 
0.974000 -0.582600 -2.672800 -2.396400 -0.318400 -1.033600 -2.009800 -3.115100 -6.602600 -3.981100 -0.983600 -22.118700 
0.976000 -1.141500 -1.017300 -2.806600 -1.280900 -1.214900 -1.441800 -1.488400 -2.460200 -1.290300 -0.834300 -21.582200 
0.978000 -0.792500 -0.776200 -2.406500 -1.399500 -0.896700 -2.572600 -0.837200 -1.772300 -2.746000 -0.421500 -22.854700 
0.980000 -1.248000 -0.742300 -1.897900 -0.344900 -0.741700 -1.553900 -1.366300 -6.029700 -3.508800 -1.560500 -22.064300 
0.982000 -0.640100 -0.485200 -1.275500 -1.317700 -1.759700 -4.343700 -0.312700 -3.851100 -1.029600 -4.028600 -14.248400 
0.984000 -0.515500 -1.179400 -2.820500 -0.574700 -1.828700 -0.970100 -1.610500 -4.361800 -3.372800 -1.222700 -4.178600 
0.986000 -0.388300 -1.702600 -1.433400 -1.137500 -0.887300 -0.237800 -1.911700 -3.179500 -2.354200 -1.957100 -20.995200 
0.988000 -0.462000 -1.488300 -2.268600 -0.133200 -0.474500 -0.720100 -0.537200 -1.342800 -3.071700 -1.718300 -11.136000 
0.990000 -0.618000 -1.602500 -1.389200 -0.281700 -0.969300 -1.315700 -0.647100 -3.323000 -5.423600 -5.788300 -2.340100 
0.992000 -0.399800 -1.012100 -1.262500 -1.834100 -1.408500 -2.588900 -2.461700 -2.912400 -2.643700 -3.667500 -12.010600 
0.994000 -0.491200 -1.399500 -0.729200 -3.774700 -1.371100 -1.661500 -1.303700 -2.445200 -1.399200 -9.540700 -2.296900 
0.996000 -1.052300 -0.927800 -1.370400 -1.304100 -1.026600 -2.572000 -0.678400 -1.473000 -4.702600 -15.911400 -1.212500 
0.998000 -0.318900 -1.674500 -0.361300 -2.663900 -1.531900 -2.804400 -0.876800 -2.379500 -2.509000 -11.706500 -15.015000 
