# gradients (DV/DL) for lambdas: 0.0 0.1 0.2 0.3 0.4 0.5 0.6 0.7 0.8 0.9 1.0
0.000000 -0.597400 -1.026200 -1.405400 -2.071100 -0.647200 -0.411600 -1.390000 -1.654900 -1.181100 -2.181600 -2.114300 
0.002000 -0.802900 -1.249100 -1.000300 -0.856300 -0.433100 -0.812800 -0.646600 -1.700200 -0.888500 -1.850900 -1.824400 
0.004000 -2.548700 -1.024700 -0.063000 -0.561400 -1.947300 -0.634100 -3.186900 -2.358900 -1.670000 -1.158900 -1.084000 
0.006000 -0.555200 -0.266100 -1.189000 -0.688500 -2.578300 -1.476800 -1.318300 -0.442100 -0.187800 -2.376600 -1.669700 
0.008000 -0.055600 -0.353600 -0.290200 -0.325500 -2.217600 -1.723000 -3.730400 -0.734300 -1.112400 -0.766700 -6.040000 
0.010000 -1.219300 -1.794800 -1.767800 -0.710300 -0.583000 -2.218800 -1.393700 -2.310300 -0.820700 -1.807200 -1.597200 
0.012000 -1.045500 -0.672000 -0.884800 -0.266200 -1.976600 -1.076900 -0.490200 -3.251800 -1.704000 -0.644200 -1.640200 
0.014000 -1.269800 -1.204600 -1.449500 -1.402800 -1.993000 -1.131400 -0.981000 -2.209100 -0.593400 -2.377500 -1.897500 
0.016000 -1.303400 -0.176200 -1.981800 -2.617200 -0.672800 -0.755600 -0.982700 -0.830400 -5.453100 -0.892100 -1.551800 
0.018000 -1.724200 -0.399100 -1.459900 -0.855400 -0.464700 -3.061400 -0.784800 -1.382900 -0.329500 -0.550100 -1.807100 
0.020000 -0.472600 -0.932000 -2.146200 -0.313400 -1.665500 -1.265200 -0.315200 -0.290600 -0.586000 -2.249600 -0.737300 
0.022000 -0.891900 -1.873300 -2.958600 -1.426100 -1.412200 -0.838600 -1.356100 -0.262400 -4.843600 -1.212700 -2.805300 
0.024000 -1.322300 -0.464100 -2.073300 -1.100800 -1.646000 -1.394600 -1.954200 -0.993700 -1.634000 -4.310900 -0.974300 
0.026000 -0.360200 -0.575700 -0.517200 -0.521100 -1.872200 -1.983500 -2.320800 -1.071700 -2.521700 -4.772700 -0.584300 
0.028000 -1.229100 -0.122100 -0.095100 -0.298500 -1.018600 -1.353700 -0.791100 -1.384800 -1.835600 -1.033800 -1.695600 
0.030000 -1.887400 -2.782400 -1.175500 -2.455000 -1.617800 -1.145000 -0.767400 -1.081000 -1.604200 -0.804100 -0.906400 
0.032000 -0.603500 -2.222400 -0.796500 -1.393000 -0.533300 -0.505600 -0.522600 -1.143700 -8.975100 -1.260600 -1.546700 
0.034000 -0.834700 -1.566200 -0.369300 -0.661000 -1.718800 -2.022700 -1.216400 -6.528000 -1.881500 -1.570000 -4.178800 
0.036000 -0.840900 -0.529700 -1.154800 -1.961900 -0.536200 -2.126500 -1.770400 -2.005800 -0.889700 -4.920600 -2.365800 
0.038000 -1.112100 -0.851300 -0.383200 -0.499000 -0.935100 -1.719300 -1.240400 -0.346600 -1.747300 -0.685200 -0.743400 
0.040000 -0.482500 -0.735500 -0.153500 -1.039400 -0.730900 -0.638700 -1.295300 -2.219200 -1.320200 -1.169200 -1.679200 
0.042000 -1.629100 -1.357700 -0.118700 -1.036500 -1.902500 -0.170900 -1.877300 -0.615700 -4.423700 -2.225000 -2.447800 
0.044000 -0.461100 -1.176200 -0.559100 -0.685100 -4.669400 -0.893600 -1.281000 -0.366800 -0.415500 -1.179000 -0.767200 
0.046000 -1.293100 -0.742700 -0.294200 -1.392800 -1.325200 -1.637500 -1.120300 -1.478500 -3.756400 -2.195600 -2.715300 
0.048000 -1.145000 -1.939700 -1.933800 -0.757400 -2.286100 -2.011600 -1.894000 -2.643000 -3.330700 -2.327700 -4.238500 
0.050000 -0.953100 -0.336400 -1.442100 -1.457000 -0.452400 -2.465300 -0.634500 -2.435500 -2.031900 -4.781000 -2.888200 
0.052000 -0.889500 -0.736800 -0.753500 -5.086000 -1.645400 -0.405800 -0.280400 -1.488600 -1.599100 -3.155100 -1.480800 
0.054000 -1.126700 -0.851900 -0.726800 -1.180000 -1.439500 -1.898800 -1.502100 -1.878700 -0.746000 -2.671400 -2.047100 
0.056000 -2.595300 -0.638000 -0.474000 -0.846900 -1.266100 -0.142600 -0.975800 -1.557600 -4.046000 -4.040700 -4.427900 
0.058000 -0.300500 -1.206500 -2.814100 -0.740400 -3.287200 -1.201500 -1.513500 -0.936600 -1.702700 -4.753300 -2.102400 
0.060000 -0.946500 -1.337500 -1.868700 -0.479000 -0.557100 -0.618800 -0.787500 -1.131500 -1.018100 -2.415700 -7.492900 
0.062000 -0.895600 -0.635100 -2.070500 -0.265300 -1.761700 -0.886500 -0.620400 -0.756500 -1.655200 -0.465800 -2.931500 
0.064000 -0.234400 -0.882600 -0.895600 -1.338300 -2.447300 -6.235500 -1.355400 -0.794800 -4.402700 -6.980500 -3.531200 
0.066000 -0.532400 -1.762600 -0.064000 -1.869500 -1.187500 -1.388000 -0.454800 -1.175800 -1.360900 -2.414100 -0.871700 
0.068000 -1.383400 -1.940700 -0.890900 -0.675700 -0.776600 -0.927300 -0.331400 -1.156100 -3.811100 -5.055800 -2.812900 
0.070000 -1.263200 -1.510800 -0.835400 -1.197100 -0.213400 -1.674000 -0.468300 -2.385700 -3.643900 -3.399500 -1.980300 
0.072000 -0.597100 -0.710800 -0.913100 -0.489000 -1.066700 -0.757500 -2.226900 -0.654100 -0.852300 -1.391400 -2.017400 
0.074000 -0.193000 -1.665700 -0.987100 -0.777800 -0.818400 -0.830600 -1.341800 -1.150200 -1.349700 -4.544800 -2.370200 
0.076000 -1.809400 -0.538200 -1.327200 -0.202600 -0.434100 -0.882500 -2.494700 -0.194400 -1.296700 -2.590100 -1.847300 
0.078000 -1.418800 -1.825300 -1.024400 -2.774400 -0.809700 -2.071900 -0.905700 -2.404400 -1.221300 -2.582700 -6.320400 
0.080000 -1.433700 -1.382300 -2.020400 -0.623800 -2.000900 -0.487000 -1.898800 -0.895900 -0.831900 -1.378700 -1.365300 
0.082000 -1.461900 -0.436000 -0.958300 -1.261000 -0.550800 -2.129300 -1.813900 -1.100400 -6.069100 -3.481000 -9.007700 
0.084000 -1.259600 -0.857100 -0.234800 -0.264800 -0.577600 -2.865000 -2.076000 -0.289400 -2.365800 -3.044900 -1.555200 
0.086000 -1.421100 -2.329200 -1.073400 -0.601500 -1.552700 -3.065600 -0.814100 -0.678400 -2.399000 -1.970400 -4.112500 
0.088000 -0.803500 -0.933700 -0.621900 -1.491800 -1.849700 -1.896400 -2.222300 -1.120300 -3.271700 -3.516200 -3.756000 
0.090000 -2.563500 -1.142100 -1.427100 -0.338500 -4.173100 -4.307300 -1.059800 -0.463200 -2.794500 -1.301500 -3.015600 
0.092000 -0.779300 -1.024600 -0.252200 -0.673000 -2.356300 -0.910200 -0.699400 -1.310600 -1.097800 -3.727300 -2.226400 
0.094000 -0.740100 -0.922700 -1.016600 -0.478200 -0.851600 -1.134700 -2.855100 -2.305200 -1.056400 -6.072200 -1.982400 
0.096000 -1.131100 -0.860000 -1.303600 -1.442600 -2.785500 -0.940600 -1.697700 -0.954400 -2.667200 -3.741900 -1.854700 
0.098000 -1.699800 -0.505200 -1.207300 -1.128500 -1.263800 -1.962800 -1.728900 -0.592700 -1.894900 -0.781700 -1.294100 
0.100000 -0.611600 -0.672500 -1.078100 -1.111200 -0.407200 -0.438900 -1.473800 -1.252900 -1.573200 -2.926700 -4.016400 
0.102000 -1.566700 -2.041900 -1.797100 -1.364000 -3.444300 -0.575200 -2.119800 -1.637600 -1.471000 -2.291100 -3.278100 
0.104000 -1.301800 -2.277000 -2.634300 -0.836200 -1.122700 -0.952300 -0.418800 -0.906500 -1.459800 -4.937700 -1.503900 
0.106000 -1.156100 -1.073800 -0.360600 -0.854900 -1.271500 -0.833500 -1.395900 -1.288600 -1.408900 -2.522300 -1.194600 
0.108000 -0.372300 -2.953600 -0.262000 -0.753200 -2.644000 -1.171400 -2.032500 -0.641600 -1.378400 -1.563800 -6.220000 
0.110000 -1.235700 -2.782100 -1.022600 -0.711900 -0.827500 -1.210500 -0.460200 -2.784400 -2.226800 -1.269400 -2.041000 
0.112000 -0.747600 -0.192600 -1.111500 -2.033500 -2.265400 -2.527300 -0.907500 -0.759000 -2.330800 -0.648000 -1.981600 
0.114000 -2.015100 -0.492900 -1.113600 -1.854200 -2.124400 -0.400400 -1.838300 -0.678100 -2.263800 -1.984300 -10.832600 
0.116000 -0.952900 -1.180400 -2.310500 -0.691200 -0.578900 -2.020600 -0.610200 -0.374900 -6.551800 -0.531300 -1.514400 
0.118000 -2.243900 -0.913100 -2.601900 -0.285300 -0.518500 -1.404100 -0.850500 -1.628800 -1.111500 -1.883400 -4.024400 
0.120000 -1.210500 -1.117400 -1.548600 -0.404700 -1.132100 -3.420800 -1.421600 -0.426900 -0.703400 -2.246300 -1.277300 
0.122000 -0.656900 -2.650300 -0.976800 -0.787600 -1.245000 -1.208900 -0.527600 -1.356800 -1.061700 -2.830100 -1.500300 
0.124000 -0.642900 -1.746300 -0.556400 -1.080300 -1.012700 -0.978700 -0.869800 -1.157300 -8.459500 -1.160400 -7.099200 
0.126000 -1.079300 -2.138400 -0.397100 -2.098100 -1.751900 -4.986900 -0.454500 -1.423400 -2.845200 -0.852800 -6.394000 
0.128000 -0.569000 -0.291300 -2.534300 -0.700500 -2.677900 -2.704800 -1.602600 -1.164500 -2.439300 -1.504100 -5.302800 
0.130000 -2.793500 -0.287500 -0.695100 -1.324300 -1.029200 -0.691100 -2.153500 -1.134500 -8.311000 -1.856700 -5.048200 
0.132000 -0.917000 -2.152100 -0.649000 -0.354200 -0.556600 -2.392400 -2.940400 -1.121500 -2.824900 -1.726000 -1.046900 
0.134000 -1.341200 -1.541600 -1.074300 -1.233300 -0.731500 -0.454900 -0.366600 -1.203900 -0.485100 -4.131600 -1.443800 
0.136000 -1.577700 -3.153800 -4.597800 -0.602700 -1.233500 -0.666000 -0.347500 -1.054900 -5.332500 -2.713300 -1.232200 
0.138000 -0.942900 -0.723500 -0.480800 -2.981100 -0.602800 -0.609700 -0.543300 -1.373900 -2.246200 -1.526300 -5.070500 
0.140000 -1.392100 -1.251100 -0.848700 -2.497100 -0.753000 -0.188800 -1.987400 -6.174400 -2.630400 -3.047900 -8.791600 
0.142000 -2.149200 -1.089800 -0.234600 -0.159500 -0.734600 -0.639700 -0.783500 -1.708900 -0.897300 -6.076900 -4.177500 
0.144000 -1.169500 -0.795100 -1.099300 -2.865000 -1.174300 -4.459100 -1.638600 -1.356500 -4.933200 -1.105100 -6.757800 
0.146000 -1.355200 -0.387500 -1.291500 -0.906300 -0.996300 -1.470000 -0.851200 -5.554000 -2.987600 -4.245300 -10.211300 
0.148000 -2.382800 -1.336300 -0.471300 -1.466000 -0.410800 -2.226900 -1.394200 -1.239000 -1.521600 -3.577000 -5.997100 
0.150000 -0.196600 -0.403800 -1.277200 -1.616300 -0.883700 -1.385100 -0.492100 -0.509800 -6.518000 -3.398500 -14.222400 
0.152000 -0.365400 -0.265400 -1.780900 -0.362400 -0.836400 -1.679200 -1.188500 -1.174400 -0.209800 -2.026100 -2.657500 
0.154000 -0.654100 -0.337300 -0.884500 -1.315600 -2.369200 -0.697000 -0.912100 -0.795600 -8.308600 -6.866300 -0.913000 
0.156000 -1.210000 -1.850700 -0.508100 -0.929300 -1.232200 -4.700400 -0.993100 -1.012100 -0.737600 -5.446800 -13.548100 
0.158000 -0.606800 -0.259100 -0.998400 -1.167000 -2.530300 -1.691900 -0.568400 -2.646400 -0.739900 -10.896500 -11.537100 
0.160000 -1.210400 -0.507800 -0.615500 -0.292400 -1.762300 -0.930900 -1.900700 -0.417700 -1.376900 -1.646800 -6.621300 
0.162000 -0.852200 -5.297600 -1.118900 -1.084700 -0.996700 -0.715700 -2.668900 -1.661800 -0.852800 -4.742400 -4.269100 
0.164000 -1.346200 -0.478000 -0.456400 -1.299300 -0.333600 -1.459400 -0.154800 -1.634700 -0.532000 -2.229200 -1.651000 
0.166000 -1.706500 -1.296800 -0.808500 -0.862900 -0.876200 -0.873600 -0.961600 -2.032600 -1.391700 -1.698700 -4.778700 
0.168000 -0.680000 -3.097400 -1.241900 -0.442000 -1.430500 -4.195500 -1.969800 -0.477500 -1.047500 -0.908000 -4.621300 
0.170000 -4.247500 -0.339900 -3.592600 -0.415000 -1.204100 -1.565900 -0.487700 -2.021600 -6.563600 -0.379100 -5.970500 
0.172000 -1.563000 -1.389900 -1.940300 -2.299700 -1.219400 -0.415700 -2.183800 -1.923900 -1.807400 -2.085900 -7.094500 
0.174000 -1.502700 -0.290000 -1.067100 -0.525900 -0.633700 -1.424800 -1.798900 -1.605900 -1.262600 -1.831100 -11.723300 
0.176000 -0.601900 -0.320800 -1.694800 -1.197600 -1.125800 -0.369500 -2.126400 -0.746700 -5.721800 -0.604000 -4.602400 
0.178000 -0.678200 -1.539300 -2.216500 -1.878200 -1.751700 -2.514100 -2.815400 -0.956400 -1.637800 -1.104700 -3.321600 
0.180000 -0.627000 -0.868000 -1.383800 -4.708100 -0.660800 -2.598500 -3.181600 -1.107300 -1.143400 -1.824800 -10.094000 
0.182000 -0.330000 -0.919400 -1.011400 -0.412400 -0.520800 -2.861000 -0.570000 -1.100500 -2.300300 -3.247200 -4.987200 
0.184000 -2.025100 -1.016100 -0.236000 -1.036600 -0.631200 -1.062600 -2.248100 -0.731800 -2.837500 -14.994300 -7.615000 
0.186000 -1.229300 -1.116800 -0.508700 -1.899600 -0.709700 -0.425100 -1.219400 -1.784000 -2.916500 -6.364300 -0.999400 
0.188000 -0.586300 -2.323500 -0.237800 -1.638100 -1.277200 -0.547500 -2.011000 -0.539700 -0.606300 -3.801500 -2.155000 
0.190000 -1.285600 -0.487100 -2.110100 -2.579500 -0.647000 -0.673500 -3.304200 -1.945800 -1.075800 -2.953000 -4.062700 
0.192000 -1.075600 -0.282600 -1.833400 -0.646600 -1.150200 -2.484200 -3.423600 -1.478000 -1.232500 -0.485700 -1.938500 
0.194000 -0.767200 -0.513000 -0.953500 -0.559300 -1.285900 -0.243900 -3.343500 -1.363700 -3.064200 -1.100500 -17.782000 
0.196000 -1.842500 -0.268700 -0.918700 -0.782800 -0.659400 -2.944300 -1.456700 -1.791700 -1.350900 -6.427100 -11.125900 
0.198000 -1.774800 -0.785900 -0.403900 -0.388500 -0.872200 -0.742700 -1.611400 -0.629700 -0.743500 -2.739700 -13.818300 
0.200000 -0.679100 -0.931400 -0.657700 -1.409400 -0.596800 -2.318100 -1.073200 -0.364400 -2.090500 -1.019000 -5.790300 
0.202000 -0.579800 -0.551500 -1.044100 -1.577800 -4.248900 -2.023100 -1.725800 -0.896100 -0.744400 -1.319700 -9.382500 
0.204000 -0.953200 -0.823000 -0.992900 -1.003700 -1.349700 -0.164100 -0.254100 -0.351800 -0.465100 -3.177300 -25.380000 
0.206000 -1.056000 -0.718500 -1.343200 -0.909700 -3.505300 -0.752700 -1.041200 -1.098900 -1.647500 -1.354600 -2.855400 
0.208000 -0.724900 -1.928900 -1.436900 -0.743600 -1.294600 -0.788800 -1.859600 -3.237400 -3.698500 -2.197700 -4.952100 
0.210000 -1.257200 -1.321100 -0.702800 -1.543500 -1.352500 -0.420300 -1.649600 -0.440500 -7.425100 -0.822000 -7.240100 
0.212000 -0.389500 -1.061400 -2.727400 -0.252800 -0.701400 -0.920500 -0.620200 -1.109600 -1.337300 -1.210200 -6.241300 
0.214000 -1.167900 -1.691300 -0.638900 -1.506800 -1.787500 -1.073500 -2.096900 -0.179600 -4.986500 -3.925700 -21.462800 
0.216000 -1.094500 -0.544700 -3.035400 -1.425400 -1.865000 -0.651000 -0.742300 -1.023500 -8.231700 -1.840300 -10.422500 
0.218000 -0.717000 -0.663800 -0.685300 -1.237400 -1.280900 -0.639100 -0.460600 -0.674800 -1.084700 -1.799400 -9.904500 
0.220000 -0.765200 -1.481600 -0.438200 -2.023800 -0.749900 -2.579800 -0.817500 -0.748900 -1.957300 -1.599100 -12.393700 
0.222000 -1.488400 -0.994700 -2.029400 -1.630200 -0.583000 -3.911700 -1.782800 -1.515900 -1.875600 -1.556800 -9.501800 
0.224000 -0.567400 -1.178500 -0.730500 -0.167500 -0.933500 -0.999900 -2.473900 -1.173500 -9.195600 -0.399300 -3.530300 
0.226000 -1.590100 -0.422100 -0.658100 -0.346300 -1.797900 -0.277400 -1.529100 -1.390800 -3.382300 -0.380200 -5.455700 
0.228000 -1.771300 -0.682900 -0.508300 -1.897900 -1.871000 -2.464900 -2.914400 -3.615800 -1.924400 -1.674200 -11.450800 
0.230000 -0.963600 -2.186400 -0.722400 -0.639700 -1.135900 -1.781400 -1.430300 -2.706100 -1.249300 -4.452900 -9.263400 
0.232000 -1.033800 -0.413200 -1.193600 -1.526100 -1.177300 -0.600900 -2.974100 -0.684700 -1.151200 -3.787100 -7.472100 
0.234000 -0.362500 -0.612000 -1.724400 -0.760300 -0.332100 -1.682800 -0.627500 -4.326400 -2.900400 -5.509000 -2.695800 
0.236000 -0.939800 -0.745800 -1.454500 -0.978900 -0.671200 -0.086500 -1.782500 -3.255400 -4.355600 -6.513800 -6.006600 
0.238000 -0.906100 -0.506800 -1.556500 -0.612200 -0.787500 -1.149400 -1.758300 -2.310100 -4.222900 -2.305200 -1.255100 
0.240000 -0.423100 -1.014400 -0.505900 -1.390400 -1.173400 -0.657000 -1.083800 -1.784100 -2.581200 -1.389800 -1.774800 
0.242000 -0.652700 -0.700300 -1.543400 -0.818300 -1.774800 -0.852300 -1.327800 -1.873600 -5.348600 -6.743300 -5.325500 
0.244000 -1.853200 -0.937500 -0.490200 -1.285400 -0.837600 -0.367100 -3.276900 -0.709800 -1.407600 -2.827500 -2.225500 
0.246000 -4.357400 -0.456200 -0.434200 -0.524100 -1.600300 -1.062900 -5.480900 -4.113400 -0.816400 -7.558900 -3.285900 
0.248000 -0.622900 -1.355600 -0.541700 -0.179800 -0.845100 -1.867900 -3.527000 -6.551300 -0.865100 -2.847700 -5.332000 
0.250000 -1.265400 -1.025200 -1.366500 -1.537900 -0.379100 -2.909300 -7.118500 -2.073500 -2.086200 -3.545400 -7.782600 
0.252000 -0.879000 -1.314900 -0.237400 -1.669800 -1.424900 -1.960900 -0.906800 -0.844700 -3.760800 -3.359300 -6.704800 
0.254000 -0.880700 -0.725500 -2.564100 -1.147400 -0.810700 -1.421300 -2.079600 -1.917900 -1.360300 -1.831900 -12.006500 
0.256000 -1.817700 -0.403900 -1.411200 -0.327000 -1.454900 -1.831600 -1.652200 -1.657200 -1.525000 -4.239700 -9.262700 
0.258000 -0.690300 -0.972500 -2.898300 -1.587200 -0.741600 -2.903100 -2.068200 -4.428400 -1.430800 -0.561800 -2.979100 
0.260000 -0.435300 -2.786800 -2.383700 -1.969300 -1.609000 -2.131200 -1.455200 -1.263900 -6.205600 -0.373100 -2.136400 
0.262000 -0.582500 -1.327000 -0.344900 -1.188800 -2.209600 -0.907300 -3.618700 -0.504900 -2.961000 -4.612000 -5.197400 
0.264000 -1.265800 -2.078600 -0.722200 -1.903200 -0.703700 -0.707900 -2.452700 -2.370300 -1.558200 -1.864700 -7.370800 
0.266000 -1.266500 -1.106300 -1.208100 -0.763900 -0.784700 -1.620000 -3.140300 -2.673900 -2.734500 -3.181000 -8.374500 
0.268000 -1.005800 -1.098400 -1.084300 -2.108600 -0.721800 -3.404200 -8.477900 -2.820300 -2.674600 -1.246100 -4.929300 
0.270000 -0.585800 -0.215600 -0.504500 -1.568700 -1.602000 -1.193300 -4.314300 -1.445700 -2.033600 -3.694000 -4.206100 
0.272000 -0.702800 -1.351700 -0.492200 -0.686300 -0.364700 -2.172000 -1.194000 -2.176000 -0.743300 -1.034900 -1.841700 
0.274000 -2.497900 -2.793700 -2.009700 -3.703300 -1.969800 -0.662000 -2.328500 -1.331100 -1.801500 -1.231900 -3.098600 
0.276000 -1.585200 -1.040000 -0.420800 -3.245300 -0.994600 -1.202300 -1.021700 -7.501500 -1.523300 -1.065300 -1.848500 
0.278000 -0.251100 -2.113400 -1.072100 -0.623400 -0.478600 -1.468500 -1.712200 -0.375500 -11.167500 -1.676600 -1.557400 
0.280000 -1.417600 -2.061200 -2.218200 -0.446700 -0.585300 -0.213000 -2.622500 -2.445200 -0.565700 -1.715000 -7.612200 
0.282000 -1.069100 -1.001400 -0.686900 -0.295900 -2.158600 -0.594200 -0.767300 -0.811400 -3.536400 -3.445800 -1.693800 
0.284000 -1.127000 -2.440900 -1.441600 -3.417300 -1.101100 -1.205100 -1.014100 -2.319400 -3.049200 -1.140300 -7.250100 
0.286000 -2.376500 -0.826000 -1.072300 -1.291400 -2.156800 -3.000400 -8.226100 -1.367800 -1.283600 -1.595300 -3.147600 
0.288000 -0.883100 -0.299900 -0.765600 -3.181500 -0.768100 -1.462800 -4.067300 -1.505400 -1.436800 -3.827800 -1.489300 
0.290000 -0.574300 -0.341300 -0.502800 -1.445100 -0.299600 -2.158100 -3.737600 -2.077400 -2.243600 -5.266000 -7.496100 
0.292000 -1.460400 -1.052500 -0.848200 -0.906300 -1.183800 -0.315500 -2.012100 -2.863800 -1.067800 -0.512500 -1.451300 
0.294000 -1.252300 -0.274400 -0.351200 -1.111600 -0.751800 -0.186400 -1.567000 -0.097600 -3.321600 -2.902100 -3.629600 
0.296000 -2.377800 -1.005000 -0.319700 -0.652000 -0.880400 -0.401800 -0.879200 -1.259000 -1.925200 -5.062600 -2.396500 
0.298000 -1.270500 -1.949100 -1.215100 -2.507900 -1.430600 -0.877000 -4.332500 -1.006600 -4.066700 -2.636600 -6.873700 
0.300000 -1.694100 -0.447000 -0.818400 -1.000000 -0.915200 -1.011800 -1.323200 -1.162400 -8.493200 -1.034300 -1.788800 
0.302000 -1.314900 -0.369300 -0.698800 -0.944600 -1.118500 -0.633000 -1.848300 -2.587700 -4.507900 -0.921400 -17.367400 
0.304000 -0.554400 -2.242300 -0.189000 -1.905200 -0.658800 -0.190900 -2.953200 -1.020200 -1.375300 -2.385600 -5.931200 
0.306000 -1.299400 -0.848800 -0.421100 -0.488400 -5.065400 -0.911500 -0.612400 -2.640500 -4.791000 -0.417800 -6.071500 
0.308000 -2.657100 -1.121300 -0.271400 -2.926700 -1.766700 -1.834100 -0.678500 -0.858900 -0.891300 -1.627300 -9.005400 
0.310000 -1.030000 -0.289300 -0.637400 -0.919000 -1.194800 -1.430500 -1.314500 -1.536300 -1.807100 -0.830000 -3.089600 
0.312000 -2.178200 -1.097000 -1.039400 -1.829100 -0.738800 -2.026000 -1.647500 -0.409100 -4.323400 -3.773800 -2.219200 
0.314000 -0.855800 -0.047000 -2.054200 -1.139200 -0.849000 -0.640600 -0.847200 -1.176000 -5.374500 -1.479300 -4.770500 
0.316000 -0.889500 -1.927900 -1.289800 -0.726400 -1.336400 -0.738200 -1.197700 -0.846700 -1.653600 -1.733300 -3.461700 
0.318000 -0.369600 -0.882200 -0.479100 -3.299700 -1.141500 -0.933400 -1.993900 -1.096800 -3.039700 -3.125800 -9.847700 
0.320000 -0.435000 -0.993900 -0.876400 -2.819300 -0.519100 -2.234900 -1.356500 -0.551100 -6.758500 -0.180700 -5.975900 
0.322000 -0.580500 -1.198000 -1.194400 -1.988200 -2.242000 -1.147000 -1.316700 -1.675600 -2.858000 -4.637900 -8.981500 
0.324000 -0.749200 -0.427200 -0.670500 -0.594000 -1.006400 -1.801200 -1.252100 -3.319400 -3.856900 -1.060000 -6.953700 
0.326000 -0.965300 -3.815600 -0.397700 -1.509500 -1.816600 -1.432000 -1.529100 -1.458400 -3.069800 -2.386500 -2.068500 
0.328000 -1.558600 -1.010100 -0.668400 -0.620200 -0.953400 -1.426900 -0.959900 -3.974200 -1.188700 -2.863100 -4.948000 
0.330000 -0.723300 -1.032800 -0.825200 -0.769500 -1.661200 -1.676700 -2.532000 -2.808000 -1.109700 -2.310200 -12.494500 
0.332000 -1.219900 -1.210500 -1.411200 -0.823300 -1.575600 -2.676200 -5.187600 -1.896200 -0.749600 -5.482700 -2.994200 
0.334000 -0.373500 -0.193800 -0.427700 -1.069300 -1.170600 -1.274400 -4.108000 -1.817000 -6.394200 -10.886600 -2.115300 
0.336000 -0.415300 -0.590200 -1.265900 -0.422400 -0.653500 -2.687200 -0.447500 -0.411400 -2.313300 -2.475200 -7.082100 
0.338000 -0.205500 -2.006800 -1.076000 -1.936900 -0.283900 -0.721800 -0.742800 -1.083200 -3.346200 -0.864500 -4.272600 
0.340000 -1.755600 -1.609800 -0.449800 -1.566600 -0.207000 -1.000700 -1.309700 -3.743800 -1.913300 -5.687300 -2.006600 
0.342000 -0.533400 -0.963400 -0.228600 -1.038300 -1.130000 -1.022300 -2.857900 -1.453800 -3.897500 -3.005100 -2.350200 
0.344000 -0.710300 -0.649300 -0.939400 -1.474200 -0.296400 -1.655800 -2.585300 -1.035900 -1.783700 -12.818000 -13.504500 
0.346000 -0.684400 -0.292100 -0.458200 -0.338900 -0.835100 -1.105400 -0.814000 -1.860100 -1.373200 -5.641600 -6.773600 
0.348000 -2.075900 -1.055000 -0.813300 -0.482700 -1.045500 -1.459700 -1.295400 -0.448300 -2.172100 -6.426000 -12.323800 
0.350000 -0.709900 -0.531700 -0.673700 -0.961600 -2.751600 -1.523700 -0.359400 -1.177700 -4.131700 -7.270600 -14.401300 
0.352000 -2.553600 -0.732500 -0.315100 -3.285600 -0.716300 -0.860400 -0.337500 -2.398900 -2.227700 -2.535200 -7.379500 
0.354000 -0.869300 -1.777900 -0.856900 -1.905300 -1.240500 -1.337300 -1.262800 -3.696000 -2.539600 -4.860100 -6.739900 
0.356000 -0.282700 -0.305700 -1.039500 -1.655200 -2.475000 -2.044800 -2.585700 -3.287900 -1.366000 -1.209400 -17.898500 
0.358000 -0.591700 -0.629300 -1.107200 -1.119300 -0.290900 -2.597200 -2.981300 -6.366700 -7.181300 -1.336100 -7.588100 
0.360000 -1.722100 -1.469200 -2.898300 -0.508700 -0.866300 -2.197900 -3.013700 -3.143500 -1.898800 -0.275000 -12.039400 
0.362000 -0.482400 -1.084500 -1.313000 -0.356100 -1.831700 -1.334400 -2.449000 -2.929900 -2.669500 -0.779600 -2.867600 
0.364000 -1.336800 -1.808400 -0.997700 -1.086600 -1.226800 -0.246900 -1.534600 -3.800900 -2.902500 -0.422100 -5.795500 
0.366000 -0.939500 -0.668800 -0.862500 -1.658700 -0.753600 -3.790400 -5.704100 -0.815800 -10.027600 -4.410200 -2.146700 
0.368000 -0.683200 -0.586300 -0.729700 -0.792700 -0.966300 -1.092600 -0.624600 -4.176600 -7.311300 -0.728100 -2.892700 
0.370000 -0.694100 -1.028100 -1.239700 -1.457300 -0.474900 -1.284600 -2.613000 -1.787800 -2.254800 -1.510000 -1.263200 
0.372000 -1.024600 -0.799800 -1.323200 -0.955800 -0.909300 -3.986900 -2.819000 -0.558200 -1.501900 -0.556500 -0.466000 
0.374000 -2.026700 -0.475900 -0.291400 -0.392400 -0.958900 -0.538200 -7.160900 -6.906900 -3.991900 -6.193500 -1.960100 
0.376000 -1.881000 -0.298400 -0.545700 -0.486200 -0.630800 -0.436700 -1.903100 -4.337500 -0.964700 -3.250000 -6.281100 
0.378000 -1.953100 -0.903700 -0.309800 -0.587700 -1.193800 -1.598000 -1.885400 -2.268700 -3.593000 -9.426300 -1.279700 
0.380000 -0.857400 -0.799400 -0.500400 -0.454600 -1.832700 -1.234400 -1.617600 -5.469200 -6.062000 -0.473200 -1.442300 
0.382000 -0.496800 -1.962300 -0.627000 -0.591600 -0.812300 -0.321500 -1.349700 -2.148500 -4.195500 -2.009000 -18.073800 
0.384000 -1.005300 -0.594900 -3.142200 -0.682700 -1.017600 -0.373800 -2.238900 -1.517800 -2.122900 -1.465200 -2.459000 
0.386000 -0.605700 -0.176600 -2.351700 -0.747100 -1.685700 -1.188000 -2.168000 -3.735100 -1.564100 -1.074400 -3.135800 
0.388000 -0.747300 -0.364700 -1.868700 -0.685100 -2.817100 -4.395400 -1.825100 -4.416200 -1.047600 -1.086700 -1.979000 
0.390000 -0.627700 -0.791000 -1.078200 -0.495700 -0.974900 -1.687500 -0.874300 -1.249400 -1.026500 -0.701800 -1.374200 
0.392000 -0.863800 -1.172900 -2.583900 -0.657400 -1.044700 -0.464600 -0.357800 -0.713100 -4.274700 -1.126500 -13.983200 
0.394000 -1.225900 -0.566500 -0.988500 -1.215600 -0.696600 -0.886700 -2.503800 -2.312300 -4.436400 -3.383300 -6.302500 
0.396000 -0.403200 -0.518200 -0.789100 -0.795500 -0.982600 -1.390400 -2.442600 -2.854000 -6.041100 -1.467200 -8.642500 
0.398000 -1.673900 -0.780800 -1.086800 -0.702500 -0.372900 -1.756500 -2.613900 -1.802900 -8.388700 -1.133200 -16.325600 
0.400000 -1.400000 -0.193500 -1.934600 -1.511500 -0.477600 -1.487500 -2.324100 -0.408500 -1.659800 -0.789800 -6.618000 
0.402000 -0.435300 -0.280800 -1.428400 -2.148800 -3.246900 -2.901700 -3.973300 -1.104900 -2.286800 -2.410400 -3.322000 
0.404000 -0.941100 -1.593500 -2.115400 -1.190900 -0.867700 -2.603800 -2.275700 -0.808600 -2.324200 -1.038200 -9.985500 
0.406000 -1.303400 -0.504100 -1.296600 -1.299700 -0.802500 -2.634100 -1.126800 -1.967700 -11.781500 -1.439100 -6.822600 
0.408000 -1.732600 -1.458100 -0.481000 -0.397300 -1.250400 -1.570400 -0.541100 -1.787700 -8.320300 -2.406500 -3.260300 
0.410000 -1.425700 -0.420100 -0.470500 -0.228600 -0.625900 -1.810700 -3.473800 -2.199200 -7.178700 -2.194700 -9.134000 
0.412000 -0.264300 -1.453600 -2.190500 -0.863900 -0.209100 -0.938100 -5.559400 -5.709300 -1.516300 -7.184900 -8.772100 
0.414000 -0.401500 -0.647400 -1.150700 -1.689700 -1.844400 -0.537800 -2.730900 -1.024500 -1.585200 -1.893400 -0.999600 
0.416000 -3.265300 -1.608800 -1.931900 -1.078200 -4.360600 -2.547900 -0.223700 -4.019500 -6.797100 -2.682900 -5.787400 
0.418000 -2.027600 -1.469300 -4.386200 -1.090900 -0.689600 -1.056400 -2.004800 -2.476900 -5.106600 -4.022700 -4.275500 
0.420000 -0.457400 -1.119700 -0.509200 -1.245800 -0.673200 -0.593000 -3.095600 -3.063500 -1.462900 -1.372300 -24.624100 
0.422000 -0.430300 -0.881800 -0.928300 -2.065000 -1.776600 -1.085300 -2.233000 -2.715500 -0.251700 -1.250200 -2.735500 
0.424000 -1.196500 -1.779400 -1.402500 -0.432600 -0.422200 -2.061500 -2.656100 -6.125400 -2.474400 -2.747200 -8.625700 
0.426000 -0.957000 -0.594300 -0.288300 -0.841100 -2.940100 -2.705300 -1.764100 -1.464900 -0.828200 -4.207700 -2.166100 
0.428000 -1.576500 -0.287300 -0.347800 -0.600200 -0.467900 -1.247000 -1.331600 -5.580200 -1.349300 -2.677000 -5.721900 
0.430000 -0.949100 -0.436700 -0.848700 -0.910900 -0.308400 -1.198400 -0.595200 -2.138800 -3.321300 -1.466300 -5.605700 
0.432000 -0.876500 -0.423700 -0.985100 -0.832400 -0.304000 -1.346500 -2.506300 -7.294000 -0.994100 -1.413700 -1.467900 
0.434000 -2.151600 -0.854200 -0.765800 -1.763700 -2.512500 -2.331200 -2.197400 -2.601300 -2.000400 -2.606000 -2.499700 
0.436000 -0.498200 -1.016200 -1.424200 -1.170000 -0.414100 -1.578700 -1.128800 -1.205700 -4.406200 -0.904700 -5.396800 
0.438000 -0.513200 -0.524200 -1.238400 -3.315700 -2.374900 -0.954400 -0.912900 -4.908600 -0.799100 -1.794500 -3.274400 
0.440000 -1.601800 -0.616900 -1.084800 -0.643200 -0.427100 -0.878200 -2.749500 -4.213000 -0.815600 -1.626100 -2.956500 
0.442000 -0.882900 -0.191200 -2.001400 -1.501200 -0.535100 -0.294900 -0.460500 -2.244900 -0.913700 -3.782900 -5.649600 
0.444000 -0.561600 -0.655400 -0.989500 -0.591200 -1.439700 -0.892700 -1.724500 -4.692500 -2.185900 -0.750800 -1.806100 
0.446000 -1.905700 -0.644300 -1.478200 -1.891900 -0.676400 -0.639500 -0.585200 -1.001600 -2.816700 -1.127700 -2.482900 
0.448000 -0.298300 -0.313700 -0.673500 -0.734100 -0.871500 -1.142500 -1.478800 -0.775900 -3.669700 -9.279800 -1.396200 
0.450000 -1.109700 -1.474200 -0.532900 -1.795400 -0.569600 -0.736000 -4.357900 -1.012100 -4.486700 -3.921100 -3.723000 
0.452000 -1.625500 -0.627300 -0.471500 -0.818700 -0.657300 -2.449400 -3.197800 -5.871900 -4.262600 -3.306800 -9.099300 
0.454000 -0.596500 -0.844500 -0.621400 -1.697400 -0.471500 -1.545000 -1.450800 -1.214900 -3.043400 -0.506100 -14.698700 
0.456000 -1.234700 -1.356600 -0.670700 -0.924200 -0.438000 -5.470900 -1.310700 -1.180900 -1.672000 -6.836300 -4.031900 
0.458000 -0.135200 -1.179000 -0.409900 -0.746900 -0.863100 -3.624100 -1.444100 -1.068600 -6.409400 -5.724000 -6.937100 
0.460000 -0.843600 -0.263100 -0.699900 -1.337100 -0.507900 -1.482700 -1.426900 -0.824700 -0.965700 -3.116400 -6.184500 
0.462000 -0.723200 -0.441400 -1.946300 -0.950500 -2.206800 -0.626200 -1.370200 -0.507900 -3.818500 -1.984000 -1.826500 
0.464000 -1.896600 -1.057300 -0.851700 -1.900100 -1.296100 -0.827100 -1.948700 -5.109700 -1.278900 -0.950400 -6.821300 
0.466000 -3.380300 -0.665800 -0.523900 -1.212000 -2.798600 -1.195600 -1.086700 -3.059400 -2.209100 -2.247800 -4.617100 
0.468000 -0.346300 -0.555700 -0.332800 -1.424500 -0.636800 -5.527400 -1.475900 -0.854400 -1.150800 -1.278300 -9.254700 
0.470000 -0.697500 -0.219300 -0.859600 -1.349300 -0.527500 -1.349700 -3.576200 -3.264500 -1.035300 -2.191100 -7.531300 
0.472000 -0.597800 -0.425200 -1.298300 -2.236700 -0.370500 -2.166100 -0.726800 -4.446000 -2.783500 -2.637700 -8.111800 
0.474000 -0.662900 -0.755100 -0.876300 -0.843200 -3.137000 -1.059900 -2.793000 -1.947200 -1.709000 -2.690200 -8.651800 
0.476000 -0.674200 -1.180500 -2.122000 -1.562500 -0.044300 -0.765100 -4.238900 -2.524300 -6.250000 -2.243400 -6.155200 
0.478000 -0.754200 -0.638400 -0.475300 -0.606100 -1.770100 -1.030200 -1.438900 -2.751700 -2.609200 -6.772900 -19.045800 
0.480000 -1.362500 -2.803800 -0.338100 -4.437600 -1.242900 -1.677800 -2.442900 -0.941700 -1.886900 -1.675400 -2.204600 
0.482000 -0.199600 -2.055700 -0.923700 -0.358100 -1.430200 -1.063400 -1.478600 -4.558100 -0.802200 -2.871300 -2.899100 
0.484000 -1.455700 -0.236700 -1.168600 -0.940500 -1.685100 -4.395300 -0.232400 -1.392400 -3.572200 -3.067300 -15.422700 
0.486000 -0.340800 -0.285400 -1.555100 -1.482600 -1.196100 -1.330600 -1.593800 -0.302000 -9.076400 -2.464000 -4.275900 
0.488000 -0.254800 -1.081800 -1.374500 -1.277200 -1.354200 -1.506000 -2.001700 -0.278300 -8.660800 -4.147700 -6.269800 
0.490000 -0.872900 -1.030000 -0.369200 -0.570800 -0.400800 -1.298100 -1.335700 -1.558500 -1.664200 -4.019100 -3.197700 
0.492000 -1.501800 -1.228100 -0.719300 -0.630300 -0.469100 -0.495900 -1.668500 -4.172400 -4.473600 -0.670500 -6.641700 
0.494000 -0.993000 -0.782900 -0.822300 -0.511300 -0.860600 -2.355700 -2.757600 -0.951400 -1.709700 -2.581700 -2.486900 
0.496000 -0.454800 -0.361600 -1.321800 -0.955200 -1.125000 -0.551800 -0.637800 -2.291900 -4.415700 -6.747500 -10.572100 
0.498000 -0.434400 -1.888700 -1.023100 -0.330200 -2.048800 -1.291900 -1.257600 -0.607300 -0.319700 -5.533600 -4.542500 
0.500000 -0.530100 -0.725400 -0.561700 -4.516800 -0.971800 -0.776700 -5.051200 -1.182900 -2.553500 -7.902100 -16.978900 
0.502000 -1.334400 -0.518800 -1.896600 -2.373300 -0.346100 -0.923600 -1.794100 -1.767800 -2.025000 -0.880300 -3.385200 
0.504000 -2.563800 -0.473200 -2.008200 -2.773900 -3.652400 -1.258700 -5.418200 -1.064600 -3.297900 -1.263200 -7.226600 
0.506000 -0.872400 -1.925400 -1.009200 -2.495500 -2.424100 -2.786600 -2.160000 -1.789500 -1.176800 -5.984000 -3.110800 
0.508000 -0.171300 -2.402100 -2.309300 -2.493400 -3.015300 -0.778900 -1.118600 -0.809000 -0.195400 -3.011800 -5.109000 
0.510000 -1.314900 -0.307500 -1.365600 -0.864900 -5.461900 -0.385900 -2.715400 -0.508900 -4.033300 -1.863300 -6.030000 
0.512000 -1.783100 -0.886500 -1.016900 -3.430800 -0.981800 -1.831800 -2.100100 -1.972500 -2.101300 -2.606900 -0.984300 
0.514000 -0.756600 -0.545600 -0.851900 -0.843600 -1.624100 -1.943600 -1.791800 -1.584800 -1.632600 -6.118000 -9.161300 
0.516000 -0.779500 -1.537600 -0.345600 -0.250100 -2.134500 -0.449500 -1.228300 -0.395400 -2.880900 -1.567600 -13.122500 
0.518000 -0.704100 -0.651000 -0.477200 -1.388300 -0.590200 -4.295300 -0.716400 -0.558900 -2.555200 -0.707500 -16.845300 
0.520000 -0.517000 -0.698600 -0.499100 -2.423100 -2.310600 -2.645400 -0.835300 -0.091700 -3.886300 -1.978200 -24.784200 
0.522000 -0.696700 -0.388100 -0.913500 -0.964600 -0.298700 -0.615800 -1.047200 -2.027000 -1.224200 -3.416000 -1.975400 
0.524000 -0.969900 -1.326700 -0.459100 -2.539500 -2.133700 -2.116000 -1.295100 -0.195200 -2.289800 -2.882300 -5.535600 
0.526000 -1.306900 -1.497800 -1.610600 -0.302200 -0.615400 -0.675400 -0.840300 -0.936400 -1.771900 -8.323600 -6.080000 
0.528000 -1.226700 -0.554800 -1.553900 -1.116300 -1.422400 -0.400300 -0.359800 -7.155700 -1.800100 -3.148500 -1.953600 
0.530000 -1.699900 -1.145100 -1.852400 -0.742100 -1.338000 -0.695800 -2.911800 -0.220500 -2.874800 -0.965700 -8.955300 
0.532000 -1.076400 -0.743100 -0.975300 -1.086800 -1.163900 -2.649500 -2.333800 -1.468400 -7.167600 -4.523000 -5.169600 
0.534000 -1.475500 -0.995200 -0.922100 -0.319900 -0.912100 -0.373700 -4.507400 -0.491500 -0.514900 -2.304200 -6.437600 
0.536000 -0.710400 -0.570600 -2.028000 -1.270700 -2.608900 -0.822600 -5.221600 -1.514400 -6.093900 -1.201500 -13.783700 
0.538000 -0.566700 -1.163500 -1.279800 -0.664500 -1.172000 -1.303600 -1.701900 -0.493200 -7.448600 -0.673200 -10.687200 
0.540000 -0.262600 -1.137500 -2.134900 -1.591900 -0.748700 -2.988600 -0.796600 -0.435800 -0.561300 -2.513400 -16.161200 
0.542000 -0.560000 -1.805400 -1.748800 -0.937700 -1.690000 -1.841000 -1.826600 -1.597900 -4.146600 -4.114700 -7.957900 
0.544000 -0.813000 -0.802600 -0.802900 -0.243000 -1.556500 -0.531900 -0.666400 -1.073000 -3.722400 -0.490700 -11.714300 
0.546000 -2.742200 -0.746400 -1.066600 -0.610300 -1.489100 -1.722200 -1.978000 -0.980100 -2.718800 -0.300200 -12.695100 
0.548000 -1.379100 -0.659200 -0.978200 -0.990900 -0.321500 -0.532400 -1.476300 -2.240300 -2.819000 -1.179000 -11.686800 
0.550000 -1.314700 -0.392200 -4.021100 -1.003800 -2.246400 -0.634100 -1.960600 -4.496500 -0.336100 -4.297800 -13.991900 
0.552000 -2.574900 -0.777300 -2.238300 -0.797900 -0.694300 -0.691100 -2.908800 -3.251100 -0.338200 -2.555200 -6.492400 
0.554000 -0.923400 -1.938400 -1.734300 -1.285500 -1.088600 -2.844900 -3.785700 -0.899700 -1.785600 -2.314000 -14.183700 
0.556000 -2.042200 -1.801000 -1.596700 -0.424700 -1.656600 -1.255600 -3.138300 -6.204700 -0.981200 -4.030500 -4.388400 
0.558000 -0.446500 -0.636400 -1.546600 -1.839900 -0.564800 -2.379400 -1.034600 -1.558400 -1.628200 -5.017500 -17.732900 
0.560000 -2.088100 -0.529100 -0.399300 -0.559600 -1.054400 -1.279400 -2.300900 -3.722700 -2.867000 -3.058500 -2.356400 
0.562000 -1.304900 -0.136400 -0.497500 -2.366300 -1.745800 -0.880400 -4.267600 -0.669700 -4.566600 -3.592100 -6.089200 
0.564000 -1.183500 -0.590200 -0.331300 -0.584100 -0.347900 -0.626700 -2.175900 -3.965600 -3.738500 -4.911900 -5.523600 
0.566000 -0.263400 -1.519800 -0.386800 -0.710900 -0.841000 -1.169200 -5.969700 -1.822800 -3.076000 -1.201500 -14.535600 
0.568000 -1.085100 -0.537000 -1.281700 -0.463300 -1.566500 -0.485000 -0.724500 -1.933900 -0.285300 -1.565500 -6.898500 
0.570000 -1.825200 -1.837300 -0.281900 -0.532900 -1.513200 -2.639000 -0.762800 -3.980700 -0.974200 -1.862600 -5.976500 
0.572000 -0.398500 -1.449600 -1.035400 -1.520200 -4.360700 -1.631700 -3.633400 -0.842600 -0.429900 -5.586800 -29.460100 
0.574000 -1.340100 -0.893000 -1.014800 -1.808800 -1.667900 -1.287600 -0.639700 -1.724400 -1.664300 -6.006700 -6.458500 
0.576000 -0.322300 -1.600200 -0.477100 -1.136400 -2.246600 -4.462900 -3.010700 -2.137400 -1.676600 -1.397100 -5.709800 
0.578000 -0.788600 -0.859200 -0.825700 -0.525100 -2.175400 -4.242000 -1.836100 -1.160200 -1.723000 -2.210400 -8.550300 
0.580000 -1.028600 -1.252500 -0.677000 -1.628800 -0.850600 -1.497700 -0.722800 -1.523200 -0.749800 -1.736200 -5.173700 
0.582000 -1.259900 -0.662200 -0.877000 -1.846400 -1.114600 -0.636500 -1.415000 -2.937100 -1.812500 -1.097000 -2.212900 
0.584000 -1.798600 -2.234000 -1.927100 -0.488300 -1.919600 -2.879600 -1.890600 -1.919300 -0.435700 -4.398200 -3.225700 
0.586000 -0.933500 -0.859900 -1.945800 -2.007000 -0.706600 -1.096700 -2.469100 -1.350100 -3.319400 -4.530000 -2.995400 
0.588000 -1.174800 -0.500800 -3.447800 -1.907400 -0.770900 -0.791000 -2.019300 -0.789000 -1.990500 -3.135300 -7.654900 
0.590000 -0.800500 -1.163700 -0.676700 -1.480300 -1.037100 -0.592500 -4.968000 -3.851100 -0.709300 -2.750600 -11.806500 
0.592000 -0.338500 -0.411300 -1.497000 -0.974800 -2.059300 -0.589000 -2.489900 -6.102900 -0.943900 -1.020600 -3.254800 
0.594000 -1.178300 -1.116600 -0.750000 -0.538500 -1.337000 -0.820500 -2.675300 -0.776100 -0.646200 -1.584400 -3.770500 
0.596000 -1.490300 -1.253900 -0.766700 -1.565100 -1.263300 -0.813100 -3.968800 -1.991200 -3.628800 -0.521100 -12.049900 
0.598000 -0.670100 -1.841000 -0.773100 -1.374100 -0.662000 -5.253200 -2.361000 -2.159100 -0.348400 -6.091100 -3.837200 
0.600000 -3.317500 -1.209700 -1.302300 -0.693400 -2.313600 -0.575600 -1.315900 -2.482000 -1.791400 -6.552200 -4.519100 
0.602000 -0.811600 -1.217800 -0.577600 -0.806400 -1.281400 -1.271400 -0.343200 -2.242900 -3.017100 -7.028400 -5.350900 
0.604000 -1.159900 -0.837600 -2.235900 -1.287100 -0.909200 -1.459000 -0.744700 -0.656600 -2.869300 -0.650500 -7.940700 
0.606000 -1.496000 -1.976600 -0.623000 -0.266600 -1.624100 -0.760600 -3.489400 -0.790500 -0.244000 -13.812300 -2.176600 
0.608000 -0.154700 -0.584700 -0.855300 -1.349600 -3.142200 -0.270100 -1.096900 -1.755300 -3.808400 -8.543700 -5.802500 
0.610000 -0.752100 -1.291700 -0.496300 -0.453200 -1.311400 -0.798800 -1.577600 -1.507900 -9.153800 -4.569900 -9.213500 
0.612000 -1.033500 -0.738000 -1.058200 -0.233300 -0.891100 -5.905100 -5.858200 -1.934000 -5.228700 -2.535300 -8.611900 
0.614000 -1.286500 -1.523800 -0.651500 -3.186900 -1.442300 -1.898900 -2.229100 -0.388100 -1.604000 -2.436100 -2.843200 
0.616000 -3.873800 -0.627600 -2.349100 -0.663900 -5.673000 -3.260300 -1.547300 -1.579100 -1.076900 -1.967100 -3.853800 
0.618000 -0.223400 -0.551500 -1.250500 -0.431000 -1.382200 -2.741100 -3.532200 -2.290300 -1.482700 -2.803700 -9.685700 
0.620000 -0.539700 -1.371300 -1.203500 -2.527800 -2.999000 -1.184500 -1.234000 -2.487700 -2.598700 -8.922400 -2.149900 
0.622000 -1.838400 -0.409100 -0.188500 -0.399000 -2.965200 -1.803800 -1.119900 -1.657000 -0.716400 -9.660000 -6.914800 
0.624000 -0.317700 -1.110500 -2.207800 -1.526900 -1.750600 -0.488400 -1.119800 -2.830100 -3.627900 -2.348000 -2.303500 
0.626000 -2.872200 -1.720600 -0.661700 -0.744200 -1.930600 -1.039400 -4.103500 -3.420100 -3.291400 -11.875800 -3.285800 
0.628000 -1.997500 -0.962600 -0.847000 -1.541800 -1.049400 -2.116800 -2.731000 -2.608100 -0.911900 -5.224400 -9.166900 
0.630000 -0.586500 -0.707300 -0.867400 -0.660600 -2.245800 -3.912800 -3.102900 -1.104600 -1.288100 -1.088900 -1.738200 
0.632000 -0.339100 -0.395500 -1.818200 -1.097000 -0.747200 -1.265400 -1.646600 -3.170600 -1.303300 -12.439800 -4.928100 
0.634000 -1.759800 -0.438000 -1.009500 -0.618200 -0.794500 -0.805000 -2.134400 -1.350100 -0.685200 -2.570600 -3.158200 
0.636000 -2.193400 -0.756000 -1.118700 -0.815100 -0.895500 -3.412300 -3.422200 -1.229400 -0.723700 -8.336300 -4.587300 
0.638000 -0.494600 -0.428500 -0.815900 -1.174100 -0.151500 -2.382600 -2.322400 -0.723100 -0.538800 -2.905200 -4.027200 
0.640000 -1.355000 -0.275500 -0.273600 -1.177000 -1.920000 -3.600000 -6.050900 -7.771100 -2.576300 -4.209900 -1.861700 
0.642000 -2.276700 -0.587800 -0.530500 -2.185400 -1.014100 -1.017700 -3.801000 -1.328100 -8.001400 -2.192000 -3.251700 
0.644000 -1.263800 -0.991200 -2.008400 -5.287000 -2.804700 -1.255900 -1.468900 -1.687500 -0.386000 -1.265800 -1.925600 
0.646000 -0.573000 -1.289400 -1.256600 -0.486600 -2.011900 -0.425100 -3.374400 -1.260700 -2.519900 -1.765100 -10.014400 
0.648000 -1.011100 -0.907800 -1.977000 -0.178400 -2.536700 -1.178700 -3.016800 -1.486100 -0.183700 -3.225600 -2.578200 
0.650000 -1.950200 -0.603900 -1.553800 -0.465000 -1.702800 -0.935100 -0.435700 -1.509900 -3.734600 -3.089300 -2.028000 
0.652000 -0.734700 -1.986200 -1.396100 -1.032100 -1.673300 -0.748600 -1.744400 -3.539000 -2.274100 -0.573100 -2.116800 
0.654000 -1.922500 -0.715500 -0.842000 -0.392000 -0.276300 -1.373300 -0.654400 -3.008300 -1.914600 -2.641800 -6.899000 
0.656000 -1.229300 -0.731300 -0.695700 -0.934600 -0.596100 -1.819600 -1.489300 -1.472800 -3.831300 -2.486100 -5.922600 
0.658000 -1.448100 -0.578900 -1.197700 -0.795100 -1.373800 -1.521300 -1.420900 -1.547700 -1.156200 -7.297100 -3.021800 
0.660000 -1.702000 -0.376400 -1.151000 -0.897000 -0.412600 -1.861000 -1.446000 -0.941700 -0.559400 -3.456200 -1.548200 
0.662000 -2.344300 -1.241500 -1.344900 -1.098300 -0.443300 -3.985100 -0.990700 -0.317100 -1.891100 -1.203900 -1.292900 
0.664000 -2.476000 -0.498100 -0.397500 -0.900700 -1.181000 -0.710300 -0.659100 -0.501200 -3.276500 -1.739800 -1.605900 
0.666000 -2.087800 -2.003700 -2.238400 -1.350200 -1.053600 -0.881400 -0.943600 -2.562100 -1.747200 -3.216200 -0.442900 
0.668000 -2.498200 -1.843100 -1.557700 -0.997300 -1.302800 -1.709100 -2.144400 -5.141800 -3.608300 -2.847600 -4.152200 
0.670000 -0.342500 -1.954800 -0.769700 -3.662600 -0.237400 -2.823900 -2.973000 -3.130200 -0.457500 -2.750500 -6.273000 
0.672000 -1.407500 -0.777100 -2.973100 -0.616900 -3.191400 -1.935600 -1.011500 -1.322600 -1.694100 -1.444300 -2.348200 
0.674000 -0.232400 -0.740700 -1.209100 -0.680400 -3.490100 -0.563200 -2.612800 -0.667600 -2.704000 -3.931400 -16.517100 
0.676000 -1.547200 -1.666500 -0.910000 -0.713100 -1.800300 -0.971400 -0.391600 -3.946600 -0.614100 -5.133700 -3.398800 
0.678000 -2.636900 -2.194800 -0.492100 -0.985900 -0.792200 -2.755100 -1.540800 -5.710600 -3.449800 -3.423300 -10.178200 
0.680000 -0.817700 -1.714800 -1.131500 -0.559500 -0.702500 -0.542700 -1.407600 -0.676000 -2.407700 -6.567800 -5.108400 
0.682000 -0.264400 -0.839400 -0.855600 -1.684200 -2.250100 -2.436600 -3.209200 -0.506000 -0.730600 -9.039500 -2.377600 
0.684000 -1.701100 -2.149100 -0.741300 -2.801400 -1.600400 -3.615100 -2.246600 -3.833600 -1.650800 -0.707600 -2.975100 
0.686000 -2.358800 -1.796400 -0.303200 -1.736700 -1.220900 -1.919200 -1.301000 -5.281100 -0.693800 -1.882800 -2.747400 
0.688000 -2.275400 -0.438800 -0.724600 -2.994700 -1.030100 -2.217800 -2.090500 -1.521800 -2.549100 -7.701300 -21.384700 
0.690000 -0.284000 -1.768200 -2.465600 -1.639500 -1.048400 -1.388400 -1.204000 -4.515800 -1.956100 -1.498700 -9.160400 
0.692000 -0.428300 -0.505700 -0.972600 -1.166900 -1.911200 -0.875100 -7.723800 -4.886600 -3.587300 -3.472800 -14.281600 
0.694000 -1.077000 -0.982800 -1.046700 -1.632500 -0.936500 -0.705500 -0.483000 -3.749400 -3.029400 -10.465600 -1.827000 
0.696000 -0.492500 -4.813700 -0.713700 -1.648800 -1.761500 -5.196900 -1.032500 -3.810600 -2.307400 -0.931900 -16.187600 
0.698000 -0.236500 -1.989600 -0.765700 -0.231900 -2.954900 -0.696900 -2.103000 -6.794600 -3.246100 -3.600400 -8.324300 
0.700000 -2.904000 -0.834400 -1.653100 -1.095900 -1.227000 -2.798300 -2.127800 -4.484800 -3.243600 -6.781800 -20.814100 
0.702000 -1.426100 -1.869400 -2.962600 -2.202500 -3.551300 -3.057600 -3.131800 -5.125500 -2.725900 -2.502300 -4.493300 
0.704000 -0.992100 -1.838500 -1.140700 -1.217300 -1.236700 -5.502800 -2.650900 -3.403300 -4.198700 -4.850600 -13.988100 
0.706000 -0.449000 -2.434100 -0.986900 -1.410600 -0.851100 -1.775000 -0.351200 -4.438900 -4.883200 -1.039500 -2.443100 
0.708000 -1.260300 -0.806500 -0.873400 -1.081800 -2.239700 -0.893600 -2.395300 -0.494700 -2.525000 -0.289500 -9.940200 
0.710000 -2.365500 -1.252400 -0.942000 -1.409400 -2.508500 -1.889800 -2.742100 -1.683200 -0.488600 -2.113000 -10.080600 
0.712000 -1.418900 -0.514900 -0.518800 -0.167800 -0.313900 -2.697700 -0.922900 -7.104400 -3.153200 -0.923500 -2.036000 
0.714000 -0.873900 -1.306600 -0.744900 -0.872200 -0.332100 -2.343000 -0.933100 -4.352200 -1.754000 -1.641100 -11.165800 
0.716000 -1.387100 -0.146100 -1.470500 -0.453800 -1.288700 -3.312500 -2.892700 -0.652500 -5.821400 -1.115500 -12.290600 
0.718000 -0.758800 -2.226400 -0.532300 -0.061700 -0.909600 -2.271700 -0.286200 -1.684600 -7.653400 -0.943800 -6.829300 
0.720000 -2.775000 -0.436300 -2.022600 -0.470600 -1.054600 -0.130300 -5.375500 -3.285600 -0.834300 -3.083700 -16.550600 
0.722000 -2.038900 -1.411700 -1.354000 -1.135800 -0.898500 -0.169500 -3.134900 -1.088600 -8.994900 -1.848900 -5.633100 
0.724000 -0.920100 -1.186800 -1.598500 -2.520500 -0.746600 -2.121100 -2.561400 -6.265800 -6.046400 -1.720900 -3.269400 
0.726000 -2.022000 -1.442200 -0.732700 -0.789900 -1.052600 -0.319300 -0.982700 -3.034500 -3.046200 -4.027300 -8.218100 
0.728000 -1.086000 -0.758900 -1.285200 -0.810000 -1.418900 -3.337400 -1.325800 -0.919500 -0.833000 -3.978900 -3.143400 
0.730000 -0.735600 -0.470800 -1.535300 -1.079700 -1.133900 -1.183700 -1.298600 -1.855200 -3.030300 -3.302700 -2.954600 
0.732000 -0.266100 -1.033300 -0.396400 -0.565900 -1.103500 -1.387100 -2.584500 -0.660600 -6.118900 -0.744500 -6.553400 
0.734000 -1.894500 -2.290000 -1.477900 -1.123700 -2.623100 -0.623500 -1.812400 -2.114800 -6.534800 -6.045400 -2.877200 
0.736000 -0.994700 -0.537900 -2.685500 -1.026800 -1.369900 -2.867600 -1.231100 -1.141100 -2.395500 -6.076100 -5.713600 
0.738000 -2.116000 -1.427800 -0.343900 -0.996700 -0.754900 -0.544700 -1.865700 -3.842700 -1.215700 -1.673000 -8.892500 
0.740000 -0.834700 -0.964900 -1.597400 -1.165500 -0.298300 -3.631100 -1.873200 -1.547400 -1.926100 -1.954200 -8.454600 
0.742000 -1.338800 -0.521900 -0.290600 -0.496800 -1.969800 -1.191900 -0.644800 -1.262800 -1.098800 -1.668400 -9.588300 
0.744000 -1.106000 -1.144700 -0.916000 -0.302200 -2.020100 -5.366600 -1.769600 -4.270000 -5.677800 -10.358500 -6.950100 
0.746000 -0.308500 -0.636300 -2.114100 -2.822600 -2.895000 -2.409400 -1.362400 -5.522200 -4.075600 -3.718000 -7.658300 
0.748000 -0.629600 -0.381500 -0.859600 -2.536700 -0.602500 -3.812100 -1.832500 -0.960800 -5.207900 -2.556400 -7.289300 
0.750000 -0.121400 -1.450300 -1.446300 -0.609000 -2.002500 -0.705300 -1.745900 -1.748100 -1.332100 -1.058600 -7.753500 
0.752000 -0.881700 -1.161200 -0.824600 -1.357500 -1.828900 -1.691500 -1.267400 -0.831300 -1.903400 -4.731500 -12.653900 
0.754000 -0.762300 -0.491400 -1.534500 -1.545600 -1.825400 -0.590600 -1.510200 -0.843100 -3.004200 -6.999400 -6.653300 
0.756000 -0.994400 -2.801700 -0.839900 -0.846000 -1.776900 -2.165700 -1.556700 -1.962800 -1.899500 -7.548100 -3.108900 
0.758000 -1.280700 -0.933000 -0.421300 -1.215300 -0.724100 -3.112000 -1.487600 -2.483900 -4.605900 -1.701400 -1.003100 
0.760000 -0.536500 -1.621700 -1.401900 -2.805300 -1.087200 -0.350600 -1.197000 -4.008700 -4.400900 -2.673500 -4.695700 
0.762000 -1.041700 -1.142000 -1.359500 -2.123600 -3.266600 -3.501600 -0.675200 -0.351600 -2.475100 -5.123100 -7.110000 
0.764000 -3.420500 -1.321200 -0.477400 -0.883000 -0.281300 -1.118000 -0.315500 -3.952400 -3.364300 -1.093100 -7.706000 
0.766000 -1.829100 -1.460900 -1.829600 -1.612200 -2.469200 -3.057100 -1.913100 -1.065900 -2.059700 -1.067000 -11.112500 
0.768000 -1.386400 -0.727800 -0.839600 -0.743400 -1.555400 -2.616400 -1.531500 -2.928100 -3.217200 -2.809900 -15.102700 
0.770000 -1.062800 -0.113800 -0.710500 -2.422100 -0.602900 -1.941500 -1.354100 -1.003600 -2.842200 -0.627800 -11.094800 
0.772000 -2.637900 -0.470000 -1.946600 -2.234100 -2.568500 -5.608900 -2.038200 -0.831300 -1.881300 -2.880800 -26.290800 
0.774000 -1.356100 -0.471700 -0.185900 -3.718400 -1.178000 -4.853900 -0.598000 -0.968600 -7.904000 -2.253000 -6.468600 
0.776000 -2.499700 -1.108800 -0.331100 -3.084400 -1.812100 -1.327900 -0.703600 -1.365900 -10.989800 -2.274500 -16.673100 
0.778000 -1.759000 -0.225700 -0.459300 -1.480400 -1.145300 -0.508300 -1.564800 -1.399800 -3.230600 -1.755800 -3.425000 
0.780000 -1.713300 -0.606400 -0.666600 -1.103800 -1.944600 -3.361700 -1.939200 -1.487500 -1.177000 -9.674600 -15.886500 
0.782000 -0.603100 -0.794500 -0.854400 -1.620600 -0.251500 -1.468300 -1.642400 -3.471900 -3.646300 -0.621000 -15.808600 
0.784000 -1.918300 -0.935500 -1.016200 -1.186900 -0.619900 -3.463100 -0.981400 -3.255100 -3.941000 -2.550400 -9.106900 
0.786000 -0.710000 -1.673500 -1.457300 -1.466700 -1.037600 -1.320400 -2.862700 -0.712400 -3.523600 -10.450500 -9.306000 
0.788000 -1.732600 -0.669600 -2.871500 -1.060900 -1.716300 -2.315000 -2.376100 -1.497300 -1.853300 -2.996000 -7.191700 
0.790000 -1.466000 -0.431500 -1.125500 -0.615500 -0.849300 -2.196200 -0.907400 -5.220400 -5.542700 -4.534800 -9.438400 
0.792000 -0.670800 -0.342900 -0.835100 -0.629100 -1.254100 -0.914500 -1.817900 -3.520100 -4.665900 -6.515000 -7.530700 
0.794000 -0.622800 -1.596300 -1.254500 -0.898000 -2.935700 -3.428400 -3.713000 -3.825800 -3.609800 -2.038100 -18.264300 
0.796000 -2.057800 -0.897700 -1.043700 -0.505500 -1.975700 -1.195200 -1.192900 -1.504000 -0.649500 -1.494100 -8.842900 
0.798000 -0.997200 -0.331700 -0.297900 -2.939500 -1.391700 -0.882800 -2.281500 -5.009900 -4.145300 -0.922100 -6.029900 
0.800000 -2.203100 -1.603900 -2.470200 -1.196600 -3.982300 -3.523400 -2.048100 -2.389200 -3.005400 -7.402200 -25.143900 
0.802000 -1.958000 -1.857300 -0.589700 -0.598600 -1.778300 -4.134500 -1.347600 -1.623500 -2.938700 -11.668200 -14.925800 
0.804000 -0.856600 -0.817300 -1.191000 -1.159400 -0.947500 -0.497000 -2.685600 -3.480300 -2.130400 -2.562000 -8.327600 
0.806000 -0.731100 -0.823400 -1.009500 -0.906600 -1.450500 -1.773100 -1.299300 -4.806700 -3.446400 -3.916200 -9.969700 
0.808000 -1.296300 -1.545000 -1.147700 -0.514700 -1.942200 -0.815000 -0.672400 -4.060400 -6.690500 -2.049400 -1.344400 
0.810000 -2.657300 -0.977200 -0.131200 -0.931100 -0.631100 -1.100600 -4.556300 -4.133500 -6.218500 -4.803400 -10.782900 
0.812000 -1.075400 -1.167000 -0.239600 -0.502600 -1.358200 -0.983100 -2.598600 -1.012700 -10.087700 -3.324500 -13.188000 
0.814000 -0.489300 -0.956700 -1.307500 -1.789700 -1.009400 -1.734500 -4.049800 -1.188200 -9.605300 -6.011900 -16.158800 
0.816000 -2.649700 -0.869500 -1.387700 -0.503700 -1.002400 -4.695700 -1.247800 -2.443200 -3.334700 -3.508900 -6.833200 
0.818000 -1.204600 -0.639500 -0.587600 -0.325400 -3.251900 -1.352700 -4.268000 -1.256500 -1.000800 -4.216800 -6.793700 
0.820000 -1.204700 -0.302600 -0.316900 -1.224900 -0.723900 -1.727900 -1.564500 -2.005000 -5.184800 -3.613900 -19.360900 
0.822000 -0.421000 -1.322300 -0.492300 -0.329000 -3.777700 -2.060600 -0.264800 -1.095000 -3.648300 -10.978900 -9.793400 
0.824000 -0.546900 -1.150900 -0.365100 -0.658900 -0.852300 -0.883700 -0.769100 -1.650400 -3.227600 -2.991200 -8.044100 
0.826000 -1.140700 -0.960500 -1.906600 -1.294100 -2.451800 -0.739900 -0.718100 -1.964400 -7.197500 -6.038000 -11.774600 
0.828000 -2.488400 -1.122400 -0.323400 -1.936400 -3.425800 -0.905400 -2.629900 -0.917900 -2.314200 -2.030500 -4.919200 
0.830000 -1.859700 -0.124200 -0.566900 -1.543300 -0.687800 -1.982800 -3.972900 -0.814300 -1.200900 -1.917500 -10.359500 
0.832000 -0.493700 -2.467200 -0.262900 -1.201900 -1.459000 -0.227200 -2.217700 -1.827400 -3.918400 -5.847000 -11.984800 
0.834000 -0.826000 -0.045400 -0.511100 -1.019200 -2.964400 -0.670700 -1.088300 -0.586400 -2.558400 -1.902200 -2.787800 
0.836000 -1.426900 -0.638100 -0.498400 -0.512800 -0.769900 -2.165200 -2.052100 -1.155100 -1.710900 -3.196300 -9.528100 
0.838000 -0.702200 -1.155700 -0.514000 -2.121900 -0.292000 -0.563300 -1.727600 -1.752000 -2.629400 -3.671400 -12.524000 
0.840000 -1.393700 -0.933500 -1.609800 -0.545000 -0.953100 -0.864500 -1.617500 -4.355500 -4.362100 -4.021300 -2.536800 
0.842000 -0.994500 -1.576800 -1.343100 -1.541400 -1.145700 -0.701100 -0.399700 -1.180000 -3.007400 -2.114800 -6.898400 
0.844000 -0.560400 -1.843200 -0.493700 -3.426000 -0.839500 -0.400900 -0.810300 -1.610400 -2.696000 -5.446000 -2.533200 
0.846000 -0.449300 -0.899900 -0.305400 -1.612000 -1.098600 -2.029600 -4.711300 -1.485000 -0.825100 -3.213500 -6.608500 
0.848000 -0.664800 -0.607900 -1.142200 -1.856000 -1.081000 -1.194600 -1.706000 -0.150200 -2.724500 -6.258400 -2.736300 
0.850000 -1.654900 -0.649800 -3.201200 -0.641600 -0.762700 -1.494200 -1.411500 -3.948800 -4.624000 -5.602200 -7.786600 
0.852000 -2.086700 -0.924300 -0.755500 -2.020000 -1.041600 -1.520700 -0.799900 -1.416700 -2.396600 -4.311000 -6.920500 
0.854000 -0.858800 -1.338700 -1.033000 -1.225300 -0.659200 -0.728300 -0.269200 -1.596600 -5.056800 -1.800100 -8.308100 
0.856000 -0.321800 -0.683000 -0.917500 -0.593500 -2.658700 -1.304500 -1.752200 -1.386500 -3.166700 -2.662400 -15.113000 
0.858000 -0.588600 -1.353700 -1.849000 -2.931500 -1.152000 -3.436400 -2.997700 -6.697800 -0.761900 -1.404500 -15.651400 
0.860000 -0.281200 -1.417400 -2.683800 -0.222000 -0.707500 -0.541400 -1.769400 -1.568700 -0.807900 -0.844100 -9.429100 
0.862000 -1.761500 -1.198700 -0.613300 -0.687700 -0.609000 -4.501800 -1.956000 -2.208700 -1.963500 -0.850500 -12.891400 
0.864000 -1.708800 -1.846200 -1.524900 -0.550300 -5.864200 -1.848000 -2.774200 -1.725200 -0.531100 -4.827200 -3.141700 
0.866000 -0.593700 -1.086700 -0.570600 -2.405900 -0.320100 -1.088800 -1.441500 -0.793400 -2.630000 -1.324600 -9.353900 
0.868000 -0.240000 -0.941000 -1.030700 -1.571000 -1.291800 -0.586800 -0.513200 -1.955900 -2.494900 -1.661800 -9.487900 
0.870000 -1.329800 -0.694700 -0.564400 -1.342200 -1.267900 -1.725400 -0.667300 -3.083900 -2.751200 -11.277500 -24.274600 
0.872000 -0.772900 -1.795000 -0.705200 -1.858000 -1.941300 -1.378500 -2.610500 -3.865300 -2.847000 -9.137100 -3.213200 
0.874000 -1.483800 -1.044100 -1.555200 -0.573400 -3.401300 -0.785500 -2.199100 -2.676300 -2.000500 -3.840500 -12.291600 
0.876000 -2.497800 -0.798500 -1.576900 -1.519800 -0.866100 -2.213000 -3.064700 -1.750000 -1.878000 -3.413900 -11.070800 
0.878000 -0.744800 -1.529900 -1.000000 -0.812200 -1.426400 -1.556200 -1.869600 -0.772400 -1.192300 -1.686500 -4.027200 
0.880000 -1.488200 -1.074900 -0.614800 -0.565100 -4.324200 -2.608400 -2.561400 -2.431200 -0.333700 -2.927800 -7.979900 
0.882000 -2.313500 -1.331200 -0.972800 -0.173200 -1.069600 -1.661600 -2.747100 -2.899100 -2.889900 -1.897700 -3.598800 
0.884000 -1.662200 -0.720100 -0.286000 -0.853100 -0.786300 -0.896700 -6.283800 -2.196800 -6.497000 -3.349100 -8.348200 
0.886000 -0.826000 -1.070800 -0.699100 -1.640300 -1.679100 -2.399600 -1.071800 -0.376400 -4.020000 -7.178900 -11.302600 
0.888000 -1.110400 -0.488800 -0.923000 -1.389400 -1.870400 -1.870800 -0.691900 -2.559300 -1.167000 -2.972700 -5.215100 
0.890000 -1.028500 -2.424400 -1.137200 -2.560600 -0.742300 -1.672100 -2.786300 -0.343500 -4.125000 -1.160100 -6.142900 
0.892000 -2.104400 -1.695700 -2.384000 -0.491900 -0.702500 -3.605800 -1.544400 -1.750300 -0.542900 -0.738800 -6.903300 
0.894000 -0.891700 -2.106900 -1.093800 -0.590600 -2.588600 -0.370500 -0.367600 -0.931000 -2.052100 -1.804300 -6.145900 
0.896000 -0.935900 -0.084700 -0.992000 -0.465900 -1.407200 -2.090500 -1.029900 -2.924800 -4.543600 -0.833800 -6.507200 
0.898000 -0.893900 -1.210800 -0.772700 -2.345900 -1.616100 -3.831800 -0.501800 -1.619200 -2.292600 -2.952600 -13.560500 
0.900000 -1.708500 -1.549700 -1.379800 -2.083200 -1.342500 -1.104500 -1.343500 -1.517400 -0.701100 -2.060300 -9.817600 
0.902000 -0.656000 -0.810700 -1.807700 -0.960700 -1.561100 -1.085400 -1.974900 -5.563000 -2.472800 -0.406700 -7.585800 
0.904000 -2.026200 -0.260700 -1.186200 -0.555100 -1.724900 -2.792700 -1.008400 -5.243200 -4.174800 -1.524300 -8.979100 
0.906000 -2.753200 -2.018800 -0.502900 -1.038700 -3.820900 -2.357500 -1.206600 -0.910700 -2.506100 -4.998600 -1.628000 
0.908000 -1.555400 -0.345400 -0.863800 -0.990400 -1.147900 -1.891100 -3.333800 -2.331700 -2.534900 -1.583300 -9.928300 
0.910000 -1.139700 -1.807200 -0.807800 -2.767200 -0.802300 -0.826300 -1.176000 -2.882300 -3.137300 -4.319600 -10.855700 
0.912000 -0.631500 -0.294900 -0.176700 -0.731500 -1.284700 -1.436300 -0.427900 -0.997700 -1.025800 -9.125700 -13.935100 
0.914000 -2.315400 -1.308600 -1.338900 -1.457200 -0.505400 -1.615200 -0.617600 -0.592700 -2.646300 -0.751800 -11.674200 
0.916000 -0.287900 -1.626900 -1.713100 -1.819800 -1.560700 -3.159900 -0.742200 -0.995500 -0.908200 -0.633100 -2.041700 
0.918000 -1.767400 -0.626200 -1.253000 -0.558400 -0.770600 -1.002400 -1.738800 -4.556500 -1.557100 -3.762700 -4.965700 
0.920000 -1.309800 -1.563800 -1.606000 -0.935200 -1.379300 -6.840600 -0.549700 -3.863700 -2.457100 -2.034200 -7.721100 
0.922000 -0.948800 -1.501500 -0.666500 -1.336800 -0.486500 -2.974300 -1.649300 -3.137600 -1.801200 -3.954100 -11.423500 
0.924000 -0.533200 -1.424200 -2.258100 -0.524800 -3.277400 -2.734800 -0.389600 -0.464200 -1.410600 -2.273300 -0.680800 
0.926000 -1.695000 -1.027800 -1.904600 -0.224900 -0.359400 -6.643400 -3.564100 -0.520800 -3.706600 -2.516600 -3.387600 
0.928000 -1.849200 -0.679400 -1.299700 -1.986400 -1.559700 -1.310000 -6.538100 -1.184800 -1.440700 -6.120700 -4.231200 
0.930000 -0.921400 -0.427800 -1.036100 -0.841900 -0.927700 -3.728300 -1.040800 -1.611000 -1.848700 -2.624700 -10.568300 
0.932000 -0.875200 -1.239100 -0.369600 -2.206800 -1.299200 -2.248700 -2.254200 -1.253100 -1.093300 -2.680300 -2.881200 
0.934000 -1.677700 -0.472000 -0.617500 -0.624000 -1.872100 -6.112900 -2.904900 -4.851400 -0.498400 -4.322400 -5.607400 
0.936000 -2.117500 -2.803900 -2.055000 -1.347500 -0.693200 -1.141100 -1.970300 -3.085100 -3.655300 -1.291800 -8.052000 
0.938000 -0.703200 -0.604900 -1.781500 -1.158400 -1.443000 -2.547100 -4.033800 -3.017400 -1.298300 -2.934200 -5.442000 
0.940000 -1.001400 -0.929500 -0.413100 -0.558800 -3.391500 -1.981300 -0.849900 -1.624300 -2.271700 -1.286200 -6.324700 
0.942000 -1.852900 -1.532800 -1.508300 -0.972800 -2.088600 -0.426500 -2.038400 -6.418400 -2.698600 -4.711500 -4.660400 
0.944000 -1.786900 -0.992200 -1.077100 -2.161200 -0.806000 -1.935100 -0.667000 -2.544200 -0.885500 -1.965900 -1.377700 
0.946000 -1.128500 -0.499500 -0.321300 -1.526100 -0.376600 -3.718700 -0.866300 -1.300200 -1.379300 -2.822600 -1.687700 
0.948000 -0.443000 -2.032200 -1.440500 -2.795400 -2.413300 -0.263800 -1.479500 -2.547700 -0.544900 -7.798300 -8.899800 
0.950000 -1.193900 -0.367300 -1.184100 -0.744900 -0.430200 -1.374700 -2.552800 -3.325200 -0.866700 -1.298600 -2.135800 
0.952000 -2.093400 -0.398300 -0.533100 -1.113700 -0.392200 -4.546900 -3.573900 -1.066800 -0.978200 -8.877300 -5.727800 
0.954000 -1.471300 -3.366400 -0.628700 -0.642800 -1.282000 -2.701300 -3.917900 -2.788100 -4.435100 -7.172600 -7.107000 
0.956000 -1.841300 -2.875200 -0.962100 -1.073400 -5.017400 -4.290400 -0.449800 -7.005800 -0.391700 -3.906000 -6.215600 
0.958000 -0.313200 -0.867800 -1.459000 -0.172600 -1.382500 -3.162100 -1.521700 -0.981700 -4.599000 -5.635400 -9.217200 
0.960000 -0.391000 -0.752900 -0.777900 -1.053900 -0.702400 -1.165900 -1.476700 -0.824200 -3.241000 -3.138500 -3.787200 
0.962000 -0.387600 -0.473700 -0.989100 -0.820900 -0.490900 -2.978600 -1.546000 -2.706400 -1.826500 -6.484600 -1.295900 
0.964000 -0.810500 -0.472600 -0.539000 -1.568600 -0.673100 -5.071000 -1.048000 -1.928000 -1.928500 -4.220400 -4.896900 
0.966000 -0.620600 -2.443600 -1.516800 -2.900900 -0.565300 -2.256400 -1.994800 -0.866500 -1.852300 -2.389800 -5.315700 
0.968000 -2.133500 -1.017800 -0.400400 -1.666800 -0.296700 -2.016400 -2.756700 -1.194000 -12.703100 -0.947000 -3.528800 
0.970000 -0.986400 -0.296700 -2.059500 -2.159100 -0.596200 -2.100200 -1.925600 -2.292000 -5.347000 -0.401700 -9.087200 
0.972000 -0.506300 -2.257900 -1.394900 -1.090900 -0.363400 -2.403400 -1.685500 -1.843800 -4.902600 -0.816200 -6.169300 
0.974000 -1.778200 -1.636400 -0.414300 -0.447400 -1.042800 -3.730100 -1.538300 -3.889700 -5.112000 -0.966100 -1.825700 
0.976000 -1.518700 -0.634200 -0.701200 -1.968300 -0.655400 -0.902600 -0.709700 -3.755000 -4.514100 -2.650100 -13.650900 
0.978000 -1.208200 -1.271400 -1.371100 -1.106200 -0.589900 -3.061700 -0.679700 -5.576800 -3.251500 -1.513900 -7.155900 
0.980000 -0.670800 -1.315200 -1.511000 -0.508900 -0.948900 -2.663500 -1.309600 -3.304200 -1.498300 -1.542800 -8.176500 
0.982000 -0.863700 -1.026000 -0.575000 -0.625400 -2.077400 -1.183000 -1.766500 -3.692700 -1.176400 -2.206700 -3.819000 
0.984000 -0.815700 -1.247600 -1.779700 -0.682000 -0.940000 -4.411500 -0.871200 -0.081100 -2.519200 -2.754600 -8.360600 
0.986000 -0.384200 -1.026200 -0.445000 -1.162000 -0.649600 -0.749700 -0.724600 -3.403400 -1.011500 -3.661300 -7.399100 
0.988000 -0.531800 -1.157700 -1.811800 -1.422900 -0.701900 -2.902700 -2.187600 -1.901800 -2.236200 -0.431800 -3.856300 
0.990000 -0.531300 -2.325400 -1.241100 -0.445200 -0.412700 -4.286600 -1.123900 -3.208500 -2.894200 -2.728800 -6.504500 
0.992000 -1.798900 -0.799900 -0.617800 -0.756000 -1.283000 -2.768200 -1.097800 -1.652500 -0.455700 -8.703800 -3.789800 
0.994000 -0.634400 -2.712100 -1.318200 -0.581200 -2.064500 -0.394600 -0.950500 -4.581000 -3.695500 -7.056600 -6.648200 
0.996000 -0.932100 -0.871000 -0.683900 -0.453200 -1.335400 -1.002700 -1.113900 -3.407100 -1.033300 -4.221000 -1.530500 
0.998000 -0.842800 -0.875700 -0.843200 -2.889500 -0.720200 -0.811500 -0.905500 -1.514000 -0.920500 -12.509000 -2.634800 
