# gradients (DV/DL) for lambdas: 0.0 0.1 0.2 0.3 0.4 0.5 0.6 0.7 0.8 0.9 1.0
0.000000 -1.787700 -1.411400 -2.832400 -5.857000 -2.104900 -2.182200 -3.012000 -5.386400 -8.218600 -4.674300 -29.814500 
0.002000 -1.056400 -0.643500 -2.412600 -2.072700 -4.268000 -1.492600 -4.716900 -4.730800 -15.109900 -10.596100 -17.569400 
0.004000 -0.854000 -3.450600 -1.633300 -1.425300 -3.522200 -1.773700 -3.444400 -4.904100 -13.338700 -6.571300 -23.683400 
0.006000 -4.593500 -1.596300 -1.288800 -2.803700 -2.036600 -1.805200 -3.428100 -13.097900 -7.625400 -10.093700 -18.707300 
0.008000 -2.115800 -0.396100 -0.899100 -3.833000 -4.095700 -0.691100 -2.129900 -8.618100 -12.057800 -7.583800 -21.237300 
0.010000 -4.150500 -4.265800 -2.890300 -1.882300 -2.467300 -3.472600 -5.554700 -10.640300 -10.094500 -8.051200 -25.664500 
0.012000 -2.596000 -1.565100 -1.335100 -3.863900 -4.108400 -3.741300 -2.051600 -6.382400 -7.239100 -8.263500 -16.476300 
0.014000 -2.178200 -2.171300 -1.595200 -3.840800 -2.484300 -1.360200 -2.515300 -5.112800 -10.315100 -11.739300 -32.172300 
0.016000 -1.237500 -3.607300 -3.785700 -3.091000 -2.506000 -1.892600 -6.886200 -7.418100 -9.410600 -11.030600 -36.567700 
0.018000 -1.129900 -2.629700 -1.890200 -4.270900 -2.264400 -1.650500 -2.599200 -5.209300 -7.910100 -7.011300 -29.763300 
0.020000 -1.396300 -4.053600 -2.834700 -0.928700 -3.359300 -5.242000 -3.531500 -8.630200 -11.193400 -5.068700 -17.908300 
0.022000 -2.574000 -1.797200 -3.254100 -2.980200 -4.767200 -5.554500 -3.568500 -13.480800 -19.439200 -8.521500 -18.737900 
0.024000 -3.780800 -3.160500 -2.079100 -3.674800 -3.999900 -9.033200 -1.287900 -4.490300 -8.141700 -13.597400 -24.774700 
0.026000 -1.010900 -2.323900 -2.331100 -3.007500 -6.835200 -5.010600 -5.688600 -6.059300 -11.223700 -4.649400 -30.234000 
0.028000 -1.848900 -1.983400 -4.273500 -2.569600 -3.390100 -5.361800 -3.446800 -4.566600 -10.050000 -9.345200 -26.902800 
0.030000 -2.562300 -4.708800 -5.513700 -2.046500 -1.586900 -2.584400 -5.538400 -9.507300 -9.202600 -5.271900 -24.061600 
0.032000 -0.229300 -4.078400 -3.254800 -3.515100 -2.938400 -3.894900 -4.347300 -7.897900 -22.755800 -7.870300 -11.216200 
0.034000 -1.281100 -2.553400 -2.580900 -7.736200 -4.844300 -5.422100 -2.460400 -4.660300 -11.611000 -8.229500 -14.323700 
0.036000 -2.308400 -3.848700 -2.486300 -2.218400 -1.709700 -1.971600 -4.355700 -6.296100 -6.533100 -7.064700 -17.952100 
0.038000 -1.540100 -2.066800 -3.820200 -1.958700 -2.627400 -1.670200 -4.789300 -6.331300 -9.512000 -8.165400 -9.228800 
0.040000 -2.011000 -2.960200 -0.890700 -3.244700 -2.965700 -3.913400 -3.134000 -7.542600 -11.203800 -2.709700 -35.573600 
0.042000 -1.733300 -5.263800 -1.194300 -2.174900 -2.652000 -2.336600 -5.630100 -5.272800 -11.063900 -13.805000 -13.912700 
0.044000 -1.620900 -2.446000 -1.680000 -2.317000 -3.569700 -1.983700 -3.164700 -8.091500 -19.868200 -10.634400 -12.863200 
0.046000 -1.785000 -4.341400 -1.497300 -2.194300 -1.463900 -2.040600 -3.573600 -4.488800 -7.724900 -15.384900 -5.615000 
0.048000 -2.075600 -3.003200 -0.486800 -3.129800 -5.066900 -3.429300 -3.699600 -9.438000 -5.073200 -4.884300 -17.280600 
0.050000 -0.992700 -3.634600 -8.311200 -1.353700 -3.448900 -4.652500 -2.558000 -2.242500 -4.429300 -3.874900 -15.173600 
0.052000 -2.657600 -2.786000 -4.353400 -1.826700 -1.912000 -5.728200 -2.372500 -5.305400 -6.933300 -3.320900 -22.887200 
0.054000 -0.675500 -5.644000 -1.196800 -2.106700 -2.978600 -2.472400 -4.371300 -4.466100 -9.839000 -5.084000 -15.303700 
0.056000 -1.718800 -2.063500 -4.147500 -2.970000 -1.678500 -1.571100 -4.916800 -9.331000 -10.386700 -9.464700 -26.701300 
0.058000 -2.094300 -6.174700 -0.966600 -5.465300 -3.325700 -1.557100 -4.200900 -3.123600 -17.336700 -3.368500 -17.556900 
0.060000 -2.699500 -6.128600 -3.191600 -2.875900 -2.025900 -6.358300 -3.570600 -10.223900 -13.019100 -6.028200 -23.345800 
0.062000 -0.772700 -4.166600 -1.777400 -1.881100 -3.945400 -2.410500 -4.099600 -3.189100 -6.605800 -5.698000 -39.805300 
0.064000 -2.363200 -1.664100 -4.199700 -2.816900 -6.064200 -1.555700 -5.532500 -7.823400 -11.759100 -6.310800 -17.759900 
0.066000 -1.020700 -4.567700 -2.188200 -2.197600 -5.928700 -4.613400 -2.594700 -6.161500 -9.614600 -6.524600 -29.813100 
0.068000 -2.889200 -3.880200 -1.228200 -3.979400 -2.486200 -1.819000 -1.132400 -4.880500 -6.664500 -4.421000 -51.857800 
0.070000 -1.195400 -4.263900 -3.442100 -2.393600 -4.637700 -1.934600 -4.390000 -5.892700 -5.040600 -5.257600 -51.632400 
0.072000 -2.365800 -4.321900 -4.079700 -2.181600 -3.485600 -2.832700 -0.906700 -4.436300 -6.856500 -6.277100 -33.531600 
0.074000 -4.315800 -1.910600 -0.726200 -0.866500 -4.473700 -3.115400 -6.109700 -8.467700 -9.319300 -5.004400 -37.906900 
0.076000 -1.175700 -3.824200 -1.181600 -2.919300 -4.010600 -1.293500 -2.773600 -4.514300 -9.762100 -7.643200 -20.185800 
0.078000 -2.571200 -5.711800 -2.259400 -1.927500 -3.483600 -2.512700 -3.356500 -9.355300 -4.867100 -11.058400 -14.299900 
0.080000 -1.311100 -3.352100 -3.250800 -1.546100 -2.021800 -0.836500 -5.816600 -7.398300 -8.387300 -4.689200 -13.681400 
0.082000 -0.983800 -1.768500 -1.945500 -1.661800 -8.984900 -3.468400 -8.618900 -6.532400 -10.673300 -4.793400 -23.662800 
0.084000 -1.147600 -2.784500 -2.313400 -3.558800 -3.226600 -1.158600 -3.633400 -8.089500 -6.748900 -5.734400 -24.928700 
0.086000 -2.293500 -5.041700 -2.601300 -1.206200 -2.572800 -3.424500 -7.127400 -6.811800 -8.756300 -5.445900 -16.519300 
0.088000 -0.552600 -4.816800 -0.820400 -1.689500 -4.918100 -1.404700 -3.256800 -12.291400 -14.686400 -9.667700 -17.345700 
0.090000 -2.586400 -1.860600 -2.640300 -1.217500 -5.124100 -2.565000 -5.900200 -11.742200 -8.402400 -8.473200 -21.238900 
0.092000 -1.068200 -3.946100 -1.802600 -1.856300 -2.956600 -1.863000 -2.323900 -5.451400 -9.865100 -3.569600 -26.164200 
0.094000 -0.762900 -2.675400 -2.479700 -1.326000 -3.649300 -1.735600 -3.824100 -10.650000 -4.888800 -6.136800 -13.103600 
0.096000 -0.543600 -5.405100 -1.239500 -0.986600 -1.413800 -3.097300 -2.520100 -4.189600 -7.900200 -7.931400 -17.181100 
0.098000 -2.234300 -5.384400 -2.270800 -1.340200 -2.402800 -2.467300 -2.781400 -6.788700 -8.444100 -3.098700 -13.202000 
0.100000 -1.070500 -4.932000 -2.632100 -1.378500 -3.031300 -0.811900 -3.467700 -5.316100 -20.750400 -3.355000 -20.050100 
0.102000 -0.677700 -5.315800 -3.529600 -3.847900 -3.912100 -4.518400 -3.066000 -10.397400 -5.170700 -10.756700 -20.422600 
0.104000 -3.486200 -3.708500 -2.786900 -1.832700 -3.481100 -1.969500 -2.476000 -4.770300 -11.169600 -4.701900 -27.749800 
0.106000 -3.197600 -3.289200 -2.474900 -2.551800 -1.883400 -1.888700 -2.177800 -4.433600 -17.958500 -3.762500 -31.314600 
0.108000 -0.847000 -3.125400 -3.046400 -3.195000 -1.934300 -0.542400 -5.399300 -4.047400 -7.302300 -4.648400 -19.116100 
0.110000 -1.876400 -2.050400 -1.575300 -1.075900 -2.355200 -1.511600 -4.520000 -9.549800 -5.408100 -8.087200 -17.230200 
0.112000 -2.059600 -4.253300 -2.258600 -2.329500 -1.984700 -3.284600 -4.496400 -9.873700 -9.903000 -9.071300 -32.625800 
0.114000 -2.554000 -2.202100 -4.537900 -3.818500 -4.822500 -2.265400 -2.770600 -7.064200 -14.628700 -5.739900 -24.623300 
0.116000 -0.894400 -2.169100 -3.914300 -2.825900 -0.950600 -3.186700 -4.575600 -5.999200 -9.109500 -2.059400 -20.029700 
0.118000 -1.546100 -3.872500 -1.633900 -2.527100 -2.796200 -3.084900 -4.304200 -5.786300 -4.572400 -6.565000 -23.166100 
0.120000 -2.161600 -1.860000 -2.335100 -2.260000 -4.634200 -3.459600 -4.207500 -7.772800 -5.020400 -6.815300 -12.104600 
0.122000 -2.474400 -2.527800 -1.009700 -2.180700 -4.460500 -5.578500 -2.556000 -11.259800 -12.709000 -7.811000 -28.734200 
0.124000 -1.881300 -1.989300 -1.744800 -2.449600 -2.633700 -2.577000 -6.210300 -8.590600 -4.565600 -4.736500 -13.211400 
0.126000 -0.975900 -2.335200 -0.915900 -2.818000 -2.682400 -3.847500 -3.791800 -3.698500 -6.665600 -7.351800 -11.899300 
0.128000 -1.056900 -2.118300 -0.868600 -3.895400 -2.252900 -5.168300 -3.650700 -7.606900 -3.839600 -4.601200 -23.508600 
0.130000 -2.310800 -3.505900 -3.070700 -5.952500 -4.938800 -2.322400 -4.017000 -10.069000 -7.289800 -7.902200 -19.859400 
0.132000 -0.861600 -3.469800 -3.565500 -3.274500 -4.790700 -0.639400 -0.958500 -5.267500 -12.988700 -6.576400 -27.001600 
0.134000 -0.284100 -1.050700 -1.139200 -3.932400 -3.649800 -1.559700 -4.139100 -7.798400 -5.783700 -4.987900 -28.600700 
0.136000 -1.889300 -2.387000 -2.403300 -4.754600 -3.751200 -1.854000 -2.102600 -10.731400 -9.436600 -10.681600 -29.613100 
0.138000 -1.310300 -3.172700 -4.147600 -4.438200 -3.169500 -5.814400 -1.103100 -9.340000 -8.831700 -7.996600 -29.149200 
0.140000 -0.420500 -4.562200 -2.341700 -4.696700 -2.297100 -3.294500 -2.208300 -8.014100 -4.320000 -12.918400 -24.223600 
0.142000 -1.892500 -1.922600 -2.828700 -4.025100 -3.233900 -3.131700 -2.984600 -8.021400 -12.725100 -3.554300 -34.442400 
0.144000 -2.547700 -2.529300 -3.673300 -4.211000 -4.262300 -3.577800 -4.604400 -6.041100 -15.389700 -5.511000 -36.892400 
0.146000 -1.329500 -1.348000 -1.749100 -2.594900 -0.435600 -1.587000 -2.129200 -8.067000 -8.473400 -12.133900 -21.862200 
0.148000 -3.063300 -3.063800 -3.841500 -4.018000 -2.682200 -0.607700 -1.766400 -5.446000 -7.739100 -9.517100 -30.171100 
0.150000 -2.443000 -3.029400 -2.684300 -2.502900 -1.320200 -0.454200 -1.745400 -7.514700 -7.605800 -9.290500 -47.835100 
0.152000 -2.231400 -2.537200 -0.596300 -5.317700 -3.570700 -1.617700 -7.753800 -5.165700 -7.826500 -14.123700 -26.803000 
0.154000 -1.545200 -1.676600 -4.116200 -2.251600 -2.950300 -1.157600 -3.803600 -4.038500 -10.754000 -7.249900 -34.132800 
0.156000 -3.384700 -2.008000 -4.150900 -4.191800 -0.398400 -1.143100 -6.479000 -5.596400 -9.942400 -13.054100 -34.574700 
0.158000 -3.256900 -1.886300 -4.329800 -4.805900 -4.201000 -1.382800 -4.749400 -5.627500 -7.508500 -17.115100 -35.970000 
0.160000 -1.833000 -2.178100 -3.264000 -1.855700 -2.031100 -3.390500 -2.987700 -3.060000 -9.663800 -12.942700 -22.380100 
0.162000 -4.006700 -1.400300 -3.825500 -1.339300 -2.282900 -1.511700 -3.649200 -8.269300 -14.280200 -11.669600 -35.042500 
0.164000 -1.667700 -1.961600 -2.481400 -7.164300 -2.109500 -1.841200 -1.890100 -5.141300 -10.818900 -15.261500 -22.055900 
0.166000 -2.973500 -2.710100 -2.653700 -2.183200 -4.331500 -1.186400 -3.190700 -4.229700 -7.966800 -10.429500 -12.484800 
0.168000 -2.460200 -1.909100 -1.439300 -2.836000 -6.704000 -1.183600 -4.669300 -13.793200 -4.041700 -17.408000 -23.559200 
0.170000 -1.543800 -0.400400 -1.558600 -2.898800 -1.744300 -6.030200 -3.674500 -5.834900 -8.648600 -14.194400 -17.986500 
0.172000 -2.540900 -1.533300 -2.680900 -0.829500 -3.716000 -2.178300 -2.491400 -4.631200 -7.870600 -17.394000 -27.362800 
0.174000 -3.283400 -3.135700 -1.948700 -3.449800 -3.879000 -2.434700 -2.325200 -7.419300 -7.990100 -9.575400 -19.928100 
0.176000 -0.789100 -3.836400 -2.888500 -1.245500 -2.627300 -2.793500 -1.242200 -6.725800 -18.035000 -7.901100 -18.307800 
0.178000 -3.602100 -2.845800 -4.561500 -2.985200 -4.804100 -0.917000 -2.399700 -5.895900 -4.399900 -10.654500 -26.180200 
0.180000 -2.089700 -1.682800 -5.588900 -3.873800 -1.918800 -2.753300 -8.074900 -6.232200 -7.491400 -12.551000 -17.884000 
0.182000 -3.826400 -2.131000 -1.439000 -2.953200 -0.989500 -4.387300 -3.360700 -2.625400 -11.616600 -13.198000 -20.455300 
0.184000 -3.159000 -2.545600 -3.298800 -3.351900 -1.087600 -2.085800 -4.449400 -8.008900 -11.172300 -10.682200 -27.908700 
0.186000 -2.493700 -2.666000 -3.042700 -2.333700 -3.326900 -2.936500 -7.344200 -14.924400 -12.750700 -15.559400 -18.181000 
0.188000 -1.092500 -2.315600 -2.058900 -2.615500 -4.536800 -1.752500 -8.946000 -5.394400 -15.692000 -15.816800 -17.741400 
0.190000 -2.710700 -3.621100 -3.920200 -2.599900 -3.692700 -4.593300 -5.371800 -7.970600 -6.782000 -14.336800 -31.511100 
0.192000 -1.558600 -3.481600 -1.729400 -2.401500 -3.636800 -3.455200 -5.819400 -5.730600 -7.250700 -14.074900 -22.485700 
0.194000 -1.282600 -1.683700 -6.662200 -2.302700 -2.074400 -3.092000 -2.865000 -6.086500 -8.109500 -11.171900 -22.262300 
0.196000 -0.742000 -1.208200 -1.566300 -2.962400 -1.755700 -4.669500 -1.437500 -6.058900 -7.654300 -8.785300 -23.429400 
0.198000 -2.072300 -4.057200 -1.271300 -1.401100 -7.037400 -2.543900 -5.676900 -8.976800 -6.324200 -12.339300 -29.173800 
0.200000 -1.509900 -1.145100 -5.608100 -2.225700 -4.919600 -4.540100 -1.795500 -6.716300 -11.966000 -7.326700 -28.763300 
0.202000 -1.558000 -4.686000 -3.455100 -2.254300 -4.351500 -0.823600 -5.928400 -8.773400 -6.789200 -10.116700 -26.668600 
0.204000 -1.050600 -1.169700 -3.435200 -3.244900 -2.710500 -3.320000 -6.444200 -10.378900 -8.762600 -9.325400 -29.228000 
0.206000 -1.707100 -2.788000 -3.336000 -1.269000 -4.108200 -0.968100 -4.052900 -6.567200 -8.803600 -9.267500 -20.712400 
0.208000 -2.389800 -3.596300 -3.879300 -3.932700 -3.240400 -1.413600 -3.427100 -3.744700 -7.785200 -16.150200 -22.780600 
0.210000 -1.900400 -2.165400 -1.905600 -3.308600 -5.306500 -0.978000 -5.213600 -4.450100 -7.339900 -11.220200 -24.510200 
0.212000 -1.941100 -2.008800 -2.662300 -2.019900 -1.293700 -1.982600 -3.521000 -4.690300 -11.685900 -8.285900 -23.563400 
0.214000 -2.354900 -1.649000 -2.160300 -1.090800 -6.738200 -1.196500 -5.590600 -5.025500 -16.791300 -12.257700 -22.367200 
0.216000 -1.521800 -2.366500 -4.671600 -2.808800 -5.783400 -2.294600 -6.156100 -7.651600 -14.211900 -13.416500 -24.830200 
0.218000 -2.478000 -2.217200 -3.122500 -3.336700 -4.836300 -3.450000 -3.295900 -12.274600 -8.677400 -17.215600 -25.448900 
0.220000 -2.573400 -1.835600 -3.988800 -1.424800 -3.181700 -3.131100 -4.725300 -10.215600 -3.444900 -7.063700 -72.292600 
0.222000 -2.068900 -1.703400 -3.374400 -1.663900 -2.869800 -0.968200 -2.350600 -7.013100 -5.305000 -13.591500 -224.649400 
0.224000 -1.372900 -2.662500 -3.019600 -3.832000 -3.271600 -1.301200 -4.240000 -5.749500 -13.788400 -23.764200 -213.424000 
0.226000 -2.492500 -2.451800 -0.918800 -1.698800 -4.302900 -2.293100 -5.583700 -6.229500 -13.134100 -10.740900 -219.397200 
0.228000 -1.678200 -5.022500 -4.794400 -3.898200 -2.304000 -3.829800 -2.668100 -6.226500 -10.459300 -14.089200 -209.370700 
0.230000 -3.485900 -6.543000 -3.403300 -2.917800 -0.908900 -3.078200 -7.909300 -2.587200 -11.266100 -12.148300 -232.666300 
0.232000 -3.363700 -3.664500 -1.704800 -1.219700 -4.896200 -0.639500 -6.279000 -6.867900 -12.157600 -11.510200 -168.138700 
0.234000 -5.588900 -1.502300 -2.370400 -1.569300 -4.884400 -4.487300 -7.235500 -5.271100 -10.693300 -9.869400 -196.316400 
0.236000 -3.163400 -1.684800 -2.367600 -0.603400 -3.245200 -2.357700 -6.434000 -8.027200 -8.676500 -11.036200 -183.072000 
0.238000 -2.748200 -4.534700 -5.342900 -1.436600 -3.038400 -0.118700 -5.960200 -7.362700 -4.782200 -11.165200 -187.973900 
0.240000 -1.166500 -0.961800 -3.988300 -1.014900 -3.259700 -2.186300 -7.500800 -6.009700 -9.859000 -15.325400 -195.724600 
0.242000 -0.668600 -3.444100 -4.503700 -1.660000 -2.794200 -2.533700 -7.243000 -12.644700 -7.000700 -10.823300 -182.950800 
0.244000 -1.692100 -2.397200 -1.731000 -2.568400 -3.543800 -3.631300 -7.216400 -12.472600 -16.110800 -11.378100 -213.031000 
0.246000 -1.559500 -2.907100 -4.015400 -2.196100 -3.764700 -0.989700 -9.303800 -9.861100 -10.118100 -13.530400 -196.601600 
0.248000 -1.194400 -1.227800 -1.387400 -2.556500 -2.926200 -1.550800 -4.981300 -4.099400 -20.148500 -7.451700 -166.488900 
0.250000 -2.897700 -1.551500 -2.452900 -4.276500 -1.934600 -2.283100 -4.606100 -5.794100 -10.656300 -5.816100 -158.353500 
0.252000 -1.730500 -2.425500 -2.224900 -1.648400 -0.675300 -5.885400 -4.445300 -5.087400 -5.982500 -2.948800 -178.840700 
0.254000 -2.274100 -2.392500 -6.863900 -3.298700 -3.589900 -6.352800 -4.969900 -4.801500 -7.994800 -6.740300 -145.844300 
0.256000 -2.386900 -2.895800 -1.746500 -1.298200 -2.196600 -2.505000 -5.431100 -4.177700 -14.945700 -11.976200 -173.141200 
0.258000 -1.900600 -2.937200 -2.697700 -1.068800 -2.607900 -3.726800 -2.552600 -7.688300 -6.189200 -10.524500 -171.367500 
0.260000 -0.666000 -2.666100 -2.930300 -2.999600 -3.606000 -2.756700 -2.772800 -2.865300 -15.569400 -7.512300 -200.969500 
0.262000 -1.338800 -3.532000 -1.985200 -2.041100 -1.300700 -2.944100 -4.135300 -6.741200 -7.750700 -3.681600 -153.377800 
0.264000 -3.020500 -2.217000 -2.130800 -3.431400 -2.699700 -1.479100 -4.842800 -9.761900 -20.051200 -9.457500 -171.121900 
0.266000 -2.064100 -4.584100 -2.753500 -1.483600 -1.500400 -6.590900 -5.653700 -9.836900 -4.579500 -9.285300 -186.139100 
0.268000 -3.881700 -2.560200 -3.046000 -4.653300 -2.364400 -2.141600 -3.710700 -8.225200 -9.042500 -10.522100 -187.507200 
0.270000 -1.817300 -4.619200 -1.581400 -4.413800 -2.640500 -1.677400 -8.706600 -6.678300 -14.774800 -17.435500 -169.963600 
0.272000 -1.440600 -0.911400 -1.461100 -5.425200 -3.293500 -0.611400 -6.400700 -7.259300 -10.058700 -17.977700 -175.855600 
0.274000 -0.685900 -1.804600 -1.569600 -1.787900 -1.421700 -4.890200 -3.055300 -6.524200 -12.359900 -10.490600 -154.448300 
0.276000 -3.608900 -3.354100 -2.168800 -3.398500 -2.670900 -1.699400 -6.596400 -7.499300 -9.753700 -10.637700 -157.989000 
0.278000 -1.887800 -4.343000 -3.648200 -0.785600 -1.810300 -2.349900 -4.843000 -8.646100 -16.719700 -16.616000 -165.994000 
0.280000 -1.873800 -3.219300 -3.060700 -3.326800 -0.836100 -0.292500 -4.073600 -3.650800 -5.533100 -13.022200 -152.559300 
0.282000 -1.857700 -2.203900 -1.651800 -2.272600 -4.284800 -4.275500 -5.927100 -7.362000 -9.522000 -12.254800 -149.237600 
0.284000 -1.389800 -2.345800 -3.757400 -2.324400 -3.398300 -1.811300 -9.009100 -7.614000 -10.573600 -12.021100 -172.397100 
0.286000 -1.743000 -1.887000 -3.353700 -1.840700 -2.836900 -1.745500 -8.682000 -5.700600 -6.728300 -10.435200 -165.267500 
0.288000 -1.048100 -2.896500 -3.990000 -2.271500 -4.540700 -1.660400 -7.911200 -9.045400 -7.181700 -10.076100 -157.877300 
0.290000 -1.691900 -1.484000 -2.903700 -4.587600 -5.864200 -1.168500 -10.598000 -6.557500 -7.844600 -18.336800 -132.868500 
0.292000 -1.689200 -4.413700 -2.916700 -1.463000 -2.946400 -3.156300 -3.275100 -13.244700 -7.416500 -11.995900 -182.589000 
0.294000 -2.144400 -2.192000 -4.102700 -2.479500 -7.125600 -1.944200 -3.590400 -15.536800 -3.927400 -12.330000 -184.555100 
0.296000 -1.218800 -3.170300 -3.672500 -1.093200 -6.160300 -4.517000 -3.393800 -6.888500 -5.769600 -9.276600 -177.636800 
0.298000 -0.807900 -2.348700 -3.163600 -2.037100 -2.742700 -0.878400 -4.990800 -5.672300 -14.528600 -19.270400 -167.644400 
0.300000 -1.656900 -2.340600 -2.041700 -5.797200 -4.107700 -3.729000 -6.389000 -15.895100 -15.218800 -18.480300 -183.188800 
0.302000 -1.991900 -3.005200 -3.783300 -4.157200 -3.002400 -4.892800 -3.276200 -9.261100 -15.515200 -12.983000 -156.662300 
0.304000 -3.643700 -2.116300 -1.642500 -2.960500 -5.706900 -2.953700 -5.101000 -11.320400 -12.050900 -11.704700 -171.363500 
0.306000 -2.747900 -4.897200 -1.029400 -2.265300 -3.629500 -4.634200 -4.988600 -8.583000 -14.828400 -11.101800 -190.479800 
0.308000 -1.748600 -2.641300 -1.580200 -5.798800 -3.735000 -2.110700 -5.623100 -9.904500 -7.513000 -5.708000 -165.095000 
0.310000 -1.557100 -2.544700 -4.011800 -2.478900 -2.709700 -1.830900 -6.191700 -9.180600 -12.589200 -13.761500 -197.163400 
0.312000 -0.990200 -3.310600 -2.002000 -1.328700 -2.338200 -4.712700 -4.851300 -10.475200 -17.237700 -11.486100 -168.793600 
0.314000 -0.723700 -2.483600 -1.082500 -1.205700 -1.920500 -5.450500 -14.073800 -12.010100 -11.216700 -11.591100 -198.089600 
0.316000 -4.731200 -3.086700 -2.208500 -2.578000 -3.957200 -3.784900 -7.235600 -10.371900 -3.605400 -9.722900 -171.887400 
0.318000 -1.451500 -1.821400 -1.337100 -2.277300 -3.582900 -6.220600 -3.201600 -4.983000 -7.950400 -9.457900 -169.125400 
0.320000 -2.132500 -3.195600 -2.134100 -0.701800 -1.173300 -2.989600 -2.394200 -7.966200 -9.160700 -6.662800 -143.699200 
0.322000 -1.538700 -3.700500 -0.729000 -2.648300 -3.100100 -3.626700 -6.051200 -7.314200 -5.271100 -9.865700 -138.494400 
0.324000 -2.684300 -2.699300 -1.368600 -2.165500 -6.685100 -1.838400 -3.043200 -10.217700 -15.027300 -20.255200 -154.602100 
0.326000 -1.538500 -1.248800 -2.006000 -2.126300 -2.320700 -2.082500 -4.106500 -8.017500 -11.851100 -9.187800 -159.675000 
0.328000 -2.877800 -1.732600 -2.641200 -0.982000 -4.846700 -3.422700 -4.915800 -10.088200 -14.289100 -9.092800 -157.749700 
0.330000 -2.695300 -1.627600 -2.424500 -3.239800 -4.839300 -3.197000 -3.501300 -6.890400 -6.754600 -9.504300 -161.126600 
0.332000 -1.524300 -1.034400 -3.034800 -3.195700 -2.575900 -3.867100 -5.016200 -6.147800 -6.154500 -9.707600 -141.269100 
0.334000 -3.012300 -2.915600 -1.312000 -1.673300 -2.111700 -3.740100 -4.070000 -8.113300 -4.391700 -19.790100 -171.882600 
0.336000 -3.090000 -3.706100 -2.959400 -1.200100 -1.859800 -5.493600 -4.058000 -22.891200 -4.618500 -18.976400 -125.830100 
0.338000 -2.722500 -2.392600 -1.473300 -1.654100 -1.363800 -5.304300 -1.960300 -12.919500 -6.808300 -15.718600 -115.258800 
0.340000 -1.839100 -1.968700 -0.736300 -5.290900 -5.713300 -4.266200 -4.071800 -10.750900 -1.060800 -14.957300 -110.868800 
0.342000 -3.495000 -2.167200 -2.990900 -0.678600 -2.989200 -4.692400 -4.043500 -8.728200 -8.357200 -14.769800 -145.458700 
0.344000 -0.694300 -3.064400 -1.378800 -0.718900 -4.427100 -1.308800 -4.760300 -13.107700 -5.676100 -15.707900 -166.056300 
0.346000 -1.856400 -1.890700 -1.694300 -2.401200 -5.636200 -3.917400 -4.684800 -3.859600 -4.355400 -16.065900 -197.643400 
0.348000 -4.824500 -3.013500 -1.628500 -0.933100 -3.948600 -2.476000 -3.379200 -4.764300 -5.839900 -17.389200 -167.689000 
0.350000 -2.807500 -1.535700 -2.566300 -1.432400 -1.784900 -3.818500 -1.999200 -4.331200 -5.984000 -20.322200 -168.388600 
0.352000 -1.478700 -3.724700 -1.584900 -0.979800 -3.964700 -5.673200 -4.193500 -8.805000 -3.838400 -13.123200 -190.491500 
0.354000 -2.270100 -3.258300 -1.761400 -1.587300 -2.182000 -3.621800 -3.031500 -4.558800 -3.507600 -10.771400 -199.893500 
0.356000 -3.838200 -1.952000 -3.303400 -1.460900 -1.748100 -2.421900 -4.018500 -8.565400 -2.982000 -9.384300 -191.887400 
0.358000 -4.249100 -2.678700 -3.095900 -1.173400 -1.899000 -3.255900 -2.805200 -5.515400 -6.129400 -13.750800 -146.689900 
0.360000 -3.247300 -3.794100 -1.535300 -2.300800 -0.596900 -2.997200 -2.922800 -9.058000 -6.120700 -10.855800 -162.263600 
0.362000 -1.688700 -3.794300 -1.253000 -2.621000 -1.239600 -3.763400 -7.793500 -7.793300 -3.992600 -14.472600 -176.609600 
0.364000 -1.985600 -3.177900 -0.260100 -1.491500 -0.792700 -5.140800 -5.907700 -5.273300 -3.172100 -11.361600 -177.720900 
0.366000 -1.982600 -1.203100 -1.490100 -2.956600 -1.564200 -5.371200 -6.083100 -7.539400 -4.841900 -8.383700 -150.450200 
0.368000 -0.698700 -3.019200 -0.676500 -2.669900 -4.326300 -2.953500 -5.430400 -4.419800 -3.656200 -12.121500 -153.599500 
0.370000 -2.540100 -2.658100 -2.468700 -2.254400 -2.070300 -1.877900 -5.394500 -7.616800 -2.063000 -10.109500 -138.222200 
0.372000 -1.067300 -1.989400 -1.946600 -1.096100 -2.362400 -4.879800 -10.109500 -9.872500 -1.960300 -19.106500 -153.394300 
0.374000 -1.354800 -2.777600 -1.291800 -1.366800 -3.327700 -3.103900 -10.062900 -9.202400 -5.386800 -9.498100 -166.089600 
0.376000 -0.643800 -2.112700 -1.258600 -2.407600 -2.667700 -3.949900 -6.669400 -9.239900 -4.865500 -8.567300 -127.603700 
0.378000 -0.817500 -1.802900 -2.418800 -1.232100 -6.462100 -5.321600 -3.996100 -22.947500 -3.511300 -14.750600 -151.515100 
0.380000 -0.755200 -2.370700 -3.329100 -1.519600 -2.276600 -5.109100 -1.132400 -6.083200 -3.294300 -17.542900 -143.051600 
0.382000 -2.462000 -1.959200 -3.706800 -0.702300 -2.765800 -4.857000 -1.941600 -8.953200 -8.195400 -11.793200 -194.748800 
0.384000 -3.543200 -3.497700 -2.570600 -0.798700 -2.375800 -2.971100 -4.174300 -5.070300 -9.364900 -11.542200 -159.142000 
0.386000 -1.705000 -4.907200 -2.445200 -0.490200 -3.282100 -4.182700 -4.371800 -5.785300 -2.021800 -13.832900 -156.012500 
0.388000 -1.352600 -2.677300 -1.267700 -0.603600 -2.648100 -8.645300 -4.379300 -10.366200 -8.324200 -14.630300 -119.913800 
0.390000 -1.056300 -3.415300 -1.969000 -2.767900 -5.960700 -2.912600 -5.675600 -7.644200 -4.617600 -13.560100 -129.885600 
0.392000 -3.873700 -2.160600 -1.724500 -1.111700 -4.978500 -2.724700 -5.917000 -7.670200 -4.892800 -19.987300 -139.988900 
0.394000 -1.960900 -4.045200 -0.895400 -0.827000 -3.427500 -5.274500 -5.760600 -5.847800 -9.462300 -14.690700 -140.928100 
0.396000 -1.307800 -5.498300 -2.978800 -2.598200 -5.251200 -3.831900 -6.978500 -7.141600 -6.399900 -17.696600 -154.299500 
0.398000 -0.659100 -3.584000 -1.040100 -0.933100 -3.762100 -3.195600 -5.307000 -4.030600 -4.726600 -16.114900 -170.491700 
0.400000 -0.683100 -1.722800 -2.220100 -1.067600 -3.384500 -2.263600 -9.139400 -4.642100 -2.841800 -12.270800 -163.638300 
0.402000 -1.119100 -1.771900 -2.508300 -0.782900 -2.945000 -4.552000 -8.878500 -8.077100 -4.625000 -14.234400 -174.322400 
0.404000 -2.059500 -1.026900 -1.001700 -1.770100 -4.639500 -3.085900 -7.867600 -5.036700 -8.772700 -22.842400 -187.496200 
0.406000 -1.128200 -1.245000 -2.484500 -1.579200 -1.597700 -2.419700 -6.341200 -10.839600 -4.143400 -9.282500 -140.752400 
0.408000 -1.663900 -2.086000 -2.602300 -2.308100 -2.228600 -3.963600 -8.907900 -16.700200 -6.188000 -15.484100 -176.381200 
0.410000 -1.333300 -1.061600 -0.289100 -2.189100 -1.876900 -2.641700 -6.888900 -7.397500 -3.590100 -9.380700 -148.655500 
0.412000 -2.340700 -4.348300 -5.253300 -3.089900 -6.567700 -1.507000 -7.900800 -5.577100 -7.940800 -7.135200 -160.394100 
0.414000 -2.639400 -3.908700 -2.057000 -2.639800 -2.937700 -1.103300 -6.095000 -6.914000 -2.789500 -8.445200 -134.220200 
0.416000 -1.611000 -1.808000 -1.887900 -2.333700 -2.742500 -1.514300 -7.450300 -4.600800 -5.675600 -15.613800 -135.529700 
0.418000 -2.153400 -2.165900 -1.907900 -2.110000 -2.079200 -3.158000 -7.345200 -5.193900 -5.451900 -9.416100 -187.711200 
0.420000 -1.994900 -3.495200 -1.064900 -4.751500 -3.335700 -2.593200 -8.062200 -3.957600 -1.991000 -8.054700 -156.842900 
0.422000 -2.114800 -2.415100 -2.538200 -1.071100 -3.969200 -3.497200 -5.218400 -5.210200 -3.415200 -13.254200 -152.125600 
0.424000 -2.719200 -1.685300 -1.979300 -3.612500 -2.237500 -1.731400 -4.482500 -6.950200 -7.003500 -9.803700 -129.995100 
0.426000 -2.497100 -5.146400 -3.898800 -3.423000 -3.731900 -4.946300 -13.318200 -7.696800 -6.473800 -6.756000 -160.691400 
0.428000 -1.543100 -2.711900 -1.991300 -3.199300 -3.044700 -5.082100 -3.671200 -4.841500 -4.936800 -5.451700 -158.317200 
0.430000 -2.648500 -2.526800 -3.242700 -2.076800 -3.509200 -2.692000 -3.810000 -7.357600 -6.012800 -14.138700 -154.107400 
0.432000 -1.128000 -1.877500 -1.159900 -2.271300 -2.981700 -4.987700 -6.472700 -3.985400 -3.317100 -4.936900 -158.028700 
0.434000 -0.236700 -2.479900 -5.375000 -6.944400 -4.121000 -0.996200 -10.202500 -7.168500 -4.514400 -5.493700 -188.115500 
0.436000 -2.232900 -3.285700 -2.586700 -5.705500 -4.171300 -1.418700 -5.630500 -11.429600 -7.118400 -8.727200 -131.768800 
0.438000 -2.084800 -2.139500 -3.596900 -1.724900 -3.715700 -6.749400 -7.535700 -12.339600 -5.358600 -8.349300 -190.250000 
0.440000 -2.625700 -1.793000 -3.635500 -2.200000 -2.514600 -2.254800 -7.765500 -9.788600 -4.523600 -9.745400 -195.805600 
0.442000 -2.841500 -4.893300 -2.357100 -2.311500 -2.702700 -2.192600 -10.085300 -6.313800 -5.284100 -8.320200 -151.195500 
0.444000 -0.911200 -0.651000 -1.769100 -1.455300 -6.224200 -2.398800 -5.750400 -8.110000 -5.245500 -5.576100 -188.431200 
0.446000 -0.978600 -3.065900 -5.009500 -3.199000 -5.568400 -1.520000 -5.747200 -5.270400 -3.434300 -9.248400 -152.471500 
0.448000 -4.072500 -2.244700 -2.129700 -4.867100 -5.820900 -1.357700 -5.935900 -16.044200 -3.426800 -8.897600 -207.789300 
0.450000 -0.941800 -2.746600 -2.274000 -6.074800 -3.758600 -2.842700 -6.346700 -6.143100 -14.967400 -7.677800 -200.257200 
0.452000 -2.469200 -2.470400 -0.982800 -1.936500 -5.307400 -2.978800 -14.792400 -8.670000 -3.713400 -6.243600 -129.844100 
0.454000 -2.584200 -2.233000 -2.582900 -2.265300 -5.290800 -1.841200 -8.636700 -5.913200 -5.732600 -10.637200 -107.580200 
0.456000 -2.695400 -1.070500 -2.937100 -1.463300 -1.051900 -3.604000 -3.023100 -5.971300 -15.180000 -12.086300 -138.438600 
0.458000 -3.578200 -2.433200 -3.412300 -6.782600 -5.762500 -2.591100 -8.394000 -12.678500 -7.775000 -13.250600 -120.979000 
0.460000 -2.552900 -3.452500 -0.319600 -2.031000 -4.280500 -3.663500 -6.098700 -6.539500 -3.767900 -7.802200 -139.082100 
0.462000 -2.691000 -2.902300 -2.089500 -0.790800 -4.477100 -2.143400 -5.110900 -11.351100 -6.383300 -5.747400 -150.887300 
0.464000 -2.824000 -2.246000 -1.844400 -4.741600 -3.231500 -3.569500 -5.328900 -9.063200 -3.242000 -10.506200 -225.949700 
0.466000 -2.586800 -0.535500 -1.230300 -2.386900 -2.217300 -4.743600 -7.031800 -9.448400 -5.679300 -10.090800 -151.284100 
0.468000 -1.387000 -2.215500 -1.032900 -1.180200 -4.091700 -2.466000 -6.710800 -7.034600 -5.600500 -10.558400 -199.669800 
0.470000 -4.035300 -3.589500 -0.912000 -1.701900 -2.667000 -0.801900 -7.916900 -7.083600 -9.911900 -11.894500 -160.734300 
0.472000 -1.222800 -2.726900 -2.110100 -2.555000 -5.277900 -1.591500 -9.475100 -9.376100 -3.739800 -7.495200 -207.013000 
0.474000 -1.183400 -2.312300 -1.207700 -3.221500 -2.514400 -3.687900 -6.254400 -3.599700 -7.904400 -9.422600 -162.184400 
0.476000 -3.537200 -2.237100 -2.297700 -0.969200 -5.456800 -1.988700 -3.739800 -8.511800 -6.680100 -6.113300 -148.047800 
0.478000 -2.422400 -1.736900 -1.744400 -1.304500 -4.807800 -2.909200 -4.936300 -10.193200 -5.117100 -10.763800 -155.394400 
0.480000 -1.815000 -4.607100 -1.288500 -1.601000 -1.544900 -3.500200 -5.054500 -6.991600 -10.105700 -13.059700 -102.149400 
0.482000 -1.959600 -1.041400 -1.494300 -1.119000 -1.848800 -3.626100 -7.570200 -15.000700 -3.896800 -8.388100 -125.963400 
0.484000 -1.779700 -3.425500 -1.726600 -1.273300 -4.030000 -1.330700 -9.457000 -10.194200 -1.729100 -9.920100 -150.160400 
0.486000 -1.156100 -3.620000 -4.049300 -0.932800 -4.174600 -3.254900 -4.453900 -4.358100 -3.285800 -12.336500 -181.040700 
0.488000 -1.295400 -2.516300 -3.592800 -1.676100 -3.847500 -3.719700 -3.473700 -3.387000 -4.998400 -4.550500 -216.086200 
0.490000 -2.069600 -2.837100 -1.839300 -2.063000 -4.338600 -4.070200 -5.426900 -4.702700 -4.533500 -2.919400 -193.649200 
0.492000 -4.280300 -2.909900 -2.273200 -1.287500 -5.185600 -7.943500 -4.235500 -8.929200 -4.490000 -6.115100 -163.702000 
0.494000 -4.776400 -3.387900 -1.682900 -2.269700 -4.092600 -2.779200 -2.142500 -4.096700 -6.146900 -6.786400 -149.285400 
0.496000 -1.941300 -1.634100 -1.229100 -0.531100 -4.306900 -1.404700 -4.131700 -5.465500 -3.943400 -7.075600 -153.917700 
0.498000 -4.698100 -1.837200 -2.381700 -0.578400 -6.641300 -1.113100 -3.128900 -3.784500 -5.905900 -4.723200 -157.494800 
0.500000 -2.428300 -1.519300 -2.504600 -2.447700 -1.957900 -4.307900 -3.756000 -8.130400 -13.814500 -3.521300 -185.381900 
0.502000 -1.174200 -1.832500 -1.123600 -2.627400 -3.115900 -4.469200 -5.221600 -13.012700 -5.813700 -11.665300 -175.926700 
0.504000 -1.654400 -2.991100 -2.008700 -0.764700 -3.778300 -2.596300 -4.937500 -6.754500 -6.696400 -8.302200 -198.113800 
0.506000 -1.170400 -3.536800 -2.332100 -0.649800 -3.196100 -2.270000 -6.498000 -4.749300 -4.122800 -8.606300 -214.518300 
0.508000 -2.387800 -2.560000 -1.526300 -1.755400 -3.932700 -2.133800 -3.436600 -3.724300 -3.225600 -10.527900 -172.203000 
0.510000 -1.314300 -0.814900 -0.958900 -1.891500 -3.696300 -1.835600 -5.080800 -6.508700 -11.509500 -6.988100 -170.493500 
0.512000 -2.813400 -0.465000 -2.598500 -0.468200 -3.330900 -2.209900 -5.110900 -7.783000 -5.808600 -4.990400 -148.083100 
0.514000 -1.950100 -2.786400 -2.148900 -0.453700 -4.871400 -1.556000 -8.386100 -7.969400 -6.748400 -6.271100 -188.717700 
0.516000 -2.970300 -2.593400 -3.268200 -2.236800 -4.300900 -2.023100 -2.366800 -11.105300 -7.246300 -11.981500 -155.151600 
0.518000 -2.111400 -2.923000 -1.886700 -1.208700 -4.409500 -0.983900 -2.515000 -6.491300 -2.186700 -7.659800 -154.077100 
0.520000 -1.662800 -1.238400 -1.595400 -2.230300 -5.525100 -1.862100 -5.683300 -3.055000 -3.329100 -9.779300 -189.532500 
0.522000 -3.143000 -2.005600 -5.449700 -5.302300 -3.857900 -7.251100 -4.883200 -5.688300 -3.431200 -11.620900 -160.013400 
0.524000 -1.341700 -1.362600 -2.033600 -1.204300 -6.007400 -3.956900 -2.696900 -5.423000 -7.969000 -7.792000 -161.725500 
0.526000 -2.215100 -2.349000 -2.358900 -2.779200 -3.661000 -2.259700 -6.165900 -5.317300 -8.594600 -9.730100 -139.253900 
0.528000 -0.713700 -0.963100 -1.351600 -3.042600 -5.573300 -3.228500 -4.174500 -6.864700 -9.515400 -14.901800 -188.660200 
0.530000 -5.402700 -3.671100 -1.561300 -2.640600 -5.585600 -1.517200 -4.392300 -6.006300 -2.339900 -9.929400 -139.616500 
0.532000 -2.523300 -0.962400 -1.570100 -1.214300 -3.143700 -2.088200 -8.381600 -5.135200 -8.441000 -10.251300 -166.724000 
0.534000 -2.207600 -0.790500 -3.146700 -3.008700 -2.842400 -1.780200 -4.108400 -6.042500 -5.371300 -7.057100 -164.535300 
0.536000 -3.631900 -4.004700 -3.965200 -2.763600 -3.424700 -2.046500 -8.643300 -13.030100 -7.550800 -20.322600 -186.472400 
0.538000 -2.830700 -1.936000 -1.248200 -5.277400 -2.603600 -1.694400 -13.005300 -12.118600 -8.731600 -9.608900 -175.113700 
0.540000 -2.305600 -2.482100 -4.530100 -3.901000 -2.452200 -3.302600 -6.507000 -8.810700 -2.750600 -8.312500 -163.566800 
0.542000 -2.218500 -0.620600 -4.317500 -1.227600 -4.717000 -3.481600 -8.614900 -3.718200 -2.336600 -12.287400 -163.283800 
0.544000 -3.184000 -1.071300 -2.265000 -2.840000 -4.950600 -4.410500 -4.192600 -10.861200 -2.431200 -11.451500 -216.592600 
0.546000 -0.454300 -1.783100 -3.436400 -0.329500 -4.097100 -2.382200 -7.027400 -9.206500 -4.395400 -13.150800 -177.527900 
0.548000 -1.876500 -1.957500 -2.403900 -2.789300 -4.415000 -2.252000 -7.297500 -10.138400 -7.916400 -11.423000 -184.818300 
0.550000 -4.026400 -1.818300 -3.043000 -1.119300 -1.305500 -4.344600 -15.243200 -9.358000 -11.007800 -13.088600 -168.564100 
0.552000 -1.536800 -2.306100 -3.393000 -2.752600 -6.368800 -3.698600 -2.688800 -10.231100 -2.978700 -10.446400 -179.653100 
0.554000 -0.907700 -1.633700 -5.892100 -2.681100 -4.391300 -4.840500 -7.333500 -7.085800 -3.369400 -12.502900 -194.384000 
0.556000 -1.296800 -1.591500 -2.186400 -1.492000 -2.900500 -2.885400 -5.396100 -6.316300 -6.618100 -12.016100 -155.194600 
0.558000 -1.418000 -2.004900 -3.388700 -3.347300 -3.726700 -1.388400 -8.471300 -7.089900 -2.578700 -13.147100 -252.693200 
0.560000 -1.140300 -2.570700 -2.749200 -2.709500 -6.808000 -2.992700 -5.261000 -6.017900 -2.664600 -13.236500 -177.146300 
0.562000 -0.347600 -2.584100 -2.152500 -2.864600 -4.290000 -1.802100 -7.329100 -4.954700 -2.288400 -10.788100 -200.821000 
0.564000 -2.771100 -3.237000 -2.862900 -3.424300 -3.394400 -4.138500 -4.599400 -5.743900 -3.036800 -20.675000 -148.761500 
0.566000 -1.193900 -3.124900 -2.525400 -3.997300 -2.169500 -1.889400 -4.967200 -9.660800 -3.397400 -11.546500 -195.211500 
0.568000 -0.877300 -3.965000 -1.177700 -1.674000 -1.140000 -1.767000 -1.898800 -7.034600 -5.562200 -17.323000 -193.985700 
0.570000 -0.712700 -1.936600 -1.792000 -2.874100 -2.548600 -3.663600 -12.302100 -11.522100 -2.005500 -17.657400 -223.947200 
0.572000 -2.033400 -1.807400 -3.359500 -2.118600 -2.560800 -1.142200 -7.273400 -11.659300 -6.022800 -16.581200 -228.875500 
0.574000 -1.164100 -2.217100 -3.112800 -3.998700 -1.857200 -1.516800 -6.325100 -7.911000 -1.149000 -18.773700 -206.158700 
0.576000 -2.361400 -1.794300 -2.939100 -2.015900 -0.789400 -4.945300 -3.786600 -7.655600 -6.662800 -18.364200 -131.928600 
0.578000 -0.638200 -3.525400 -3.036200 -4.245000 -2.897700 -1.030900 -9.427900 -4.052900 -10.689800 -12.842600 -153.009900 
0.580000 -1.845700 -1.968200 -1.527800 -0.453600 -3.679900 -2.108800 -3.645700 -3.702000 -8.075500 -10.833800 -175.399700 
0.582000 -1.712900 -1.414500 -2.366200 -2.634900 -3.093500 -5.344600 -3.636400 -7.096000 -4.900400 -16.166300 -154.469800 
0.584000 -0.878400 -2.704800 -2.884500 -2.113300 -2.493600 -1.180800 -2.260400 -3.951900 -1.535100 -12.633500 -154.489700 
0.586000 -2.369900 -2.189500 -6.104700 -3.218400 -1.643800 -4.021700 -2.957600 -7.236100 -14.775500 -20.260100 -172.852100 
0.588000 -3.187500 -3.426100 -2.166600 -4.263600 -3.257800 -3.174800 -3.871300 -4.116500 -11.597100 -12.517300 -184.091500 
0.590000 -2.931300 -0.900300 -2.432200 -5.448100 -2.046500 -4.055100 -7.020900 -12.126400 -2.423600 -22.637000 -161.998300 
0.592000 -2.727400 -1.282000 -1.813400 -3.408500 -1.229600 -3.956600 -6.380900 -8.252000 -7.711700 -14.045500 -198.855600 
0.594000 -1.712100 -2.986800 -5.106100 -2.272700 -2.746700 -2.841700 -5.091200 -7.210800 -4.749500 -22.018900 -139.561700 
0.596000 -0.788600 -2.722900 -4.210500 -1.858800 -2.303200 -4.420500 -7.916000 -10.474000 -1.992400 -21.122300 -187.688600 
0.598000 -1.411500 -3.308000 -2.600600 -3.501800 -3.478900 -2.334000 -7.924700 -3.431000 -1.568200 -22.433000 -174.920400 
0.600000 -3.153100 -4.264000 -3.140000 -1.677100 -5.361200 -5.535600 -6.583600 -3.039700 -2.430200 -16.810000 -179.575600 
0.602000 -1.510600 -3.328900 -1.774000 -1.106200 -1.478000 -3.027400 -6.695300 -2.206900 -6.849800 -12.177600 -151.197200 
0.604000 -2.092400 -1.545100 -4.333900 -3.552500 -1.818100 -1.030900 -4.626000 -9.105400 -7.566300 -27.333700 -139.948800 
0.606000 -1.015200 -0.847000 -2.644000 -4.326500 -1.881400 -2.917000 -7.164600 -3.960700 -4.829800 -16.541300 -197.659600 
0.608000 -1.954100 -3.154900 -1.896100 -2.669900 -1.973200 -4.241100 -4.616800 -10.646100 -7.841000 -22.730800 -192.624900 
0.610000 -1.503200 -3.333600 -5.478400 -1.820700 -0.623300 -8.085400 -5.745300 -4.057500 -5.808900 -15.119800 -124.332800 
0.612000 -2.336200 -1.886300 -1.027200 -2.212400 -3.473100 -2.152400 -10.272100 -13.402400 -3.125300 -13.736500 -119.903400 
0.614000 -1.628200 -1.938500 -2.415400 -1.035700 -3.302000 -3.745700 -4.976400 -4.466200 -1.358200 -10.966800 -116.016700 
0.616000 -2.265800 -2.361600 -4.091000 -1.926600 -2.246300 -3.506700 -4.851000 -7.394300 -3.599100 -19.557200 -146.406400 
0.618000 -0.443900 -1.524000 -2.269900 -2.553900 -3.854500 -1.490700 -4.601000 -3.753600 -3.590700 -14.322900 -138.662000 
0.620000 -2.271800 -2.952000 -1.802900 -0.761300 -2.645500 -1.289700 -2.196700 -10.346700 -10.063600 -7.538000 -163.006100 
0.622000 -1.493900 -0.930400 -2.103800 -1.258900 -2.631000 -2.637300 -3.870400 -7.706400 -3.071100 -13.314800 -208.246800 
0.624000 -0.696700 -3.943500 -2.383000 -0.464500 -1.411200 -2.436500 -3.038300 -6.611500 -8.714700 -17.974900 -173.947500 
0.626000 -0.997500 -4.076400 -2.700200 -1.291600 -1.725500 -1.080300 -8.362200 -19.007500 -12.672500 -15.849000 -198.173100 
0.628000 -2.217800 -2.491100 -2.083700 -3.216200 -1.315000 -1.964100 -2.525000 -5.199700 -7.870900 -16.524900 -119.941100 
0.630000 -2.059500 -1.993000 -1.994300 -1.550000 -1.919600 -2.727100 -2.061300 -6.041300 -1.422200 -18.387700 -215.337900 
0.632000 -2.176900 -3.114100 -1.755300 -1.749500 -3.079000 -1.434400 -10.047500 -3.804900 -6.768700 -16.026100 -178.566500 
0.634000 -2.398500 -1.733300 -4.697100 -2.008000 -5.595300 -3.214700 -3.073300 -5.461200 -4.444600 -15.179100 -139.571600 
0.636000 -0.986000 -1.439200 -3.979000 -3.424600 -2.578800 -3.577500 -2.602600 -10.241900 -4.742400 -14.505900 -167.236000 
0.638000 -1.544100 -2.879900 -2.361300 -1.544900 -5.934200 -4.056700 -7.034200 -8.920800 -3.728000 -24.682400 -213.890400 
0.640000 -1.156300 -2.848200 -3.293400 -1.422600 -4.174800 -3.205300 -7.056900 -7.380300 -2.917000 -15.936400 -161.450500 
0.642000 -1.531800 -2.460500 -3.353700 -2.652800 -5.267100 -3.431800 -2.186600 -9.102700 -2.959600 -25.588100 -144.736800 
0.644000 -1.798700 -1.876500 -1.580700 -3.754000 -2.197100 -3.873700 -4.505900 -6.996400 -4.596300 -16.062800 -145.626900 
0.646000 -2.169700 -1.905700 -1.861300 -2.114300 -2.431500 -2.705300 -4.392100 -6.722300 -2.015600 -16.964700 -139.015300 
0.648000 -2.989800 -0.988200 -1.389000 -0.925800 -5.796600 -3.796800 -7.148700 -5.916900 -6.136300 -21.086200 -159.326500 
0.650000 -1.329600 -0.689900 -1.217600 -2.415800 -2.269600 -2.592700 -3.874800 -9.327200 -7.231000 -22.826000 -180.756800 
0.652000 -2.936700 -1.693600 -0.932300 -3.548800 -1.343600 -4.091600 -5.082700 -13.885000 -7.546100 -12.622600 -184.740800 
0.654000 -2.481300 -1.575600 -1.815900 -2.573000 -3.601600 -2.922400 -6.012200 -11.317100 -2.906100 -22.665000 -149.762400 
0.656000 -3.412800 -2.554500 -1.108700 -3.139000 -2.051800 -2.397600 -6.942300 -10.211300 -4.300000 -13.872300 -164.774000 
0.658000 -1.709300 -2.139100 -1.658200 -0.810700 -1.978700 -5.024200 -7.915500 -11.265600 -2.487800 -19.309700 -176.416100 
0.660000 -2.998300 -1.546000 -5.562100 -3.291800 -3.899400 -4.004800 -12.657700 -6.873700 -4.655600 -24.807200 -173.335200 
0.662000 -0.659200 -1.308300 -2.224100 -1.975600 -5.046000 -3.128000 -5.513900 -13.456900 -3.164800 -24.545500 -152.398400 
0.664000 -1.462900 -1.222700 -1.710900 -4.218500 -3.740200 -3.788000 -4.856400 -11.939700 -3.234000 -19.876400 -159.974300 
0.666000 -1.172400 -1.897600 -0.863000 -5.017900 -2.810900 -2.867300 -9.786300 -9.158500 -9.312700 -14.094300 -174.268000 
0.668000 -0.899300 -1.383900 -1.999400 -2.042200 -2.455600 -6.493300 -12.296000 -3.216500 -5.256400 -8.538400 -196.466500 
0.670000 -1.028300 -0.813700 -1.914400 -2.973800 -1.862600 -3.842300 -5.642100 -8.086200 -3.617500 -20.289300 -149.353500 
0.672000 -1.985400 -0.994100 -0.690100 -0.747600 -2.317600 -2.175700 -3.779500 -5.147300 -2.151900 -13.925500 -176.236800 
0.674000 -3.461600 -1.229900 -1.371900 -2.966800 -3.938200 -3.478900 -6.959800 -7.763700 -4.324100 -20.608300 -195.152200 
0.676000 -2.959400 -2.074500 -3.075000 -0.827200 -4.218700 -3.709700 -4.171500 -7.003200 -17.330100 -9.221200 -196.771400 
0.678000 -4.739900 -2.096800 -4.040100 -0.735100 -2.800100 -4.672500 -6.537400 -5.442800 -2.971600 -10.626800 -171.465100 
0.680000 -2.111100 -1.327800 -4.480500 -3.568400 -2.417600 -2.691200 -8.359600 -9.989500 -12.102700 -17.938700 -185.451900 
0.682000 -4.523200 -2.239200 -3.941100 -2.794700 -2.622100 -1.884800 -5.072300 -4.136800 -2.425100 -13.770800 -209.526100 
0.684000 -0.991600 -2.987400 -2.072100 -2.986400 -1.749200 -2.541100 -6.824400 -10.729700 -3.746100 -21.427400 -207.195400 
0.686000 -1.757300 -4.058800 -4.532000 -2.654200 -4.325400 -3.619900 -6.738200 -6.495500 -2.743800 -16.506600 -199.827600 
0.688000 -4.905400 -2.213800 -4.405900 -2.904700 -4.457200 -2.582000 -4.007300 -10.674800 -4.225000 -27.872200 -184.209400 
0.690000 -1.930600 -1.048300 -2.345100 -3.942100 -7.026100 -0.815400 -3.617400 -6.651100 -0.629800 -20.688500 -170.603200 
0.692000 -1.687600 -1.391300 -3.952700 -3.270900 -4.131500 -2.831500 -5.959200 -4.717000 -4.532600 -15.376900 -138.535700 
0.694000 -2.163600 -2.100400 -3.034800 -3.252300 -2.006900 -4.245100 -4.532800 -7.814200 -2.827000 -15.479900 -122.377100 
0.696000 -1.371200 -1.357700 -2.455100 -4.333500 -8.674100 -4.241800 -6.386000 -7.802200 -1.959500 -24.767700 -117.798500 
0.698000 -2.495400 -1.823200 -2.063400 -2.974000 -3.088600 -2.852800 -6.093800 -8.270800 -0.582000 -18.563800 -129.923300 
0.700000 -3.249300 -3.309500 -2.727500 -1.094800 -3.576100 -3.340200 -8.108000 -4.387500 -3.348700 -14.934100 -120.130800 
0.702000 -2.278600 -1.539800 -2.017900 -1.256000 -3.235900 -3.692600 -3.206600 -8.608500 -2.877100 -25.086700 -123.107400 
0.704000 -1.488200 -1.178700 -1.494400 -3.185900 -2.030500 -3.247200 -7.994600 -6.509600 -2.861800 -15.654200 -109.246400 
0.706000 -3.122900 -2.243900 -0.850500 -3.249700 -1.785000 -1.477800 -4.291200 -5.084000 -1.141400 -16.876200 -88.321900 
0.708000 -0.784700 -2.835600 -2.464000 -3.687800 -3.828500 -3.330800 -6.765100 -10.131000 -3.742400 -22.428200 -122.007000 
0.710000 -1.897100 -3.496100 -1.420700 -4.120800 -3.726000 -0.949700 -10.957100 -3.410500 -3.476800 -6.909500 -117.176300 
0.712000 -2.840300 -1.824900 -4.684800 -0.912000 -1.795600 -1.796700 -8.382300 -5.641300 -4.212900 -10.640900 -80.725300 
0.714000 -2.954800 -3.180200 -6.467900 -3.455600 -0.680900 -2.037200 -4.862200 -12.607500 -1.927200 -13.993800 -89.821600 
0.716000 -2.042200 -0.820900 -1.510300 -1.228900 -2.110800 -5.473500 -2.715500 -7.590600 -2.158400 -11.439800 -101.385400 
0.718000 -1.198200 -2.751500 -5.955200 -2.700000 -3.069400 -1.702200 -5.033900 -8.441200 -2.706100 -11.153100 -83.244500 
0.720000 -2.333100 -2.921600 -1.972700 -2.154200 -2.701600 -2.252900 -5.235200 -2.345900 -2.345700 -9.264800 -113.966000 
0.722000 -1.103500 -5.114600 -2.287800 -1.778100 -5.411800 -2.896200 -6.766200 -6.658500 -4.013900 -13.986100 -140.543800 
0.724000 -2.116600 -1.872400 -3.894600 -2.147000 -4.136200 -5.411100 -6.055100 -7.382700 -10.777200 -15.924600 -139.241800 
0.726000 -3.290200 -2.247000 -5.211000 -1.261800 -2.446600 -1.237300 -7.977900 -2.616200 -1.878300 -8.958300 -193.724500 
0.728000 -2.306800 -1.722200 -2.817500 -1.648200 -3.507300 -1.607300 -6.197000 -4.326100 -0.583200 -6.206300 -140.746800 
0.730000 -2.798300 -1.277100 -2.783300 -3.307700 -4.121800 -2.351800 -5.218500 -5.865000 -1.703100 -16.519300 -159.328500 
0.732000 -3.469700 -0.871700 -5.911600 -1.857700 -4.571600 -2.088400 -5.844800 -14.326300 -6.963600 -8.534600 -155.635200 
0.734000 -0.927700 -2.301500 -3.616900 -2.944300 -1.964700 -1.111200 -9.724300 -3.789500 -1.936600 -10.798900 -147.995400 
0.736000 -0.705700 -0.885600 -1.170000 -3.064900 -6.641600 -4.051800 -8.059400 -7.362400 -6.795500 -3.704900 -153.492600 
0.738000 -2.119700 -1.566100 -1.528700 -2.535600 -3.774700 -6.680700 -7.732600 -4.655800 -8.387400 -6.360500 -128.478200 
0.740000 -0.526500 -1.668800 -1.453200 -2.077600 -2.057300 -2.760000 -4.548200 -8.616400 -15.292500 -13.615300 -169.816900 
0.742000 -1.111700 -2.173800 -1.852200 -1.703100 -2.713800 -2.842200 -4.477100 -5.028100 -2.552700 -5.320100 -105.597900 
0.744000 -2.386400 -2.754400 -3.681300 -2.772500 -3.468600 -1.041300 -3.421500 -8.049600 -2.894300 -3.094500 -169.316900 
0.746000 -2.041700 -0.326300 -3.618200 -1.050600 -0.419900 -0.916400 -6.249800 -5.485300 -3.058100 -12.104700 -131.873900 
0.748000 -2.414000 -1.768700 -3.704200 -1.061800 -3.103400 -0.692200 -12.179300 -8.992200 -8.785900 -7.630000 -148.788100 
0.750000 -1.650600 -1.593900 -2.915600 -1.760300 -1.003000 -4.439000 -6.828700 -7.311600 -2.280800 -9.755000 -150.582100 
0.752000 -0.901700 -0.465600 -2.635200 -0.320100 -6.220800 -2.168300 -7.713500 -11.876900 -2.439500 -9.391200 -117.571500 
0.754000 -1.584300 -1.815900 -2.982000 -2.717200 -7.480900 -3.043100 -11.405200 -7.522100 -3.815800 -8.366900 -116.921400 
0.756000 -2.951800 -1.940900 -2.649600 -0.952300 -3.939900 -5.051700 -3.987400 -14.998800 -4.606600 -7.559800 -112.655000 
0.758000 -1.294800 -4.085400 -3.934700 -0.508600 -3.979200 -1.800700 -4.181100 -6.357700 -18.727400 -9.270800 -173.789300 
0.760000 -1.634800 -2.329100 -2.300900 -1.282500 -3.756100 -2.035700 -6.225600 -6.258800 -1.770300 -6.813200 -123.422100 
0.762000 -1.417000 -1.563700 -2.353700 -1.250100 -5.425300 -2.496900 -7.625800 -4.808700 -2.857400 -8.089600 -181.594400 
0.764000 -1.691700 -1.773100 -3.379900 -0.390900 -3.257100 -3.191700 -6.221800 -7.358100 -1.997600 -10.412900 -124.042500 
0.766000 -1.649700 -4.922200 -4.174800 -2.376800 -4.096900 -4.602900 -7.241600 -2.049200 -5.779100 -7.851400 -121.665100 
0.768000 -0.623900 -2.567000 -2.891700 -1.026800 -4.468700 -3.708800 -3.584500 -10.602200 -3.295900 -5.541200 -229.100400 
0.770000 -0.736500 -2.529700 -3.821200 -1.440300 -1.566600 -2.438000 -5.962800 -11.009700 -1.403500 -12.707500 -175.780700 
0.772000 -2.995400 -2.217300 -0.766500 -1.247500 -3.670300 -1.212300 -7.173200 -8.405500 -5.997300 -9.398400 -191.814500 
0.774000 -2.000600 -0.868100 -1.925600 -0.865800 -3.134000 -2.292200 -4.083300 -7.119000 -0.922700 -8.010000 -179.947300 
0.776000 -2.849600 -1.557500 -1.425700 -3.204800 -5.296200 -2.709500 -8.187400 -4.129300 -6.618600 -11.731700 -147.227700 
0.778000 -3.444000 -1.960800 -2.388800 -1.304400 -2.349800 -2.412900 -6.136500 -9.507700 -3.704200 -9.399700 -172.161200 
0.780000 -1.903900 -0.803700 -3.608000 -1.648000 -2.470500 -2.406400 -3.961300 -4.519600 -2.100900 -9.752100 -212.434500 
0.782000 -2.027200 -1.392200 -0.551100 -3.185800 -3.165300 -8.377100 -8.049300 -4.045800 -1.707900 -9.270600 -201.159000 
0.784000 -1.404600 -2.585200 -1.530400 -2.601400 -3.026100 -4.145600 -8.525700 -15.531100 -1.014500 -7.684600 -146.625400 
0.786000 -1.744700 -7.022500 -1.577600 -2.488900 -2.562600 -1.909600 -7.140000 -2.287200 -6.677600 -11.987500 -161.874600 
0.788000 -0.826500 -4.839000 -2.559500 -1.753500 -2.253200 -1.829000 -8.154300 -2.864600 -1.954100 -8.591800 -182.490100 
0.790000 -1.815000 -3.255200 -2.234500 -2.866400 -2.674900 -3.919200 -6.210400 -6.222800 -6.752300 -4.860700 -225.433700 
0.792000 -1.351600 -3.152500 -3.216800 -0.506200 -1.122600 -2.971500 -8.698100 -10.397300 -14.013800 -8.845100 -151.081800 
0.794000 -1.718800 -0.984700 -3.700100 -2.197400 -3.232800 -4.182400 -5.453100 -4.654700 -6.177800 -9.030200 -165.002900 
0.796000 -1.725900 -2.770500 -0.485800 -1.634200 -1.685600 -3.296100 -6.970900 -5.668100 -4.085800 -13.373700 -181.937700 
0.798000 -3.859300 -2.449800 -2.018700 -1.366300 -4.405100 -2.389600 -7.969500 -4.467300 -0.872200 -19.111900 -231.987100 
0.800000 -1.938300 -3.543100 -1.594200 -3.399800 -1.466100 -5.857700 -4.724700 -6.709100 -2.976400 -8.763400 -212.471400 
0.802000 -2.403900 -1.644500 -0.778700 -1.173100 -1.358800 -2.256100 -7.808400 -5.772800 -5.524500 -10.465800 -177.847700 
0.804000 -0.950100 -3.260500 -3.766100 -2.477000 -2.350000 -1.575300 -8.443000 -2.501500 -4.460400 -9.002900 -86.380600 
0.806000 -0.858900 -1.728200 -3.376500 -2.667700 -1.653500 -2.757400 -6.694400 -3.486800 -4.920800 -13.141300 -152.109600 
0.808000 -1.770700 -2.086400 -2.632800 -1.893500 -1.365800 -5.175300 -9.149200 -8.238900 -2.927200 -11.989300 -173.645300 
0.810000 -1.913700 -2.048600 -3.064800 -2.327800 -1.334000 -1.822200 -5.129600 -15.925800 -3.381200 -12.054100 -174.364300 
0.812000 -2.287400 -3.796300 -3.834400 -3.173400 -4.513000 -0.740100 -5.788700 -11.556600 -4.440300 -12.072300 -128.208100 
0.814000 -1.960700 -2.601700 -3.347500 -1.389500 -2.788600 -1.406700 -9.371700 -4.575100 -2.933900 -9.761600 -179.492600 
0.816000 -1.313400 -4.710200 -2.197000 -1.401300 -4.448100 -3.298600 -6.844900 -7.836700 -11.801400 -5.833800 -172.644100 
0.818000 -1.023700 -2.459600 -1.694200 -1.646700 -5.016800 -7.421100 -10.127200 -13.149200 -3.292200 -5.483500 -138.068900 
0.820000 -2.608500 -2.349000 -2.773100 -1.414700 -0.873200 -6.258700 -4.333300 -5.906900 -1.836000 -10.218400 -144.780800 
0.822000 -2.792900 -2.301200 -1.709300 -1.075700 -2.724300 -1.144900 -5.033400 -8.912100 -7.698000 -14.423600 -234.526100 
0.824000 -1.714600 -2.077900 -2.002600 -4.324500 -0.830000 -4.619700 -5.082600 -4.927000 -7.331200 -14.386900 -200.462100 
0.826000 -1.978500 -2.992000 -2.165300 -2.037900 -2.342700 -3.485300 -11.443600 -5.217900 -5.670800 -15.434600 -239.235600 
0.828000 -0.889000 -4.107500 -1.265100 -3.401400 -1.683300 -2.707100 -3.815700 -8.031500 -4.536400 -17.003200 -175.761800 
0.830000 -2.257900 -3.635700 -2.302200 -2.349900 -2.709100 -1.773000 -3.590500 -7.587900 -6.375900 -13.524900 -156.697800 
0.832000 -0.861900 -1.937600 -2.763800 -2.912200 -2.867000 -2.039300 -7.887900 -5.953900 -10.607400 -11.944300 -172.193100 
0.834000 -4.417700 -3.578300 -2.587900 -3.616800 -1.858200 -2.837100 -5.665300 -11.543600 -7.874000 -19.557400 -168.745200 
0.836000 -0.582900 -3.600400 -3.391400 -2.367300 -2.020900 -2.858900 -4.543700 -5.779400 -3.685400 -16.284700 -186.929700 
0.838000 -2.155900 -0.646300 -4.174400 -1.977100 -1.228500 -3.638100 -8.519100 -6.881700 -6.001700 -14.168500 -141.915600 
0.840000 -1.418600 -2.984800 -3.473700 -1.547700 -4.066400 -0.918800 -8.911000 -3.278800 -2.796900 -11.027400 -183.336000 
0.842000 -3.716500 -2.830000 -2.310600 -0.564100 -2.996800 -1.349600 -8.305900 -5.032900 -4.626400 -17.486900 -178.010300 
0.844000 -0.723700 -2.370200 -2.020300 -0.591800 -3.623400 -2.485200 -9.189200 -5.816500 -1.371200 -19.221300 -172.975000 
0.846000 -2.471500 -0.552300 -2.988600 -2.468200 -5.093300 -1.852300 -6.619200 -14.498000 -6.421500 -15.477000 -200.591700 
0.848000 -3.304300 -0.638700 -1.378700 -3.033100 -1.521600 -3.728600 -6.844500 -3.855700 -10.285600 -11.683400 -160.945600 
0.850000 -1.731700 -1.721200 -1.598200 -1.093000 -5.593900 -5.152300 -6.373700 -6.970000 -3.608000 -17.329100 -143.087000 
0.852000 -1.458500 -2.899400 -2.061300 -1.695900 -3.339600 -3.541500 -7.737100 -5.202800 -6.090700 -15.582000 -170.158600 
0.854000 -2.108800 -1.927700 -1.518400 -1.126900 -4.130000 -1.937900 -6.159600 -5.561200 -1.243900 -13.287800 -175.573600 
0.856000 -2.996500 -1.583700 -3.188500 -2.062400 -1.504600 -2.123200 -8.425700 -11.837700 -4.829700 -12.930500 -214.746000 
0.858000 -1.299000 -1.320600 -2.154600 -3.222900 -3.869200 -3.360000 -3.800300 -4.688100 -7.658700 -9.261500 -180.186900 
0.860000 -0.943800 -2.060000 -1.003300 -2.254100 -2.815300 -2.227600 -6.133600 -7.162300 -7.138100 -14.462000 -179.535800 
0.862000 -0.901600 -1.066800 -2.684400 -1.412400 -1.944700 -4.502700 -9.965700 -14.427500 -2.528000 -7.096900 -167.933100 
0.864000 -1.495600 -1.967700 -1.565800 -3.459000 -3.376100 -3.488300 -6.431300 -4.341200 -3.456700 -6.845300 -141.028600 
0.866000 -1.633700 -1.966400 -1.993900 -2.132200 -3.313600 -3.134200 -13.441400 -5.332700 -9.567200 -10.762600 -226.359200 
0.868000 -2.033700 -0.567400 -2.710600 -0.397000 -3.978000 -5.612400 -8.014800 -5.159900 -2.443000 -13.576500 -242.460700 
0.870000 -0.786700 -2.376200 -2.095000 -1.770300 -2.286300 -2.063200 -8.668300 -4.749100 -4.787300 -17.909700 -215.780900 
0.872000 -2.226900 -2.047500 -1.591100 -2.019600 -3.207500 -5.018300 -4.819600 -8.905600 -6.477300 -14.922400 -215.262400 
0.874000 -1.443700 -1.298200 -2.215300 -1.328800 -1.072900 -1.957400 -10.018600 -4.635700 -3.866100 -15.847900 -174.717200 
0.876000 -1.916800 -3.321800 -3.030600 -1.280200 -2.114800 -5.238700 -6.913200 -2.549300 -6.833100 -9.658800 -204.682000 
0.878000 -1.217600 -3.044100 -3.182000 -0.954400 -1.708300 -2.751200 -5.392900 -8.084300 -2.055700 -12.593500 -174.084100 
0.880000 -2.383800 -1.975100 -2.310300 -2.443000 -4.926300 -3.411700 -7.547900 -10.160500 -9.419200 -6.633300 -166.309600 
0.882000 -3.562800 -1.217600 -2.908800 -0.369700 -3.077200 -0.335900 -4.864300 -6.246100 -3.728500 -7.955800 -269.213600 
0.884000 -1.581700 -1.019600 -4.495900 -1.610700 -1.110900 -5.602400 -10.983600 -6.377500 -2.476600 -14.157100 -267.833700 
0.886000 -1.673100 -2.919500 -1.398500 -0.912100 -2.614600 -4.302600 -6.412700 -4.257400 -5.905500 -12.967400 -187.774000 
0.888000 -3.389400 -1.531400 -4.646400 -2.085300 -2.684700 -4.130900 -12.694000 -16.486700 -13.262600 -8.301900 -204.332100 
0.890000 -1.603600 -1.222100 -2.729900 -2.362600 -2.137600 -4.054300 -10.036200 -11.024300 -3.118400 -11.952000 -153.648100 
0.892000 -2.392600 -1.492600 -1.239500 -2.771600 -3.486200 -4.777500 -4.395800 -9.390400 -3.510600 -9.676900 -155.151800 
0.894000 -1.716700 -3.010600 -1.618200 -1.245500 -2.694600 -3.629700 -10.645300 -8.287100 -6.138600 -2.646300 -150.723500 
0.896000 -2.397700 -1.128900 -2.640700 -1.200400 -3.295300 -2.721700 -10.798100 -3.916400 -10.717700 -13.376500 -141.025200 
0.898000 -1.506800 -2.269200 -4.034400 -6.229500 -2.025200 -2.385800 -11.027800 -8.312600 -7.972100 -9.960500 -138.284300 
0.900000 -2.118100 -4.507800 -3.338900 -1.881400 -2.320100 -3.544200 -9.465500 -9.316500 -6.614400 -9.373300 -183.773900 
0.902000 -2.399400 -1.973700 -2.474800 -1.598200 -2.246000 -1.835000 -9.784500 -9.660200 -2.866100 -12.036500 -136.669900 
0.904000 -2.100500 -2.528200 -1.058300 -2.431300 -2.883000 -3.163900 -9.296000 -9.267900 -6.927400 -7.440300 -140.225200 
0.906000 -1.353000 -4.142600 -3.684200 -3.114600 -1.119400 -2.068300 -6.392600 -4.820000 -4.904200 -9.767300 -180.815200 
0.908000 -3.961200 -2.260300 -2.514900 -0.906900 -3.240000 -2.614800 -9.667700 -4.738200 -2.301500 -7.474300 -191.769300 
0.910000 -2.058700 -2.179100 -1.298500 -1.354800 -2.693600 -1.757700 -5.074900 -6.480600 -2.865100 -13.975600 -163.844600 
0.912000 -2.086500 -1.903900 -3.275300 -3.443200 -3.857000 -1.368000 -6.820700 -9.775400 -8.981700 -13.117600 -234.959400 
0.914000 -1.255700 -3.111300 -2.277600 -0.398100 -3.665200 -3.573100 -6.097000 -10.047300 -4.188100 -8.534900 -223.359000 
0.916000 -2.552100 -2.465900 -3.723700 -3.874700 -1.749200 -2.314700 -5.683000 -14.141900 -4.049900 -6.747900 -248.377600 
0.918000 -0.317800 -3.376000 -2.188800 -4.354300 -5.282300 -3.205700 -11.893700 -7.202600 -1.919800 -16.781400 -299.043600 
0.920000 -2.528400 -1.824400 -3.748000 -3.009100 -2.697000 -1.771000 -7.250400 -4.474800 -3.152100 -12.090700 -185.321900 
0.922000 -1.884500 -1.880300 -1.454000 -3.600000 -1.000900 -1.124700 -5.275900 -5.264900 -9.129600 -12.928900 -205.396100 
0.924000 -2.402300 -1.534600 -2.074500 -1.951900 -1.442900 -5.586600 -5.839600 -8.626100 -5.189100 -13.121700 -238.712400 
0.926000 -1.379800 -4.489700 -0.968100 -3.254600 -2.768400 -4.547300 -7.925100 -10.704800 -2.684600 -6.815100 -215.497200 
0.928000 -2.995600 -1.020700 -2.584300 -3.220000 -3.129900 -2.661000 -8.361000 -8.954400 -8.904400 -5.668800 -238.694000 
0.930000 -2.966700 -1.931800 -1.846700 -1.819200 -4.460100 -2.094700 -8.993100 -6.385800 -3.021200 -8.498700 -230.088100 
0.932000 -1.945500 -3.273400 -1.906700 -1.373800 -3.336200 -2.537600 -9.258300 -5.336300 -6.243000 -3.761500 -218.297900 
0.934000 -2.361400 -0.851300 -3.096900 -1.098900 -3.784900 -2.419600 -12.305700 -9.505400 -3.292700 -7.345000 -225.531200 
0.936000 -1.861800 -2.455000 -2.576800 -4.187400 -1.838100 -4.125600 -4.212700 -7.695800 -6.651500 -6.570400 -221.992500 
0.938000 -1.415900 -3.314900 -3.011800 -3.089900 -2.561700 -1.695700 -8.502100 -6.864500 -5.411300 -15.541100 -215.617700 
0.940000 -2.572900 -1.349300 -2.995000 -2.191600 -1.772500 -3.229000 -5.614900 -7.328400 -3.104900 -6.324300 -227.461500 
0.942000 -3.225000 -2.655300 -1.976700 -2.369100 -6.591300 -3.033800 -7.542500 -13.377300 -7.148900 -9.841500 -293.437700 
0.944000 -2.771100 -2.468400 -2.509000 -1.058000 -1.755800 -1.872000 -5.476800 -11.498100 -5.732100 -12.772500 -207.359400 
0.946000 -2.798800 -2.017900 -3.104100 -0.929800 -3.627300 -3.788300 -9.997800 -7.394300 -15.932300 -4.697100 -206.197900 
0.948000 -3.269000 -2.141600 -2.459600 -3.082300 -1.685600 -0.759000 -7.538600 -7.496100 -6.600300 -10.379100 -239.357400 
0.950000 -2.463300 -1.852800 -2.447200 -1.032600 -4.216100 -2.764400 -10.333900 -18.669100 -1.801300 -9.164200 -194.118200 
0.952000 -3.234700 -1.426900 -3.014100 -2.827800 -2.539300 -2.877300 -5.080000 -5.531900 -4.784700 -10.908100 -163.419200 
0.954000 -2.832500 -2.924300 -1.956300 -3.398000 -5.427400 -5.821300 -12.168100 -4.091700 -3.401800 -11.855900 -148.846900 
0.956000 -1.002200 -2.847700 -2.750200 -3.201300 -1.681600 -4.533900 -8.173900 -7.450700 -3.616800 -17.673100 -180.244300 
0.958000 -0.860900 -4.478900 -1.072200 -1.185400 -6.848900 -1.670400 -5.893300 -18.941600 -2.528500 -11.150900 -155.815900 
0.960000 -0.815200 -4.616900 -1.176600 -2.484300 -3.304400 -3.256200 -6.191700 -10.107300 -6.115000 -8.889900 -225.255400 
0.962000 -1.573400 -0.657600 -4.905300 -1.008400 -1.535600 -0.496800 -5.454900 -13.001500 -23.338000 -7.669100 -193.818900 
0.964000 -2.062400 -2.329300 -2.059200 -2.845300 -1.911700 -3.156800 -8.036200 -9.575700 -4.639700 -11.177700 -232.640300 
0.966000 -3.371900 -2.050200 -2.937700 -1.723900 -2.379100 -2.984400 -10.731600 -15.997300 -6.468000 -14.389100 -248.223500 
0.968000 -2.866900 -5.684400 -3.451100 -0.357500 -5.016800 -2.415000 -5.663300 -12.920500 -4.524600 -9.510300 -260.812100 
0.970000 -2.982400 -4.693300 -1.928600 -3.336400 -2.384600 -1.769600 -2.667900 -6.023400 -11.384300 -9.856900 -327.808300 
0.972000 -3.364000 -0.908800 -1.389100 -2.236300 -4.761500 -1.289100 -5.581300 -4.643400 -5.757000 -15.966700 -240.827800 
0.974000 -3.965800 -3.162700 -0.842200 -2.028000 -2.265900 -3.301200 -5.508100 -4.968100 -5.676200 -15.110700 -203.026200 
0.976000 -1.624400 -2.870000 -1.698100 -1.697500 -3.877800 -2.819800 -8.426300 -7.655800 -7.468500 -13.908200 -203.183500 
0.978000 -2.027800 -1.001200 -3.219900 -2.711600 -9.942800 -2.772800 -7.019500 -8.237200 -2.757700 -8.224400 -179.406600 
0.980000 -1.779100 -1.778500 -1.219200 -0.440500 -4.966000 -3.970800 -7.252900 -12.676900 -5.033600 -8.392700 -254.016400 
0.982000 -6.860000 -1.514000 -2.239100 -1.213200 -1.611400 -0.201800 -11.334600 -5.539200 -5.501100 -9.692200 -236.808800 
0.984000 -3.653400 -2.157200 -1.422400 -1.067900 -1.792700 -2.170700 -4.141200 -7.379600 -4.015200 -15.617100 -216.250300 
0.986000 -3.769300 -1.731900 -1.871400 -1.377100 -2.023600 -1.807400 -5.047000 -16.786700 -9.008700 -14.897700 -242.818400 
0.988000 -3.339700 -0.742400 -5.162900 -3.044200 -4.707600 -2.433600 -4.315200 -9.982800 -4.126800 -14.114600 -262.268600 
0.990000 -2.579000 -2.593000 -2.559400 -2.861300 -2.153900 -3.633500 -7.738700 -7.568600 -6.758100 -10.787400 -200.561100 
0.992000 -2.748300 -0.798200 -3.377400 -1.950300 -3.672200 -2.896000 -7.498500 -4.455000 -1.750200 -13.555800 -215.907100 
0.994000 -2.779600 -2.368700 -2.769700 -3.917300 -1.998800 -5.027300 -12.053300 -10.910600 -5.472400 -14.691100 -219.532400 
0.996000 -3.771100 -0.663700 -4.505700 -6.543200 -1.541100 -2.969100 -6.888200 -12.862800 -3.768600 -13.148200 -252.338200 
0.998000 -0.742100 -1.596000 -3.262800 -1.009800 -3.168300 -3.747800 -7.022100 -14.797000 -9.984000 -14.801300 -224.885200 
