# gradients (DV/DL) for lambdas: 0.0 0.1 0.2 0.3 0.4 0.5 0.6 0.7 0.8 0.9 1.0
0.000000 -0.749300 -3.704800 -2.994000 -1.153300 -0.416600 -1.135400 -6.900100 -3.011700 -2.085000 -1.948200 -16.961800 
0.002000 -1.538000 -3.302600 -1.875000 -1.963100 -1.635600 -1.536400 -2.936200 -2.861000 -5.655800 -4.134200 -6.771100 
0.004000 -1.357700 -1.034300 -2.341100 -1.977700 -1.052900 -0.824200 -3.318900 -2.041900 -3.332000 -6.615200 -3.575100 
0.006000 -0.928400 -1.830400 -2.138800 -2.766400 -1.490900 -1.154000 -1.293000 -2.058200 -8.083500 -10.261900 -20.596300 
0.008000 -0.681000 -0.727100 -1.042700 -1.229700 -4.143600 -3.348000 -0.937000 -2.929100 -4.887200 -3.568400 -14.596000 
0.010000 -2.040400 -1.037100 -0.923900 -3.139100 -1.915300 -3.177400 -2.834100 -9.247400 -4.302600 -3.283200 -38.629100 
0.012000 -1.471300 -1.839700 -5.214800 -0.818300 -2.694600 -1.440400 -1.194200 -4.532200 -0.914900 -3.122900 -16.931000 
0.014000 -2.876400 -1.758100 -1.259800 -0.961200 -0.826800 -2.745500 -0.932100 -6.336700 -1.839900 -4.020500 -85.814000 
0.016000 -0.998500 -1.039500 -0.466200 -1.396500 -3.011600 -1.799600 -1.178700 -1.532300 -6.614100 -11.456500 -244.545700 
0.018000 -0.408600 -0.352400 -2.433900 -1.673200 -4.278300 -1.906000 -1.695400 -2.125200 -14.669700 -1.343700 -266.750000 
0.020000 -0.441600 -1.834800 -1.778700 -0.439500 -2.526200 -4.465600 -2.476300 -1.731200 -4.292600 -18.447500 -304.286700 
0.022000 -0.895700 -0.450200 -0.885000 -1.364200 -1.760000 -2.633200 -4.341000 -1.115800 -1.309200 -6.166900 -198.052600 
0.024000 -1.645100 -0.935800 -1.472600 -1.958900 -2.664400 -2.517700 -7.637900 -7.251300 -2.501400 -8.291200 -190.065000 
0.026000 -0.979100 -1.638900 -0.405400 -0.761900 -6.519500 -2.634600 -4.963600 -4.865700 -1.762300 -17.611800 -223.056300 
0.028000 -1.159400 -1.327000 -0.189000 -3.703400 -2.208400 -3.142900 -0.599900 -5.506000 -2.621600 -4.804100 -331.133300 
0.030000 -0.912900 -2.308300 -1.554600 -1.225400 -1.985900 -0.582300 -4.294400 -5.197500 -6.087900 -0.879200 -441.706600 
0.032000 -2.102200 -0.854000 -1.406100 -1.230400 -1.169700 -2.512200 -1.938500 -5.303600 -4.771000 -1.113800 -304.955000 
0.034000 -0.953800 -1.857100 -1.230700 -0.697700 -1.638300 -1.407700 -0.869900 -2.206500 -1.911800 -7.954000 -261.294000 
0.036000 -0.556800 -1.268400 -0.466700 -1.273100 -2.398500 -1.411300 -1.580500 -1.081200 -2.316000 -10.264400 -139.349700 
0.038000 -1.112500 -1.040100 -1.883900 -1.722200 -4.429000 -0.374500 -3.631100 -2.326500 -3.727800 -13.405400 -337.997300 
0.040000 -0.589600 -0.607400 -2.226800 -0.893100 -4.448400 -0.941000 -3.915500 -3.282200 -4.837700 -12.272300 -328.240800 
0.042000 -0.783800 -0.716600 -0.627100 -1.805200 -1.929000 -1.792300 -0.965700 -2.264600 -2.221900 -5.129500 -412.726100 
0.044000 -1.218400 -0.693100 -1.340000 -1.031800 -2.654200 -0.684400 -4.349600 -1.107900 -2.441800 -1.905900 -435.544500 
0.046000 -1.477000 -0.995400 -1.282100 -2.883200 -1.600600 -3.785600 -0.784000 -3.903600 -4.471700 -2.062700 -463.556100 
0.048000 -4.112600 -0.711900 -3.439700 -0.418400 -3.478600 -2.271000 -2.179900 -3.224600 -5.961500 -6.980800 -490.437200 
0.050000 -1.517700 -1.378400 -3.149100 -1.459400 -4.298900 -4.159000 -1.191900 -2.142500 -0.593900 -0.817400 -327.477800 
0.052000 -0.676300 -2.565500 -1.005500 -1.411000 -2.052600 -0.626400 -0.338300 -4.833300 -1.116200 -3.176700 -376.953900 
0.054000 -1.644300 -1.123200 -1.440800 -0.381500 -2.398600 -3.618200 -1.555400 -2.136400 -1.240900 -5.979100 -479.692900 
0.056000 -1.287900 -0.712000 -2.832800 -2.264200 -1.682000 -2.368500 -2.175600 -2.386100 -4.521400 -4.969000 -372.598800 
0.058000 -0.709100 -1.111300 -1.490200 -1.181700 -2.700900 -0.898500 -0.933400 -3.553600 -15.212700 -5.101900 -562.742400 
0.060000 -1.994700 -1.749300 -1.654800 -1.370600 -2.025400 -1.469600 -6.946800 -1.902500 -7.857700 -1.785200 -310.832800 
0.062000 -0.976800 -2.585600 -0.782600 -1.266400 -2.488100 -1.217700 -2.898100 -2.369700 -4.743500 -2.962900 -350.270400 
0.064000 -1.181000 -1.688600 -0.774200 -4.517500 -3.294200 -2.018600 -1.067400 -2.928700 -8.014800 -1.672000 -323.183400 
0.066000 -3.671500 -1.814800 -0.639500 -2.346100 -1.210300 -1.351000 -2.236000 -2.942900 -6.297700 -5.297600 -178.787400 
0.068000 -0.604300 -1.937200 -5.314700 -0.201400 -2.412300 -2.868100 -0.504400 -1.608900 -0.908800 -5.790200 -282.255400 
0.070000 -0.709900 -1.653700 -3.492700 -1.070700 -2.289200 -1.963000 -2.422500 -1.239900 -3.858200 -5.890500 -357.999200 
0.072000 -1.577800 -2.251600 -1.589500 -1.182800 -1.505400 -3.324800 -4.553900 -2.524500 -3.703900 -7.101800 -430.654200 
0.074000 -2.141400 -1.031400 -3.562900 -2.532500 -1.000200 -0.653200 -4.626300 -4.285400 -2.262500 -0.814900 -698.329100 
0.076000 -0.771000 -2.980700 -2.038900 -0.631200 -0.610600 -2.955200 -2.796700 -2.547300 -4.730500 -2.243800 -481.896200 
0.078000 -2.146200 -0.920600 -1.570200 -2.169200 -0.761200 -4.136800 -4.094500 -1.014200 -13.931800 -10.557900 -505.891000 
0.080000 -0.793200 -1.249600 -0.595900 -1.859500 -2.527900 -1.908700 -1.008500 -5.046800 -10.865700 -12.553000 -748.836000 
0.082000 -0.667100 -1.272300 -1.311100 -1.712600 -1.042600 -3.992000 -4.018300 -10.696200 -8.233500 -5.399200 -537.073500 
0.084000 -1.134800 -2.277200 -0.527000 -0.801400 -1.648800 -2.478700 -1.848300 -3.247800 -6.468800 -2.231900 -529.231500 
0.086000 -1.211300 -0.947600 -3.390500 -2.872900 -5.046400 -0.996300 -1.170600 -2.244900 -3.883900 -1.006400 -596.566000 
0.088000 -1.159900 -4.738700 -0.601700 -1.174200 -1.395100 -2.186100 -1.918900 -1.183100 -4.298200 -1.142300 -525.896900 
0.090000 -1.134000 -0.324400 -0.053700 -1.439100 -3.588900 -1.360000 -5.462600 -1.515600 -7.802000 -1.755100 -574.816700 
0.092000 -1.308200 -1.549600 -1.187200 -1.973000 -3.523400 -4.403100 -8.740800 -1.288200 -4.688500 -2.409200 -667.082700 
0.094000 -1.152900 -0.851500 -3.241600 -1.638900 -2.826900 -4.538500 -2.377900 -5.727700 -7.433600 -8.345900 -710.961500 
0.096000 -1.277200 -1.310800 -2.075200 -1.457300 -3.534400 -1.504400 -1.727900 -3.990400 -5.665800 -2.749400 -591.665700 
0.098000 -2.425500 -1.778900 -0.341000 -0.749000 -3.868600 -3.533500 -2.478400 -1.003900 -7.432700 -2.823800 -696.649000 
0.100000 -2.678500 -0.892900 -2.543700 -3.692000 -0.749300 -1.434600 -2.844300 -1.894300 -9.365300 -14.006100 -770.379900 
0.102000 -3.372300 -0.577000 -0.756800 -2.786900 -2.521100 -2.675600 -2.634500 -3.966100 -8.311000 -1.894800 -679.392300 
0.104000 -3.035000 -1.440200 -0.755900 -1.208100 -2.130500 -0.825500 -2.184800 -1.043100 -5.463800 -5.870200 -595.951900 
0.106000 -1.391200 -0.240700 -1.063400 -2.481500 -1.090000 -0.424600 -3.768500 -3.140600 -1.609700 -12.057300 -379.625700 
0.108000 -0.407700 -0.727400 -1.978300 -0.992500 -0.703500 -1.374300 -2.060000 -4.558800 -9.259300 -4.719800 -336.684500 
0.110000 -2.125900 -1.905000 -0.718600 -2.907300 -2.486300 -2.101600 -1.019500 -0.884500 -5.689000 -2.203200 -410.238400 
0.112000 -1.889200 -0.316800 -1.432500 -0.559700 -2.068200 -1.410200 -1.605300 -4.459000 -4.606700 -6.348100 -510.499600 
0.114000 -1.735800 -0.680900 -1.832200 -0.378500 -3.537500 -1.585200 -2.732000 -1.881700 -6.136900 -13.015400 -448.205900 
0.116000 -0.721200 -0.371300 -0.846600 -1.729900 -2.370800 -1.612600 -1.787500 -5.459300 -3.210100 -1.048900 -465.265300 
0.118000 -3.064700 -0.783200 -1.377000 -0.783800 -2.767200 -3.843700 -4.115300 -5.740900 -2.647500 -3.365400 -537.061000 
0.120000 -1.965400 -2.040100 -1.529200 -1.507700 -1.539500 -0.741400 -2.963100 -4.525100 -4.290200 -7.305500 -529.803100 
0.122000 -2.045900 -0.611000 -1.281000 -0.365900 -1.238000 -1.657900 -4.604700 -0.851300 -3.413100 -6.571600 -319.871700 
0.124000 -2.833400 -0.579500 -0.411000 -2.404500 -3.162300 -1.089100 -2.583000 -0.761600 -4.643900 -13.237600 -506.634400 
0.126000 -2.581700 -0.468300 -3.419600 -2.370800 -0.942800 -0.916500 -1.549700 -5.546600 -6.620300 -2.411400 -519.181500 
0.128000 -3.695000 -0.695500 -1.255300 -0.958800 -0.886400 -1.155700 -1.675000 -1.750200 -21.976200 -1.485000 -507.845900 
0.130000 -1.010000 -1.907100 -2.504000 -0.584800 -2.504100 -2.266800 -3.916700 -3.207900 -7.380800 -0.275500 -566.025400 
0.132000 -3.027100 -1.929700 -0.881400 -0.674600 -1.718100 -2.017500 -1.384700 -2.492600 -7.261800 -3.546000 -451.908300 
0.134000 -1.176400 -2.911000 -1.002000 -4.397900 -2.974700 -1.022700 -0.809700 -3.073200 -4.738100 -4.928900 -489.997500 
0.136000 -1.514000 -2.959000 -2.305500 -2.176100 -3.079200 -1.091900 -2.205200 -3.122300 -7.600700 -5.746800 -467.300700 
0.138000 -2.048800 -0.972400 -3.400400 -2.610300 -2.619400 -3.160300 -2.166000 -1.965000 -4.026000 -1.047800 -573.400500 
0.140000 -1.998500 -0.585400 -2.591600 -1.615300 -1.831700 -4.154300 -1.969700 -5.900500 -9.734400 -1.550800 -708.171600 
0.142000 -1.618700 -0.135400 -1.453300 -2.963000 -3.007700 -1.692900 -4.043600 -1.322300 -7.324200 -2.803700 -472.609900 
0.144000 -1.265400 -1.277500 -1.417600 -1.305200 -0.737800 -2.645000 -1.834800 -0.599400 -5.175700 -1.764600 -417.667700 
0.146000 -1.850400 -0.665100 -1.102200 -0.707400 -1.555300 -3.980100 -1.461800 -5.648300 -9.011700 -4.041100 -468.819400 
0.148000 -0.362700 -1.395900 -1.313700 -2.318000 -3.696400 -2.104300 -1.633600 -0.729900 -4.297200 -2.852600 -425.464800 
0.150000 -0.303100 -0.192300 -1.344100 -2.752100 -0.920800 -1.216000 -1.716100 -0.960500 -9.347300 -1.230100 -457.525300 
0.152000 -0.677600 -2.845800 -1.352600 -2.315400 -1.775600 -1.892300 -1.794100 -3.119300 -7.904000 -4.246800 -345.401200 
0.154000 -0.788100 -0.218700 -1.378000 -2.268900 -1.972200 -2.974400 -0.829800 -6.935000 -5.364100 -5.841700 -511.291300 
0.156000 -1.638800 -0.623500 -1.171500 -1.847100 -3.175100 -4.279600 -1.516200 -2.580400 -1.557300 -3.036800 -480.093100 
0.158000 -1.160300 -1.004100 -1.884800 -2.130400 -1.902000 -2.372200 -1.008300 -1.944800 -6.911700 -6.484300 -481.192800 
0.160000 -0.434500 -1.419600 -5.322600 -1.265500 -0.415900 -0.668300 -3.214400 -1.875200 -4.094400 -5.019300 -396.585600 
0.162000 -0.439900 -1.694200 -1.320200 -0.720000 -1.440300 -0.868800 -2.520100 -1.404600 -4.717000 -3.807900 -357.267500 
0.164000 -1.187800 -0.789000 -1.001600 -1.453800 -2.387900 -1.873900 -3.062400 -0.758700 -8.641200 -3.205400 -376.015900 
0.166000 -1.411400 -1.029900 -2.314000 -1.029700 -2.011000 -1.289300 -3.437000 -2.272100 -0.393000 -3.488300 -464.338100 
0.168000 -1.300400 -0.900500 -1.190200 -1.058900 -1.905000 -1.266400 -1.441800 -4.025700 -3.288800 -1.313500 -573.459200 
0.170000 -1.125800 -0.438000 -1.063400 -1.241900 -1.685800 -2.121100 -1.144800 -2.659300 -0.408400 -0.410200 -448.758100 
0.172000 -1.173300 -1.531600 -1.261100 -1.777100 -2.930600 -1.074800 -2.286900 -4.772800 -1.547800 -0.901100 -526.077200 
0.174000 -1.168900 -1.007800 -0.996900 -1.136700 -1.389600 -3.840800 -7.467600 -1.348800 -2.176200 -2.507900 -508.489200 
0.176000 -1.537000 -0.563400 -0.787100 -0.709500 -4.430500 -0.539100 -2.073800 -2.451200 -3.208700 -1.552400 -484.638400 
0.178000 -0.890400 -3.046100 -1.551900 -2.435600 -1.147600 -2.110500 -2.806300 -1.829600 -5.281900 -3.849400 -326.062400 
0.180000 -1.767200 -0.652300 -0.739900 -0.465800 -1.142400 -2.135600 -1.792700 -1.948500 -3.472600 -2.040600 -307.021400 
0.182000 -1.429800 -0.975300 -1.078900 -2.759100 -1.250300 -2.325800 -3.002200 -1.866700 -7.722900 -7.328400 -492.244500 
0.184000 -1.054700 -0.685200 -1.323600 -1.013200 -1.148800 -1.165400 -1.739000 -3.774800 -4.983100 -3.102200 -510.234500 
0.186000 -1.639500 -0.731100 -1.399100 -3.046900 -1.007000 -0.809500 -1.720600 -2.898700 -0.821200 -12.762500 -505.153400 
0.188000 -1.761600 -0.984300 -2.880700 -1.767500 -1.889100 -0.900400 -1.358000 -2.603900 -3.087100 -1.068900 -533.201300 
0.190000 -0.482700 -0.809800 -2.028800 -1.863800 -0.570200 -2.013300 -1.436000 -3.244400 -2.706400 -4.355700 -602.869200 
0.192000 -2.759500 -1.642900 -1.273400 -1.232100 -2.442100 -1.039200 -1.541300 -4.104000 -3.031200 -8.673800 -579.028800 
0.194000 -2.831500 -1.501100 -1.963300 -1.805900 -1.719200 -2.529800 -1.456000 -2.458900 -5.663700 -4.952500 -498.166700 
0.196000 -1.229300 -1.085300 -2.316000 -1.359100 -0.516100 -3.886800 -1.269900 -1.037000 -10.760800 -4.159700 -653.685700 
0.198000 -0.822700 -2.509700 -1.301600 -2.370300 -2.385800 -4.772000 -0.742000 -0.389100 -2.325700 -5.508200 -602.607800 
0.200000 -2.919800 -1.415100 -1.988700 -1.073300 -0.107500 -2.120000 -1.829500 -1.166000 -1.660400 -6.802000 -717.635700 
0.202000 -2.839700 -0.843800 -1.203600 -2.183500 -2.897900 -0.626300 -1.083700 -2.004700 -3.756600 -3.223900 -683.957300 
0.204000 -1.134200 -0.310100 -1.233700 -1.126300 -2.073500 -0.297700 -3.995100 -2.975600 -6.161200 -1.237700 -680.735300 
0.206000 -0.740400 -1.061800 -1.473200 -0.426900 -0.679000 -1.004200 -1.306900 -0.726300 -1.843000 -11.958600 -593.861200 
0.208000 -1.110900 -1.330800 -0.525900 -3.762100 -1.005300 -5.554400 -3.689200 -0.980600 -2.234800 -18.260200 -481.240400 
0.210000 -0.838700 -0.867800 -0.784400 -2.063600 -2.517800 -3.819600 -2.747700 -9.558200 -3.759000 -9.069200 -539.094900 
0.212000 -1.523200 -0.906300 -1.364000 -0.815000 -2.448600 -2.344600 -4.589800 -2.963800 -4.112200 -9.773500 -490.786900 
0.214000 -1.348500 -1.375300 -1.446400 -1.277300 -2.250400 -1.664100 -3.974400 -1.160300 -3.906300 -21.890200 -488.034100 
0.216000 -1.021200 -3.793700 -1.305300 -1.651700 -3.665900 -0.838300 -4.900900 -0.983200 -3.417100 -2.346000 -393.418400 
0.218000 -1.901000 -0.680000 -3.501700 -0.958700 -1.404600 -1.113000 -2.526700 -2.831600 -0.809800 -5.670500 -601.259200 
0.220000 -1.321400 -1.897100 -1.685000 -1.922600 -2.353100 -4.458200 -5.758100 -2.649900 -4.446300 -16.489700 -644.032000 
0.222000 -1.010100 -2.320400 -0.892400 -0.555300 -4.352500 -0.841700 -1.990600 -1.324000 -2.812300 -11.690000 -485.299000 
0.224000 -0.749800 -0.353300 -2.063600 -2.486500 -2.237700 -2.628700 -3.008500 -2.480900 -17.914200 -9.862200 -353.584700 
0.226000 -0.726000 -1.070700 -2.196500 -3.248300 -1.086800 -2.045600 -2.633400 -2.119200 -2.069900 -5.553500 -342.033600 
0.228000 -1.245800 -0.804400 -2.712400 -1.738400 -0.943300 -3.897400 -0.940200 -4.909600 -4.839000 -17.447100 -394.476700 
0.230000 -1.309800 -1.783100 -0.785100 -1.654000 -4.397100 -1.809400 -0.649200 -2.929800 -1.579600 -5.874800 -330.834400 
0.232000 -1.062300 -1.125000 -1.550500 -4.327600 -1.278800 -1.036500 -1.098700 -1.157300 -3.212300 -7.120500 -333.873800 
0.234000 -0.982400 -1.219100 -1.359800 -1.773700 -3.958100 -2.148300 -3.484200 -3.774300 -4.208100 -3.730700 -337.554900 
0.236000 -0.667400 -1.282700 -1.611700 -1.704400 -1.781900 -1.042400 -1.336400 -1.865000 -3.399000 -2.161200 -338.377200 
0.238000 -0.703600 -1.723700 -1.924400 -1.672900 -2.991800 -0.562900 -1.474500 -3.235600 -3.915300 -6.590700 -296.752200 
0.240000 -1.221700 -0.399700 -2.179400 -1.986100 -2.438700 -1.811100 -6.003800 -3.429900 -3.533000 -4.093700 -361.554800 
0.242000 -1.613900 -0.720800 -2.931700 -0.621000 -1.351500 -2.126300 -0.952300 -3.314000 -11.684800 -2.606700 -331.875100 
0.244000 -0.779000 -1.372400 -0.439400 -0.332800 -0.916900 -0.692600 -1.202300 -4.684100 -4.306000 -3.101400 -225.537500 
0.246000 -0.811500 -2.945200 -0.911100 -1.156700 -1.307400 -2.377200 -1.828000 -0.909800 -1.665400 -5.325200 -378.418500 
0.248000 -0.992400 -1.108800 -1.502600 -1.611000 -0.484300 -1.594500 -1.451900 -1.657100 -1.753700 -3.987700 -368.843300 
0.250000 -1.487300 -3.211100 -0.633700 -1.816700 -2.485600 -0.930600 -2.673300 -4.183800 -1.071300 -3.260700 -380.408600 
0.252000 -0.496700 -1.035500 -0.458200 -1.110200 -1.779300 -0.813100 -2.925100 -0.626700 -3.337400 -3.956000 -365.496000 
0.254000 -3.768800 -2.848200 -3.001300 -2.241000 -2.982400 -1.257300 -2.294100 -0.632300 -1.406400 -1.572900 -398.520700 
0.256000 -1.658100 -1.843300 -0.986500 -0.171800 -0.597500 -2.274200 -2.272800 -2.129400 -2.027300 -3.026400 -356.597300 
0.258000 -1.895800 -0.849700 -3.057600 -0.472300 -1.891800 -5.676900 -1.822400 -1.662500 -3.836900 -7.946300 -401.971600 
0.260000 -1.112300 -1.805500 -1.312600 -0.859700 -1.178700 -2.715700 -2.069100 -2.106300 -5.292600 -3.438100 -434.919900 
0.262000 -2.249900 -1.392900 -1.098700 -1.545300 -0.595300 -0.233800 -1.615300 -1.101300 -4.559100 -19.310100 -336.020200 
0.264000 -1.780700 -1.483700 -1.392100 -2.232100 -1.426700 -2.142100 -1.669000 -6.273400 -2.010900 -5.543600 -329.820500 
0.266000 -2.018600 -2.517800 -2.837300 -1.050900 -2.465500 -1.853500 -0.931200 -8.979800 -4.449800 -7.826700 -332.404500 
0.268000 -1.257000 -0.737500 -1.987500 -0.634000 -2.303600 -2.584500 -2.389600 -2.855300 -0.855900 -18.637900 -408.781000 
0.270000 -1.343400 -1.281600 -1.298000 -2.003700 -0.735200 -1.372700 -3.102600 -5.207300 -0.668200 -3.666100 -303.931900 
0.272000 -0.986600 -1.592100 -1.145800 -0.772700 -0.810500 -0.621900 -2.175900 -2.318000 -6.070300 -5.462300 -340.353900 
0.274000 -1.137300 -0.328200 -0.267900 -1.174800 -1.603100 -2.759700 -2.966900 -1.267800 -5.297600 -6.426900 -362.026700 
0.276000 -0.596800 -0.886400 -1.501700 -0.822100 -1.219300 -1.151300 -0.975700 -6.124600 -5.543200 -2.265400 -450.781000 
0.278000 -1.034100 -0.949700 -1.246600 -0.286100 -2.131700 -2.314600 -1.937800 -4.986800 -1.175200 -5.274300 -447.127300 
0.280000 -0.925900 -1.254700 -2.782100 -1.138700 -0.961000 -3.051100 -0.829700 -5.463600 -1.480900 -1.393800 -446.612100 
0.282000 -1.132300 -1.631600 -1.825400 -1.507300 -3.583000 -2.421500 -0.283300 -4.657100 -0.949600 -3.235100 -502.908800 
0.284000 -1.370600 -0.295000 -1.259900 -1.075900 -3.343000 -3.337100 -5.246300 -5.169200 -3.067100 -3.953400 -301.399800 
0.286000 -0.852100 -1.803000 -1.214600 -2.416300 -1.614400 -1.118200 -1.352900 -1.996200 -3.420800 -14.282900 -345.277100 
0.288000 -1.766200 -0.994300 -1.773500 -2.097200 -4.317000 -0.944100 -5.951600 -2.754000 -5.371800 -1.530100 -379.566100 
0.290000 -2.301900 -0.307200 -2.534700 -3.422400 -2.020300 -0.569400 -1.552100 -8.031000 -6.946300 -8.892400 -340.065100 
0.292000 -3.315600 -3.405500 -0.498100 -2.403600 -1.938700 -3.928900 -1.434100 -2.459500 -3.505300 -14.410900 -442.582900 
0.294000 -1.478800 -1.748100 -4.475100 -0.764500 -2.613600 -3.303500 -0.998900 -2.192600 -3.744800 -6.605300 -330.046900 
0.296000 -2.391400 -2.016900 -1.292700 -1.282200 -3.369200 -2.576600 -1.112000 -1.540700 -2.360000 -10.182200 -387.885100 
0.298000 -1.278200 -1.452100 -2.073300 -0.508900 -1.977400 -2.394900 -4.143000 -3.194800 -3.719400 -16.334200 -449.774900 
0.300000 -1.040400 -1.033400 -3.322100 -1.170600 -3.730400 -0.533800 -2.146300 -4.360800 -3.851600 -10.054500 -455.347000 
0.302000 -0.769300 -1.613100 -1.094900 -1.511900 -0.385900 -1.665200 -1.528200 -4.288100 -7.776400 -11.633500 -503.206500 
0.304000 -0.799700 -0.298900 -2.301800 -0.745200 -2.237900 -5.021200 -0.956800 -2.008200 -4.394500 -2.409400 -427.636400 
0.306000 -1.119300 -0.353000 -0.255300 -1.026800 -3.358800 -1.898200 -1.888200 -4.497600 -2.935300 -5.097800 -331.975900 
0.308000 -0.349100 -1.510700 -3.346600 -1.716000 -1.106000 -1.668400 -2.788500 -2.848000 -11.009700 -4.309000 -264.312500 
0.310000 -1.619100 -3.298300 -2.174800 -3.703300 -1.174900 -3.731200 -0.468000 -4.564800 -9.916900 -1.336000 -494.173100 
0.312000 -0.406800 -0.470900 -2.631200 -0.440200 -2.794300 -2.465600 -6.477700 -1.607000 -5.178800 -3.233800 -425.747300 
0.314000 -1.395800 -1.477800 -3.425000 -1.103500 -2.792800 -2.835800 -0.471600 -3.264600 -0.977900 -2.352300 -298.154800 
0.316000 -2.782300 -3.727700 -1.356200 -4.351200 -1.713700 -0.947700 -10.058200 -3.570700 -0.456300 -3.447700 -294.292400 
0.318000 -1.531700 -0.677500 -1.410800 -1.273800 -0.640500 -3.234200 -3.520000 -3.026600 -3.834100 -4.801200 -317.639600 
0.320000 -0.376700 -0.952100 -1.696800 -1.146100 -0.675000 -1.830400 -0.350100 -8.413900 -1.981200 -3.066200 -291.133700 
0.322000 -1.008600 -0.307800 -2.447400 -1.315400 -2.612100 -1.984200 -0.992500 -2.229500 -1.464200 -2.480900 -348.945800 
0.324000 -4.397300 -1.874600 -0.799400 -3.242200 -1.773500 -1.606200 -1.249200 -2.099800 -4.347500 -6.354300 -354.934300 
0.326000 -2.108100 -1.412200 -4.813100 -0.663500 -1.279900 -2.813000 -2.174700 -5.710700 -6.102400 -19.980900 -303.386500 
0.328000 -1.134100 -0.966600 -4.230400 -2.075200 -0.631200 -2.597000 -4.885800 -1.885600 -5.238600 -6.136100 -411.357800 
0.330000 -0.872600 -0.868800 -2.077200 -0.138800 -2.631700 -1.163300 -3.138300 -0.692900 -4.853900 -4.744300 -387.119200 
0.332000 -1.752900 -0.427700 -1.945800 -1.240200 -3.808600 -0.905600 -0.856200 -6.105400 -13.417600 -20.796900 -526.981900 
0.334000 -0.430800 -1.437900 -2.123400 -2.000500 -1.623400 -2.933400 -0.693200 -3.512200 -5.278000 -2.808400 -904.689100 
0.336000 -0.789200 -0.879100 -1.544400 -2.711400 -4.933100 -1.768600 -2.328200 -4.344700 -8.908500 -5.654100 -698.681900 
0.338000 -0.170400 -1.737700 -1.932400 -0.759200 -1.378500 -2.460100 -2.017600 -3.028700 -3.159100 -3.130400 -555.961700 
0.340000 -0.757400 -0.413600 -4.259400 -1.307100 -0.824100 -2.089400 -1.453400 -1.062800 -7.931900 -4.690100 -647.488800 
0.342000 -1.532500 -2.195500 -2.762700 -3.092700 -0.519000 -0.530000 -0.351200 -3.951000 -6.807600 -5.868100 -539.454200 
0.344000 -1.813900 -1.215700 -0.864500 -0.860800 -1.055200 -1.076700 -2.454100 -1.635300 -5.554900 -5.284000 -381.289400 
0.346000 -1.472700 -0.655500 -2.586600 -0.769300 -2.685200 -0.680600 -0.514100 -3.217600 -2.770000 -1.538200 -495.413100 
0.348000 -1.787500 -1.096300 -1.940400 -1.353700 -2.580400 -1.636000 -0.807700 -2.731200 -2.343300 -4.364600 -563.267200 
0.350000 -1.206200 -1.491800 -4.532700 -1.956600 -0.827700 -1.423600 -3.418700 -0.558600 -3.537000 -5.827600 -677.805400 
0.352000 -1.267400 -1.660700 -1.587400 -1.562500 -1.070500 -0.591800 -2.779200 -2.103100 -7.359600 -2.930200 -650.234500 
0.354000 -1.368900 -2.572800 -1.059300 -1.476400 -3.058100 -2.977600 -3.145600 -0.570800 -2.390000 -7.843300 -589.288500 
0.356000 -1.852000 -1.176500 -2.250100 -1.825700 -0.800100 -2.959900 -1.567600 -5.970900 -7.504500 -4.293200 -461.894400 
0.358000 -1.226500 -1.304600 -1.326300 -1.113600 -1.477200 -1.797100 -0.513300 -2.127800 -2.531100 -17.023500 -446.110000 
0.360000 -2.199900 -0.103500 -1.048700 -1.157200 -1.269100 -2.319600 -5.089400 -3.632100 -8.829300 -11.406800 -493.454600 
0.362000 -1.806200 -2.303500 -1.449600 -2.348900 -5.093000 -2.561400 -3.035900 -2.586400 -2.430900 -18.087100 -421.536000 
0.364000 -1.529200 -1.012900 -1.255900 -0.402100 -1.452100 -2.774000 -5.804600 -2.148600 -1.224100 -3.989500 -401.525700 
0.366000 -2.471900 -1.703800 -2.727300 -1.985200 -0.574600 -4.099800 -3.036900 -3.425500 -0.944100 -8.405400 -435.276800 
0.368000 -0.906200 -1.451900 -2.735100 -1.098400 -0.703600 -2.194300 -7.546000 -1.589700 -2.433200 -2.917600 -484.998300 
0.370000 -1.328700 -1.826000 -3.557300 -0.863200 -0.849300 -1.828400 -1.502700 -3.256500 -0.380300 -0.198800 -480.153100 
0.372000 -0.818400 -2.067800 -2.238100 -2.406700 -1.221600 -3.764400 -1.253400 -2.592200 -2.356700 -1.786100 -666.758800 
0.374000 -1.973400 -0.446400 -1.025100 -2.692900 -0.918800 -2.198800 -1.974500 -1.281100 -0.913000 -5.468500 -742.091800 
0.376000 -1.802400 -0.697900 -0.525000 -2.858000 -0.479800 -0.731500 -3.742900 -2.153200 -7.597200 -3.617700 -693.519600 
0.378000 -1.694200 -3.117500 -0.642800 -1.363900 -1.320000 -4.137700 -3.879400 -1.870200 -4.217900 -3.707700 -387.819200 
0.380000 -3.366700 -1.118500 -2.879200 -1.955500 -0.785300 -3.705600 -3.477800 -2.132800 -2.552700 -0.790700 -369.540700 
0.382000 -2.147800 -0.891000 -1.329600 -1.185200 -1.004200 -1.518100 -2.640400 -1.465500 -4.559200 -0.883500 -595.349500 
0.384000 -1.800000 -2.028100 -2.942600 -0.273100 -1.354400 -0.886900 -2.234100 -2.969300 -1.664400 -7.043200 -687.552400 
0.386000 -3.249800 -1.003400 -1.579900 -2.390200 -3.681600 -7.520900 -5.096700 -1.982000 -1.254100 -3.473400 -435.771200 
0.388000 -1.419000 -0.680100 -1.738500 -4.091000 -3.047600 -1.715400 -2.170300 -1.882700 -5.723200 -1.404100 -493.653300 
0.390000 -1.067200 -2.511700 -0.998200 -2.830500 -1.379800 -4.171400 -1.294100 -3.036600 -2.142200 -5.839200 -357.069100 
0.392000 -0.959700 -1.476300 -1.557200 -2.411800 -1.161500 -5.562100 -5.727400 -2.771800 -2.277200 -3.295700 -443.540300 
0.394000 -2.204300 -1.054400 -0.871400 -0.676900 -2.589600 -1.707200 -4.849900 -1.799000 -2.097200 -5.375500 -325.482200 
0.396000 -0.781100 -1.303000 -2.112800 -1.597200 -1.149400 -2.301100 -1.870900 -8.048500 -6.621500 -2.240800 -219.391300 
0.398000 -1.457800 -3.186600 -4.118000 -1.203400 -0.936500 -4.948600 -1.506900 -1.629100 -13.243500 -1.166900 -162.796700 
0.400000 -0.791500 -3.683300 -1.218000 -1.460800 -2.305200 -1.098800 -4.674100 -1.430800 -3.537400 -1.094300 -210.578900 
0.402000 -0.493900 -0.136900 -2.356800 -3.633400 -1.082000 -2.117900 -1.922700 -3.586300 -6.333400 -9.726400 -226.104700 
0.404000 -1.310100 -1.123800 -3.014900 -1.775000 -0.233400 -0.973400 -0.929100 -0.515000 -6.639000 -9.485300 -250.274500 
0.406000 -2.117400 -0.999600 -0.431400 -2.156100 -0.612600 -2.805700 -5.693000 -1.160800 -4.960200 -0.659800 -251.008600 
0.408000 -1.787800 -1.417900 -1.883000 -2.024100 -0.993800 -0.733700 -2.814700 -1.532700 -5.882700 -8.606800 -314.578400 
0.410000 -0.850000 -1.070300 -0.973400 -1.724600 -5.439900 -1.677300 -2.818600 -0.993100 -3.498000 -4.347800 -252.988100 
0.412000 -1.963400 -0.353400 -2.566900 -0.999700 -2.128500 -0.676800 -0.462400 -2.959600 -5.504400 -3.457600 -296.088700 
0.414000 -0.523900 -1.378800 -1.303900 -1.295300 -1.376100 -1.688100 -2.326300 -1.632200 -3.677400 -4.151300 -347.659100 
0.416000 -0.694800 -1.459900 -2.057300 -1.008200 -0.646900 -3.253300 -2.948300 -1.386500 -6.090300 -1.781400 -413.144100 
0.418000 -0.403400 -0.552800 -1.583800 -4.141600 -4.252500 -1.904800 -1.865800 -6.806800 -4.559500 -3.192500 -305.065600 
0.420000 -2.200400 -1.527000 -1.393400 -1.097300 -1.762600 -2.253900 -2.115400 -4.791700 -5.764900 -5.214600 -331.813800 
0.422000 -0.591700 -0.805500 -2.530400 -1.048700 -1.200300 -1.174200 -2.580700 -1.927200 -3.582100 -4.469800 -194.998400 
0.424000 -0.255200 -3.083100 -2.164100 -1.350400 -1.610500 -1.098900 -0.931300 -2.269900 -3.360100 -6.644300 -191.115900 
0.426000 -1.571400 -1.316300 -1.864600 -2.188200 -1.445700 -1.139500 -2.256700 -2.522000 -3.306300 -1.478400 -252.218400 
0.428000 -1.895600 -2.373700 -3.402000 -1.085300 -2.549600 -2.596300 -2.160600 -3.741000 -13.118900 -7.738000 -367.821700 
0.430000 -1.074800 -1.128000 -1.550100 -2.076100 -2.731200 -1.613000 -1.639200 -1.916500 -5.136400 -7.381600 -325.010500 
0.432000 -0.196400 -1.831200 -1.354300 -1.198900 -1.343000 -1.312500 -5.217300 -2.097600 -2.211700 -3.216300 -315.170800 
0.434000 -1.156900 -1.537700 -1.884300 -0.565800 -3.498500 -4.295700 -1.790600 -4.950900 -1.771700 -5.898800 -477.066800 
0.436000 -1.008000 -2.074500 -1.517900 -2.990000 -0.960700 -0.590600 -1.022900 -0.983300 -3.050100 -4.853600 -322.360900 
0.438000 -1.780700 -1.024800 -2.686900 -1.874600 -1.353900 -4.155900 -1.220100 -8.586600 -6.799300 -4.165100 -741.361100 
0.440000 -1.131500 -0.857800 -1.719500 -0.671500 -0.690500 -2.658800 -2.997300 -3.359200 -9.143000 -7.799800 -791.390900 
0.442000 -1.174000 -0.599000 -1.808700 -2.742500 -0.840100 -4.539400 -1.610300 -2.584200 -8.939800 -5.781600 -545.747300 
0.444000 -0.911400 -1.691500 -1.169500 -0.755500 -0.474400 -4.532500 -4.379200 -4.421600 -6.474700 -9.926500 -511.960400 
0.446000 -1.155600 -0.702300 -1.294700 -1.058400 -0.558000 -2.639300 -2.167800 -2.329100 -3.993500 -6.807300 -359.644400 
0.448000 -1.881200 -1.965000 -2.026500 -3.108900 -1.759800 -1.386700 -3.818600 -0.722700 -1.935600 -6.756500 -351.327500 
0.450000 -0.686500 -1.369300 -0.755600 -2.628300 -2.381900 -3.340100 -2.200800 -3.590900 -2.404300 -4.047000 -351.373300 
0.452000 -2.798000 -0.595800 -2.414000 -0.906500 -1.582400 -1.505000 -5.380600 -3.803200 -0.881700 -7.023400 -325.777600 
0.454000 -0.727000 -1.527000 -2.022500 -1.765500 -1.078400 -2.158100 -1.827700 -2.470000 -4.599700 -2.038600 -232.060500 
0.456000 -1.098500 -0.806900 -1.820200 -0.983100 -0.896900 -1.371000 -3.741900 -1.099100 -3.968600 -4.397400 -322.814900 
0.458000 -2.829500 -0.596800 -1.426200 -2.283500 -1.160900 -1.798800 -3.036400 -6.027800 -6.176700 -7.096400 -392.213100 
0.460000 -0.874500 -0.409800 -2.521400 -0.224600 -3.911600 -2.571500 -2.000600 -1.979800 -6.146500 -7.780900 -388.187600 
0.462000 -1.801700 -1.507600 -0.937700 -1.509200 -1.646700 -0.639900 -3.534700 -2.045300 -2.662800 -5.535000 -388.655900 
0.464000 -2.681600 -3.000100 -1.783400 -0.443400 -1.559100 -1.095500 -0.421500 -1.994900 -1.809900 -1.957400 -520.240100 
0.466000 -1.227300 -2.157000 -1.214100 -1.590500 -0.488200 -1.228900 -0.662100 -3.132800 -5.797000 -7.071700 -594.386600 
0.468000 -3.124600 -1.917200 -1.548300 -2.122900 -1.480300 -2.180200 -0.798800 -3.621200 -2.726800 -6.586500 -578.179600 
0.470000 -1.481500 -1.298200 -2.031600 -0.935500 -3.415700 -1.845000 -1.781100 -2.613900 -4.705200 -4.252500 -604.285400 
0.472000 -0.491700 -3.688500 -1.701900 -2.547100 -1.668500 -1.334500 -2.474200 -2.749700 -3.649400 -8.146600 -746.881300 
0.474000 -2.662500 -1.061500 -2.215500 -1.318300 -4.559300 -2.825600 -0.828900 -2.627400 -2.160500 -4.735000 -777.941500 
0.476000 -2.814600 -0.297400 -0.416900 -2.190500 -4.657600 -1.453300 -1.109100 -1.815300 -5.067300 -6.327700 -834.796000 
0.478000 -0.777000 -2.226000 -1.618500 -2.494900 -1.327700 -1.298600 -1.605700 -1.303200 -3.306000 -12.949800 -600.836500 
0.480000 -1.455000 -4.211800 -1.208000 -0.777000 -2.069000 -1.095800 -4.016100 -3.770100 -16.412400 -0.894400 -706.972400 
0.482000 -1.174900 -0.925700 -2.374400 -0.537600 -0.939800 -1.612200 -3.033600 -3.057300 -4.063700 -2.113400 -680.476500 
0.484000 -0.324200 -0.867700 -2.663900 -1.270900 -2.774500 -2.454100 -2.241100 -1.482900 -3.116800 -20.028500 -749.980700 
0.486000 -1.077100 -0.605600 -1.697500 -1.575800 -0.267900 -0.837700 -2.811900 -2.068600 -3.737400 -5.003800 -636.981000 
0.488000 -1.335000 -1.545400 -1.371100 -1.553900 -4.406700 -1.657800 -0.908800 -0.842900 -3.447700 -4.276600 -880.685700 
0.490000 -1.403600 -1.161100 -1.022400 -1.884600 -0.688700 -3.665300 -3.237100 -1.078300 -6.730600 -9.237600 -1057.642100 
0.492000 -0.934600 -1.313300 -2.454400 -3.981200 -1.908900 -3.642100 -3.781400 -1.502900 -4.321700 -8.757200 -1479.954900 
0.494000 -1.305700 -0.882700 -3.094200 -2.541200 -1.812600 -3.505600 -1.677800 -2.591300 -5.953800 -6.361400 -1072.743900 
0.496000 -1.649700 -1.849500 -0.775400 -1.229300 -2.104900 -3.519000 -3.160000 -3.985500 -8.393600 -6.089300 -1083.659800 
0.498000 -0.656600 -3.584000 -0.741500 -1.097000 -2.288700 -1.677700 -1.756300 -3.997400 -1.425800 -5.551900 -968.661000 
0.500000 -0.941800 -1.805800 -1.160400 -1.443200 -1.803500 -0.780400 -2.194600 -4.578000 -1.764400 -4.115100 -811.410800 
0.502000 -0.928800 -1.716900 -2.591200 -1.903200 -1.202000 -1.340300 -0.737300 -1.394600 -4.059800 -15.548800 -900.581300 
0.504000 -0.643900 -1.436500 -2.070200 -3.615200 -2.089700 -1.580700 -4.012100 -1.982900 -3.282100 -6.332300 -1106.793000 
0.506000 -0.964800 -0.863600 -1.976900 -0.732100 -0.449000 -1.217200 -2.165200 -2.624000 -1.887600 -8.267200 -1124.519500 
0.508000 -0.691000 -2.168700 -1.487800 -2.594200 -1.467400 -4.390400 -4.433300 -3.563100 -9.724000 -3.475400 -1068.282600 
0.510000 -3.830800 -2.123600 -2.533700 -1.900200 -0.832500 -1.408400 -0.924200 -3.177300 -12.820200 -2.822100 -1212.056400 
0.512000 -0.747900 -1.198800 -1.685400 -1.664800 -0.521900 -2.124400 -1.406400 -3.510400 -5.724200 -3.514600 -952.953500 
0.514000 -0.586800 -3.872500 -4.166600 -1.105700 -1.376500 -0.765600 -1.550100 -1.800000 -3.883500 -1.496300 -1174.916400 
0.516000 -1.406100 -2.249600 -1.026100 -2.646100 -0.716300 -1.431400 -0.797000 -4.758900 -2.717600 -5.926800 -1391.484800 
0.518000 -0.514500 -2.964500 -3.360500 -1.256500 -0.443900 -2.257900 -0.413200 -2.056300 -2.837200 -3.188800 -1335.647500 
0.520000 -0.687700 -1.489300 -0.934900 -0.627100 -2.538900 -0.927800 -0.941400 -1.627900 -6.882900 -1.742000 -1261.962400 
0.522000 -0.126800 -2.002100 -1.733200 -1.179700 -2.745600 -2.315400 -1.603800 -1.526600 -12.015400 -4.715400 -1129.255700 
0.524000 -1.601700 -2.090400 -1.271800 -0.970300 -4.251900 -2.915800 -3.229300 -4.963800 -4.227900 -3.835800 -1028.606600 
0.526000 -2.231000 -0.923200 -1.442900 -0.702900 -1.699600 -2.754100 -1.328600 -2.559000 -4.100000 -3.411000 -1428.140700 
0.528000 -0.679400 -1.914900 -1.298000 -1.120900 -1.911400 -4.156200 -4.788400 -7.847000 -5.472000 -7.330000 -1048.637200 
0.530000 -1.179600 -2.221500 -0.451500 -1.631700 -2.979500 -4.207400 -1.187200 -2.392400 -3.360800 -1.423500 -1247.141300 
0.532000 -1.083700 -0.411600 -0.622100 -4.710300 -1.893900 -0.783700 -3.648700 -1.093700 -1.978200 -7.282900 -1126.617800 
0.534000 -1.202800 -1.379200 -0.904700 -2.182500 -1.719500 -1.100900 -5.199500 -3.854300 -1.106800 -2.832400 -1302.977600 
0.536000 -0.484700 -3.824500 -0.910200 -4.057400 -1.318800 -2.978000 -2.735000 -7.938900 -4.492600 -8.200400 -1250.859100 
0.538000 -1.176400 -4.491200 -1.163300 -5.688800 -2.636200 -4.404700 -3.216100 -3.106000 -2.593500 -7.189200 -1155.910900 
0.540000 -0.645500 -0.994100 -0.951300 -1.843300 -1.085700 -1.153000 -1.120200 -2.773500 -2.867400 -4.956200 -1123.491800 
0.542000 -1.987900 -1.344200 -1.640400 -1.169500 -0.878900 -4.420800 -1.774100 -5.784400 -4.170100 -1.997100 -1019.825900 
0.544000 -0.228500 -2.204500 -2.428400 -1.464300 -0.889500 -0.296000 -1.340900 -3.938200 -6.764400 -1.160000 -882.282700 
0.546000 -1.243500 -1.687200 -1.076200 -2.932900 -1.650500 -1.983000 -7.007900 -4.986600 -1.710500 -5.344400 -847.245400 
0.548000 -1.074200 -1.736300 -3.370000 -2.095000 -1.265400 -1.277500 -3.523100 -3.915700 -0.980700 -6.802700 -959.720700 
0.550000 -1.276700 -2.852100 -3.172800 -2.158000 -4.613900 -3.729100 -4.363900 -2.915500 -2.282700 -7.938500 -1145.023800 
0.552000 -1.900100 -0.554400 -0.934100 -0.397700 -0.700500 -2.080800 -1.083200 -1.981700 -1.929700 -3.488700 -981.527600 
0.554000 -1.974700 -1.608800 -1.461300 -1.116300 -0.662800 -0.789700 -3.589300 -2.723300 -2.330800 -5.485200 -1193.528000 
0.556000 -1.469000 -1.639000 -1.183300 -0.755200 -0.894700 -0.927100 -7.096000 -4.283100 -13.733000 -9.636100 -1260.519500 
0.558000 -1.130200 -0.612500 -1.796100 -4.076600 -0.693700 -1.606000 -3.992700 -2.969500 -4.056800 -7.088800 -1096.909300 
0.560000 -0.555000 -1.356900 -3.368800 -1.631800 -0.470500 -2.997500 -0.892700 -9.145800 -2.628700 -3.608900 -973.835000 
0.562000 -0.770200 -0.911900 -1.255000 -1.348300 -1.475300 -1.421700 -2.155000 -2.683200 -3.413800 -6.960000 -1207.987200 
0.564000 -0.432800 -1.881300 -2.530300 -1.338900 -0.682400 -2.581600 -0.971600 -2.083900 -2.488900 -2.454700 -1616.098600 
0.566000 -1.543900 -0.480500 -1.762700 -2.303900 -1.006900 -1.939900 -2.694400 -4.698000 -2.790900 -5.811500 -1169.487100 
0.568000 -1.013700 -0.696500 -1.621300 -1.759100 -3.043200 -0.058700 -1.159500 -1.673600 -2.474900 -8.611100 -1119.618600 
0.570000 -1.546600 -2.233700 -1.002500 -1.496100 -1.411400 -1.674000 -3.782000 -1.859600 -1.840700 -1.693700 -1032.085700 
0.572000 -0.508500 -2.357700 -0.840900 -1.431500 -4.226600 -1.393200 -2.118600 -3.215200 -3.336700 -9.206200 -1101.039500 
0.574000 -1.434100 -0.686100 -2.411400 -0.921700 -2.327200 -2.415800 -1.677600 -1.573800 -5.477800 -8.902300 -1318.983400 
0.576000 -0.899500 -1.558000 -1.821100 -2.093200 -0.868900 -1.080300 -0.910100 -2.322100 -6.871300 -3.576100 -1335.014900 
0.578000 -0.649600 -1.959500 -0.249700 -0.927500 -0.855700 -5.566700 -2.703300 -3.425200 -2.767000 -6.031900 -1513.190000 
0.580000 -0.891900 -2.820600 -1.025600 -2.379300 -2.456100 -3.164300 -3.502700 -1.127900 -3.430000 -4.428600 -1596.897100 
0.582000 -1.056400 -0.936300 -0.720600 -2.005200 -0.477800 -3.259000 -1.561000 -3.226400 -1.461400 -3.473200 -1350.310700 
0.584000 -0.512100 -2.095100 -0.689100 -1.136000 -1.935300 -2.242400 -1.115100 -2.312300 -2.617600 -6.499900 -1626.976900 
0.586000 -1.323300 -1.492700 -0.521400 -1.444800 -2.057800 -2.893900 -1.265700 -1.960800 -0.945000 -8.763000 -2326.360900 
0.588000 -1.517700 -1.535900 -0.938900 -0.680400 -3.523500 -2.052800 -0.562800 -2.105800 -4.583000 -6.953900 -2116.169200 
0.590000 -0.596200 -1.513800 -0.397200 -0.823400 -2.384300 -0.552500 -1.455300 -1.163300 -4.013400 -11.156200 -2192.220600 
0.592000 -1.531700 -0.921600 -0.829700 -1.205100 -0.990400 -1.430800 -1.170700 -2.793200 -4.728900 -6.527100 -1770.220500 
0.594000 -0.791900 -2.057400 -0.795400 -1.516600 -1.199000 -2.413500 -0.996000 -2.501900 -9.087100 -3.207800 -2143.122200 
0.596000 -0.750900 -2.217000 -0.667600 -0.739200 -0.919900 -1.723700 -0.237600 -0.548000 -6.185000 -13.655300 -1994.205900 
0.598000 -0.268700 -0.999800 -0.506600 -3.202400 -1.370300 -4.658700 -1.895400 -3.224000 -1.721100 -6.221100 -1879.511000 
0.600000 -1.292300 -2.897200 -0.692200 -2.094100 -2.630000 -1.939400 -0.244400 -4.588100 -1.533900 -8.322100 -2009.776200 
0.602000 -0.092500 -1.457000 -1.697000 -3.314400 -1.979100 -1.006300 -1.670500 -3.070900 -6.476500 -5.808500 -2556.889400 
0.604000 -1.393500 -1.158100 -0.787300 -3.517600 -2.389100 -3.062500 -1.849600 -2.135400 -3.846200 -3.967000 -2608.789500 
0.606000 -1.083600 -1.358200 -0.734000 -1.341100 -1.982900 -0.835100 -1.169900 -2.346200 -2.303900 -3.455100 -3106.504800 
0.608000 -1.096200 -1.796100 -2.583600 -2.335600 -2.763200 -1.452000 -0.526400 -1.874400 -2.186000 -0.838000 -3272.449300 
0.610000 -0.838700 -2.127300 -1.307100 -0.764200 -2.821200 -3.013800 -2.467400 -0.719000 -3.450100 -4.427800 -3394.109300 
0.612000 -1.485200 -2.471500 -1.956000 -1.464800 -0.985800 -1.726600 -1.397100 -0.827700 -3.561800 -1.203200 -3177.960700 
0.614000 -1.708000 -1.520700 -1.759900 -2.681200 -1.047700 -2.353000 -1.329900 -1.470700 -1.541900 -2.940600 -3103.308100 
0.616000 -0.744200 -1.784100 -1.126300 -3.552400 -1.913900 -2.668000 -1.093500 -1.598900 -4.517700 -1.801400 -3257.779400 
0.618000 -1.850700 -2.231900 -1.277300 -1.276400 -1.940600 -2.130200 -2.057200 -3.739000 -5.836000 -5.584500 -3661.289500 
0.620000 -0.410400 -1.393300 -1.876900 -1.876700 -1.894900 -1.901400 -5.450000 -1.536100 -1.473600 -9.501000 -3504.946000 
0.622000 -0.806100 -2.585100 -0.934800 -1.503700 -0.864200 -2.475100 -2.222400 -0.868700 -7.411100 -4.313000 -3777.299900 
0.624000 -1.564500 -1.931800 -0.768600 -1.346100 -1.261300 -2.614500 -0.720700 -0.715100 -4.911900 -1.877100 -3296.211900 
0.626000 -1.013500 -2.575200 -1.208200 -0.896000 -1.743300 -0.674000 -2.539300 -1.739400 -3.341200 -4.062400 -3133.280400 
0.628000 -0.576800 -1.045200 -3.679600 -1.104700 -1.383700 -1.653300 -1.846800 -1.188900 -4.169500 -8.351800 -3582.025000 
0.630000 -1.768900 -3.432100 -2.436900 -0.820000 -0.266500 -1.325700 -0.861400 -0.839600 -0.396700 -4.969200 -3559.350300 
0.632000 -1.985000 -1.344700 -2.290600 -1.582600 -0.431000 -3.339900 -1.187700 -5.907000 -4.503100 -5.271300 -3564.725400 
0.634000 -2.615100 -0.953000 -1.830600 -1.279200 -1.092700 -4.276400 -1.335000 -2.627400 -1.481600 -1.306600 -2977.820600 
0.636000 -1.404300 -2.650700 -1.746100 -0.629300 -2.378000 -3.620700 -2.434100 -2.024800 -3.504400 -1.029100 -4054.633500 
0.638000 -1.695300 -1.180700 -2.477100 -3.747400 -2.768400 -3.867100 -6.018800 -5.794000 -6.641700 -1.976900 -3742.478300 
0.640000 -0.768400 -1.899100 -2.351400 -0.802800 -2.559000 -2.627500 -0.600100 -8.337900 -5.222000 -2.228500 -3546.143400 
0.642000 -0.449500 -0.642400 -1.456800 -1.735600 -1.657200 -2.041500 -1.828700 -1.670000 -2.047300 -9.157500 -4222.298000 
0.644000 -1.627000 -1.653700 -0.887800 -3.297500 -0.833200 -4.627400 -2.007900 -0.840900 -9.359700 -5.782000 -4175.372700 
0.646000 -1.071500 -2.133600 -0.960300 -2.971700 -1.372800 -1.789100 -1.109700 -1.645800 -4.804600 -2.666700 -4793.978500 
0.648000 -1.077200 -1.470800 -0.870600 -0.947000 -2.452600 -2.609100 -2.821600 -1.925000 -3.749700 -13.309300 -4942.239900 
0.650000 -1.587800 -0.927700 -1.330100 -1.348300 -3.043700 -0.537700 -1.401200 -1.255700 -2.979800 -4.523100 -5214.952300 
0.652000 -1.251000 -0.936500 -2.437500 -1.197900 -2.782400 -1.679800 -5.020600 -3.000100 -2.758200 -2.488000 -5400.633100 
0.654000 -1.099500 -1.433500 -1.383400 -1.412800 -2.466100 -1.413000 -4.697300 -0.849500 -2.173200 -1.971600 -4806.490400 
0.656000 -0.701300 -2.155900 -3.006600 -1.932900 -0.942300 -1.208600 -2.629700 -1.116500 -1.413900 -2.399500 -4816.718900 
0.658000 -1.207200 -1.943900 -0.423800 -3.187300 -3.045100 -5.157400 -2.544100 -2.496600 -2.840000 -5.025500 -5028.155100 
0.660000 -3.350800 -1.985400 -0.563300 -1.689100 -0.092000 -4.142800 -3.072900 -1.589000 -2.245300 -6.908000 -6427.707600 
0.662000 -0.545100 -0.638100 -1.422400 -0.933200 -1.636800 -2.116400 -2.942500 -3.780600 -5.918200 -3.132400 -6027.543700 
0.664000 -1.827400 -0.970100 -4.543600 -2.212200 -1.211900 -0.411700 -1.772500 -4.459900 -3.851000 -3.940900 -6829.136900 
0.666000 -1.725400 -0.993600 -0.960800 -0.424900 -1.798500 -0.391300 -1.214100 -2.417100 -2.420300 -3.487000 -7592.310500 
0.668000 -0.847800 -2.231400 -0.901500 -0.775300 -1.497000 -1.302200 -1.184800 -4.995100 -3.012300 -14.663800 -8194.098500 
0.670000 -1.336600 -0.646100 -0.431600 -0.748200 -1.584400 -1.303700 -1.843800 -1.249300 -3.443500 -8.346700 -9043.308200 
0.672000 -1.858200 -0.791200 -1.464700 -2.364300 -1.694300 -1.009300 -0.773800 -2.913000 -5.025900 -2.420500 -8664.160500 
0.674000 -1.836200 -0.213800 -1.201500 -1.262600 -1.838100 -2.845400 -2.563800 -6.404400 -5.530400 -1.266000 -7969.099400 
0.676000 -2.616200 -1.466200 -0.800400 -2.688200 -1.817800 -5.593900 -3.217000 -0.959800 -5.078400 -2.596100 -8018.421900 
0.678000 -0.765000 -2.926100 -0.939500 -2.175500 -1.275500 -1.596100 -0.950900 -0.833000 -2.327200 -8.498400 -7631.919200 
0.680000 -2.882900 -1.266000 -2.777600 -2.788900 -2.446800 -4.852000 -1.884400 -1.508000 -8.563800 -4.411600 -7818.548100 
0.682000 -1.338400 -0.642700 -1.731400 -0.722200 -2.328900 -2.426000 -1.484400 -6.394200 -6.965200 -4.814800 -8019.230800 
0.684000 -0.581400 -1.376000 -0.531000 -2.134600 -0.533700 -2.220600 -2.669000 -5.494100 -0.757600 -2.020000 -7075.581000 
0.686000 -0.755500 -1.663200 -1.226300 -2.039900 -1.128000 -1.669500 -4.854000 -5.436600 -2.538000 -4.661400 -7219.793100 
0.688000 -0.633000 -0.961800 -2.104600 -2.639500 -3.921200 -1.500900 -1.099500 -2.818300 -3.292500 -2.610400 -6694.685400 
0.690000 -3.987700 -1.085000 -0.470100 -1.142800 -1.481800 -0.926600 -1.693200 -4.505900 -1.283200 -0.748000 -6818.915600 
0.692000 -2.351200 -3.200900 -0.745500 -0.955100 -1.835600 -2.679500 -1.784800 -13.803700 -5.898200 -4.936300 -6788.905000 
0.694000 -1.346800 -1.267400 -0.357900 -1.549200 -0.573300 -1.507800 -1.040300 -3.396200 -3.132300 -8.691500 -6482.138200 
0.696000 -2.084000 -2.374700 -2.073000 -1.392600 -2.945900 -2.743900 -3.174700 -1.228100 -3.895500 -24.383800 -6155.839200 
0.698000 -0.788400 -1.819300 -1.889300 -0.751900 -0.741500 -1.316300 -1.794700 -1.210100 -4.841600 -6.946700 -6091.199600 
0.700000 -1.104200 -2.579900 -1.629800 -1.623200 -2.003500 -0.827200 -4.255600 -1.290100 -4.560400 -5.000800 -7362.505400 
0.702000 -1.683700 -2.861300 -1.831900 -0.666700 -2.851500 -0.951800 -1.649100 -5.812200 -3.062100 -13.800200 -8252.728500 
0.704000 -2.959100 -0.970900 -2.685800 -1.156500 -3.028300 -0.710100 -1.367300 -1.079000 -4.770000 -9.598800 -8529.875900 
0.706000 -1.548300 -2.529000 -0.684200 -0.794800 -1.777100 -2.271600 -1.190800 -0.887800 -5.328100 -5.497900 -6916.955500 
0.708000 -1.505300 -1.141900 -1.187400 -1.413200 -0.670300 -3.300600 -3.330100 -3.132200 -6.735700 -1.895800 -6733.600400 
0.710000 -0.715800 -2.000400 -2.441300 -1.751400 -0.552700 -1.775200 -3.590600 -0.467600 -7.960900 -39.482400 -6550.756700 
0.712000 -1.271500 -1.167800 -3.317800 -0.184000 -0.573200 -2.422100 -1.393200 -1.232500 -5.541800 -10.856000 -6486.233600 
0.714000 -0.853100 -2.294400 -1.023400 -0.807300 -0.969300 -6.367900 -1.215500 -2.595800 -6.820100 -10.745100 -7239.871300 
0.716000 -0.374500 -1.274200 -0.753700 -1.853800 -1.099600 -1.291700 -2.024500 -3.136000 -5.132900 -6.056700 -7269.526600 
0.718000 -1.331400 -0.739700 -2.146900 -1.680900 -1.136500 -0.405600 -2.032900 -2.423300 -1.382700 -13.567700 -7113.979500 
0.720000 -1.424700 -0.703200 -0.663900 -2.073200 -2.051800 -4.661800 -0.868000 -2.978600 -1.824400 -7.430100 -6433.174200 
0.722000 -2.311400 -2.010200 -1.293500 -1.294600 -0.710200 -3.141900 -1.234300 -1.710500 -4.405200 -9.640600 -6599.613300 
0.724000 -0.409800 -1.347000 -0.835900 -0.367800 -1.829600 -0.536400 -1.734900 -8.257500 -4.389800 -11.189100 -7145.750500 
0.726000 -2.906100 -2.466400 -0.430300 -1.253800 -2.159200 -2.953900 -5.981200 -2.320200 -4.771400 -2.353200 -8049.662100 
0.728000 -0.436800 -0.665500 -0.774000 -0.708500 -1.985600 -1.952900 -5.501200 -2.698500 -1.513000 -2.930300 -7955.602000 
0.730000 -1.839100 -1.162500 -0.665300 -2.341400 -1.446500 -1.860100 -1.982400 -5.478500 -4.355400 -18.073900 -8053.676200 
0.732000 -0.740900 -2.553400 -0.745100 -1.001400 -1.425000 -1.000400 -4.241600 -4.630800 -1.436300 -7.851700 -8211.588800 
0.734000 -1.853100 -2.936800 -1.012800 -0.893500 -0.579100 -4.119400 -1.695100 -3.575600 -1.351000 -3.699900 -8914.546200 
0.736000 -1.604300 -2.295800 -3.560500 -0.663800 -1.476300 -7.151400 -1.720700 -5.653000 -7.050600 -2.978100 -8242.062800 
0.738000 -1.343900 -1.914500 -1.564100 -1.943200 -1.083300 -2.161900 -1.284200 -2.353700 -9.198000 -10.024400 -8704.223600 
0.740000 -3.074500 -1.422900 -1.612700 -1.471600 -2.162100 -2.005300 -4.548400 -2.003200 -6.276400 -20.984300 -8987.123200 
0.742000 -2.596900 -1.310100 -1.941000 -2.612800 -0.924400 -2.225900 -1.520200 -1.965300 -6.583400 -3.795400 -8689.806000 
0.744000 -1.743100 -1.159600 -1.706300 -2.373500 -3.255100 -1.693900 -0.666800 -6.697500 -1.695600 -11.604400 -8163.098200 
0.746000 -1.574200 -1.301800 -2.586100 -1.524600 -1.232100 -1.649700 -3.456600 -4.250300 -4.277300 -18.846100 -7643.457300 
0.748000 -0.696200 -2.394000 -2.762100 -3.482600 -0.949200 -2.444400 -2.462600 -1.523800 -5.704800 -6.783100 -7638.627700 
0.750000 -1.791900 -0.658200 -2.503800 -2.411100 -1.860400 -0.892400 -1.786500 -3.141300 -5.487900 -4.051500 -7862.105100 
0.752000 -4.995900 -2.269700 -2.993300 -3.541200 -0.403800 -1.819300 -1.011900 -6.165200 -3.506300 -5.996800 -9033.646500 
0.754000 -1.272600 -0.827700 -1.751300 -1.503500 -2.026800 -2.240400 -6.604000 -1.093000 -8.636700 -11.493400 -8390.576900 
0.756000 -0.490400 -0.573600 -1.553200 -1.323000 -0.599600 -1.357500 -1.144700 -0.533500 -5.661000 -8.869000 -7307.514900 
0.758000 -1.068900 -1.665800 -2.590100 -2.960100 -0.393000 -1.728900 -1.979700 -2.667400 -6.007200 -2.310100 -7075.924400 
0.760000 -0.434900 -3.091200 -0.706600 -2.450400 -1.593700 -1.456600 -2.121600 -3.162300 -3.772900 -6.518400 -6585.038000 
0.762000 -2.006600 -0.469800 -1.834400 -1.891200 -4.337400 -3.799300 -4.726900 -7.490800 -3.130000 -1.834400 -5869.917100 
0.764000 -1.504000 -2.688500 -1.238600 -2.585600 -1.293100 -4.696200 -3.186200 -6.970700 -12.755900 -0.239100 -5495.558200 
0.766000 -0.798800 -0.873200 -1.387600 -0.746300 -1.458100 -2.405000 -2.921300 -5.370400 -2.317500 -2.725500 -5036.279600 
0.768000 -1.225500 -2.485200 -1.981900 -0.863900 -1.928100 -0.542700 -3.824400 -4.816200 -2.792700 -2.510500 -5159.368000 
0.770000 -2.597400 -1.519700 -1.271300 -2.689900 -2.688800 -1.109200 -1.808400 -7.973400 -2.527000 -2.593000 -5612.879800 
0.772000 -1.551500 -3.530300 -2.475100 -1.530600 -1.837100 -1.439600 -2.013400 -1.930100 -7.874200 -16.436200 -5856.655300 
0.774000 -3.651900 -1.735400 -1.399700 -2.796700 -0.702800 -1.738000 -1.102300 -2.846800 -1.381600 -13.968800 -5471.356900 
0.776000 -0.740000 -0.509000 -1.107800 -4.211700 -0.462700 -1.483900 -3.684400 -4.963800 -4.538900 -2.607900 -5091.051400 
0.778000 -2.870500 -0.393300 -1.335600 -0.550600 -1.240200 -1.515700 -3.318200 -3.639900 -2.997200 -7.824400 -4921.165000 
0.780000 -1.127300 -1.878800 -0.756900 -0.843500 -2.942600 -1.432100 -2.033800 -0.755800 -6.450200 -5.726400 -4530.547600 
0.782000 -2.705300 -2.161600 -2.139600 -0.651100 -1.439900 -1.850300 -2.262400 -2.138900 -2.936900 -10.553200 -3421.355800 
0.784000 -3.276400 -1.964500 -1.439100 -1.360400 -0.273700 -3.336200 -2.055000 -0.619800 -3.691300 -1.113600 -3324.836700 
0.786000 -2.508800 -0.708500 -1.607700 -0.667100 -1.934300 -3.215700 -1.663500 -1.434500 -5.331200 -5.017300 -3982.843300 
0.788000 -3.380800 -0.616000 -1.998500 -0.833300 -1.324900 -2.464800 -4.506100 -8.073500 -9.277900 -8.365100 -3840.106400 
0.790000 -1.285700 -0.588600 -0.794700 -1.060300 -1.540900 -1.756200 -2.179100 -2.146100 -2.890400 -6.524400 -3980.182300 
0.792000 -1.641600 -1.591900 -1.259500 -1.184100 -0.765500 -1.664300 -1.497500 -0.876200 -4.195300 -9.911900 -4296.892600 
0.794000 -0.681600 -0.196300 -2.409500 -5.607200 -1.423900 -1.470600 -1.931300 -3.309800 -5.787200 -5.353300 -4661.540300 
0.796000 -1.333800 -3.623100 -0.769900 -1.528600 -1.055700 -0.795900 -1.729600 -4.634000 -2.406300 -7.852900 -4825.529300 
0.798000 -1.896600 -1.351700 -2.437700 -0.826800 -1.399000 -2.923800 -1.504700 -0.802000 -1.485000 -4.698600 -4618.122400 
0.800000 -1.232100 -3.027000 -0.873600 -1.216200 -5.760000 -2.361500 -1.991500 -1.161600 -4.693900 -3.269300 -4866.206400 
0.802000 -1.977400 -1.850500 -0.833700 -1.052800 -1.204800 -1.958300 -2.297400 -1.929200 -2.906500 -3.090700 -5197.084800 
0.804000 -2.733100 -0.255400 -0.842300 -1.076000 -1.373100 -0.980800 -1.970700 -2.600600 -3.590500 -7.466800 -5376.386100 
0.806000 -1.836700 -0.434700 -1.289700 -0.825900 -1.952200 -1.951200 -1.094400 -3.064100 -8.685600 -3.122500 -4753.101900 
0.808000 -2.764300 -0.505100 -2.914500 -5.852600 -3.519000 -4.405000 -1.748800 -0.997600 -10.245400 -2.747100 -5230.166900 
0.810000 -2.935100 -1.752400 -2.086400 -1.137600 -0.759700 -2.207700 -5.899300 -2.012200 -7.601500 -1.451100 -5674.955700 
0.812000 -0.733500 -2.236700 -2.475300 -1.858600 -1.359900 -2.916900 -2.776500 -2.017600 -10.113100 -1.768600 -5320.273800 
0.814000 -1.485600 -0.723700 -1.806700 -0.861000 -3.381800 -2.938100 -0.904700 -2.494800 -9.235600 -1.874400 -5453.618100 
0.816000 -2.818900 -0.819500 -2.854700 -1.275000 -2.119200 -1.549300 -4.006600 -1.080700 -11.769400 -3.583900 -5757.888500 
0.818000 -3.878700 -1.301400 -2.136400 -3.928700 -1.085100 -1.441100 -2.453700 -1.010500 -10.613700 -2.722700 -5540.362900 
0.820000 -1.937100 -1.110800 -0.711400 -1.476000 -1.195900 -1.942700 -3.746800 -0.896900 -7.175100 -1.714900 -5607.872600 
0.822000 -2.308900 -2.726100 -0.710800 -0.777500 -1.145200 -6.501300 -1.129800 -2.312100 -4.842300 -2.537300 -5955.971800 
0.824000 -0.562100 -1.722200 -0.561100 -2.346600 -1.783100 -0.721400 -1.192300 -1.001800 -6.706900 -4.097800 -5910.698000 
0.826000 -0.662400 -2.506200 -0.720300 -2.211900 -3.694500 -3.789200 -1.097800 -7.840600 -4.562700 -12.118200 -5624.511500 
0.828000 -1.208400 -0.751300 -2.137300 -1.580900 -0.900800 -1.607000 -3.386600 -3.279300 -2.293300 -2.026300 -6033.364200 
0.830000 -2.724700 -1.778700 -0.794800 -0.947800 -2.351100 -2.654300 -2.378000 -3.881300 -1.980100 -7.437300 -6177.956500 
0.832000 -2.058200 -2.639100 -0.766200 -2.060800 -2.497900 -1.720400 -3.515100 -1.111700 -3.959500 -3.596500 -5626.297500 
0.834000 -0.591600 -0.806200 -2.391300 -1.851500 -3.180900 -3.347400 -1.997600 -1.934800 -4.289400 -3.907400 -6803.713300 
0.836000 -1.689900 -1.389000 -2.004500 -2.037800 -1.162000 -4.380800 -1.825800 -3.986300 -1.786600 -5.589000 -6365.701100 
0.838000 -1.987300 -1.951900 -1.021800 -0.469100 -3.981300 -1.205700 -0.800400 -2.671700 -3.485100 -1.627100 -7367.330900 
0.840000 -2.496900 -0.925600 -1.113600 -4.808700 -1.693000 -2.146100 -1.104200 -2.314400 -1.035300 -1.416400 -7352.240500 
0.842000 -1.059300 -0.642400 -0.972600 -1.452400 -1.630500 -1.098800 -4.690700 -5.087600 -2.755100 -2.889800 -6853.398600 
0.844000 -0.848800 -0.937600 -2.723800 -2.014800 -2.318000 -1.676500 -1.393700 -3.584400 -3.370600 -13.335300 -7329.145100 
0.846000 -1.391700 -1.097100 -2.002800 -1.552700 -2.402100 -0.850000 -4.599700 -5.116000 -2.925000 -10.228200 -6551.876200 
0.848000 -1.305100 -1.690600 -2.013000 -1.276000 -2.509600 -3.642100 -0.707300 -5.897400 -2.362600 -9.438600 -7118.362000 
0.850000 -0.628700 -2.123300 -1.477500 -0.997500 -2.151900 -3.613100 -1.336800 -5.955300 -2.280800 -5.523200 -6794.827100 
0.852000 -2.196800 -2.017500 -2.066700 -0.397800 -2.034800 -5.773100 -1.895600 -7.123900 -10.964500 -0.334500 -6807.841500 
0.854000 -1.686400 -2.531000 -1.743800 -1.175600 -1.050000 -4.297900 -0.417500 -2.188200 -3.977000 -2.500900 -5946.500600 
0.856000 -1.951600 -1.427100 -2.396200 -2.177300 -2.660100 -1.842700 -3.412200 -2.869500 -12.174000 -9.992900 -5545.390200 
0.858000 -0.934200 -2.765200 -1.088200 -1.557300 -1.581100 -0.837800 -2.917400 -9.145100 -1.156200 -3.059100 -6055.874100 
0.860000 -0.816800 -2.383800 -1.635300 -0.846300 -4.635700 -1.492200 -1.337300 -2.269100 -3.140700 -5.611700 -6198.201200 
0.862000 -0.556700 -1.893300 -0.986200 -1.946100 -1.797400 -0.311000 -1.101100 -3.716600 -6.355700 -10.582700 -6927.365500 
0.864000 -1.266300 -0.954500 -1.137400 -1.223500 -0.799500 -1.768900 -4.790400 -2.689300 -2.724200 -3.925400 -6858.976600 
0.866000 -1.613500 -1.015500 -3.319700 -3.056400 -1.614900 -1.942300 -2.539000 -4.268600 -7.600500 -6.458900 -6755.678200 
0.868000 -1.547000 -0.824200 -1.836800 -1.100400 -1.693800 -2.798800 -3.674600 -0.781200 -2.240700 -6.049400 -6171.083200 
0.870000 -1.550100 -1.893800 -0.976000 -0.519500 -0.516000 -3.032500 -1.787100 -3.808600 -2.239100 -5.230100 -5004.344000 
0.872000 -2.373900 -0.843500 -3.428700 -0.820700 -1.355500 -2.145400 -5.246900 -2.875200 -7.140000 -21.834900 -5323.699000 
0.874000 -1.363600 -1.402600 -2.587200 -3.441700 -0.759400 -1.419500 -0.936700 -2.856100 -3.204500 -4.466300 -5219.257200 
0.876000 -2.396600 -0.318800 -1.636700 -2.685000 -1.189900 -3.437600 -1.871400 -3.715800 -2.845500 -9.558500 -5741.738100 
0.878000 -1.739000 -1.412300 -1.590100 -1.239600 -2.117200 -4.213200 -3.311500 -2.623000 -3.982800 -11.567000 -6403.746300 
0.880000 -1.267200 -0.423300 -1.498100 -2.188100 -1.709800 -1.908500 -2.100800 -1.892000 -4.308700 -4.463000 -6282.968900 
0.882000 -1.057200 -1.601300 -1.778100 -0.984700 -0.882100 -2.806600 -3.888300 -4.159400 -2.376000 -7.580100 -6038.899400 
0.884000 -1.612000 -1.382700 -0.780800 -2.099000 -2.141200 -1.754400 -3.598900 -1.955300 -7.609400 -7.415400 -6214.043500 
0.886000 -0.829500 -0.996900 -1.363200 -3.174400 -1.430700 -1.831100 -3.435600 -4.400300 -1.441200 -1.815200 -6015.286500 
0.888000 -1.584200 -0.789600 -2.805100 -2.190300 -6.447500 -6.711800 -6.916000 -1.529600 -1.092900 -3.189100 -5843.754900 
0.890000 -1.935900 -0.780100 -0.838800 -2.501300 -1.875800 -2.229200 -4.385600 -5.702600 -3.164700 -4.517000 -6768.730100 
0.892000 -2.240200 -1.749300 -0.653400 -2.709800 -2.580500 -2.114100 -4.091200 -9.009500 -2.437800 -9.995200 -6912.299300 
0.894000 -1.824700 -0.569100 -2.235600 -1.167100 -1.381500 -1.589900 -2.976300 -3.839600 -1.547900 -2.770100 -6745.613400 
0.896000 -0.451000 -0.813500 -0.566700 -0.983300 -0.520100 -2.301400 -1.021000 -3.600700 -6.671700 -9.966800 -6970.085500 
0.898000 -0.818300 -0.483900 -1.052900 -1.774800 -0.997500 -1.000000 -1.369300 -2.857300 -0.546400 -5.485000 -7663.465000 
0.900000 -1.374300 -0.681000 -0.752500 -0.395000 -1.460100 -0.810100 -3.099600 -3.666700 -4.348600 -18.867400 -8233.067200 
0.902000 -1.356000 -0.849300 -2.521100 -0.972300 -1.266300 -2.504500 -2.768600 -4.448800 -9.737300 -35.849500 -7295.307700 
0.904000 -0.747400 -0.662000 -0.855000 -2.655800 -0.559000 -1.510700 -3.050800 -0.998800 -1.093000 -6.196900 -7360.327700 
0.906000 -2.339000 -0.947400 -1.815500 -1.322900 -1.455200 -1.622400 -1.207600 -3.038800 -4.549100 -7.342000 -7959.340800 
0.908000 -1.338500 -0.503500 -1.046900 -2.524200 -1.362600 -2.150200 -2.896000 -2.952500 -2.765100 -6.032200 -7638.213800 
0.910000 -2.984900 -1.442100 -0.849700 -1.039200 -1.748000 -1.919900 -1.944700 -2.019500 -6.200100 -3.862300 -8119.335500 
0.912000 -3.105700 -1.958000 -1.342800 -2.064100 -1.732400 -2.501300 -1.912800 -2.600100 -7.495900 -9.899700 -7944.857000 
0.914000 -1.374600 -0.953500 -2.115000 -1.062600 -1.169300 -1.632800 -1.887800 -2.401700 -3.954300 -0.959500 -9459.821900 
0.916000 -0.895500 -2.962700 -1.990000 -3.221000 -1.426200 -2.239500 -2.259600 -1.460700 -4.142200 -2.908300 -10175.870700 
0.918000 -1.049200 -2.252100 -1.526600 -1.116000 -1.014300 -0.669900 -6.554300 -4.490000 -4.342600 -0.853200 -10501.778200 
0.920000 -0.531000 -0.621800 -1.035800 -1.880600 -1.957500 -2.138300 -3.421100 -2.416400 -6.953200 -3.986200 -10995.637000 
0.922000 -1.340400 -0.657700 -2.454200 -1.691800 -2.995500 -2.078300 -7.669200 -3.134300 -9.451100 -0.924000 -10174.347600 
0.924000 -0.940800 -0.905500 -0.985700 -1.782100 -0.706400 -2.722000 -2.955600 -1.391000 -12.931800 -5.902700 -10051.358800 
0.926000 -1.994000 -0.590400 -0.391000 -1.662900 -1.373200 -1.429200 -2.286100 -2.743000 -2.112200 -0.592000 -11086.675200 
0.928000 -3.036400 -2.577700 -1.021500 -0.869800 -0.370300 -1.418900 -3.263900 -3.463500 -2.448400 -1.811200 -10919.673100 
0.930000 -1.137500 -0.785400 -0.988200 -1.029100 -1.022300 -2.706800 -3.054800 -2.898700 -3.413400 -3.339400 -11350.538500 
0.932000 -1.149600 -1.299100 -1.807400 -1.777300 -2.689900 -1.718100 -2.764400 -0.858700 -4.537600 -8.385000 -11189.859800 
0.934000 -0.844300 -0.476400 -1.241900 -1.149100 -0.853300 -3.103200 -4.900100 -2.564700 -3.340900 -5.923100 -11667.134600 
0.936000 -1.762100 -0.884700 -0.860200 -1.602900 -2.226900 -1.764700 -5.602100 -3.598000 -4.083500 -3.502200 -10474.615800 
0.938000 -0.428200 -2.810500 -1.256300 -0.799100 -1.559500 -4.356900 -3.007700 -0.808000 -2.784000 -5.806200 -9545.204800 
0.940000 -3.281800 -0.901000 -1.987700 -0.835500 -1.812800 -4.212000 -1.080800 -4.698700 -5.859200 -2.212900 -10511.828800 
0.942000 -1.012200 -1.503500 -1.449300 -1.373000 -1.665700 -2.011800 -1.366700 -1.697200 -11.644300 -8.639400 -10282.804600 
0.944000 -1.852200 -1.414700 -1.513900 -1.682100 -1.584300 -1.715100 -2.348200 -5.205600 -3.960500 -3.026600 -10831.070600 
0.946000 -1.434200 -1.523600 -2.391400 -1.731800 -1.525400 -4.533600 -5.097000 -4.093300 -3.843400 -0.782000 -10498.008300 
0.948000 -1.438900 -0.979200 -2.920700 -1.572100 -2.512400 -1.281000 -1.187100 -4.215200 -4.090000 -3.213500 -10361.266800 
0.950000 -0.850800 -1.600800 -0.425500 -0.510500 -2.369400 -2.355000 -3.280700 -2.067700 -3.717600 -7.258600 -9505.213700 
0.952000 -1.102800 -0.738300 -2.007000 -2.911600 -0.932800 -2.065200 -1.424900 -2.572400 -2.314000 -8.815400 -9138.157300 
0.954000 -1.377700 -0.983400 -1.615200 -1.430300 -3.560400 -2.423800 -4.201700 -4.860500 -0.844200 -7.472200 -9081.664300 
0.956000 -1.804100 -0.776700 -2.549700 -2.228800 -1.578400 -0.527800 -2.567700 -1.098800 -3.365600 -7.782100 -9037.256100 
0.958000 -3.452900 -1.647800 -2.710300 -2.114800 -1.130500 -0.947900 -1.596500 -3.762000 -1.896300 -7.507800 -10010.759600 
0.960000 -0.434700 -1.363600 -0.897600 -3.162200 -4.558700 -2.485100 -1.406000 -2.337800 -2.812200 -9.741500 -8820.366800 
0.962000 -0.754800 -0.876200 -0.636600 -2.291800 -0.686600 -0.850600 -1.559400 -1.483200 -3.250500 -14.408900 -9144.360000 
0.964000 -2.198600 -2.547600 -1.647600 -2.044500 -2.487000 -1.784400 -2.577100 -3.681400 -3.010800 -4.709900 -9099.284600 
0.966000 -0.790700 -1.376600 -2.771900 -2.826700 -0.993600 -3.221500 -2.059800 -5.991300 -6.737500 -4.026500 -10060.379300 
0.968000 -3.482600 -1.212100 -1.226500 -0.440500 -0.347000 -2.373000 -2.260100 -3.304400 -6.409300 -16.311300 -9297.954100 
0.970000 -0.445400 -1.009600 -2.137200 -0.681600 -2.572900 -2.615700 -3.882500 -3.549900 -2.594100 -1.574100 -11652.765400 
0.972000 -1.797200 -0.474700 -0.540800 -0.981000 -2.717500 -5.479400 -1.815700 -3.348700 -5.860100 -3.499200 -11048.121500 
0.974000 -3.252500 -1.177700 -1.658500 -3.175700 -4.576300 -0.960300 -1.787500 -5.823900 -5.922300 -4.832600 -11309.693600 
0.976000 -1.595300 -0.942200 -1.485100 -0.903000 -1.836900 -1.318800 -2.496500 -3.365900 -8.854600 -7.743000 -10898.185200 
0.978000 -1.934700 -1.327900 -0.338800 -1.411300 -1.591000 -3.513700 -1.922400 -8.971300 -3.669500 -2.066200 -10553.219300 
0.980000 -0.948800 -3.106900 -2.689500 -5.891800 -0.840700 -1.494400 -3.872000 -2.978900 -2.744600 -2.202800 -10726.855100 
0.982000 -0.869200 -1.291200 -3.397600 -0.934800 -1.228700 -1.665600 -1.723700 -0.900200 -2.156400 -3.054600 -12017.668000 
0.984000 -1.690200 -1.962900 -2.393000 -0.963100 -1.178300 -1.827000 -3.454100 -2.345900 -5.371300 -1.139600 -11944.474400 
0.986000 -2.277400 -1.771000 -1.530900 -0.602500 -1.790100 -2.037700 -1.659900 -5.175000 -1.680300 -8.014800 -11916.463200 
0.988000 -1.605400 -0.413300 -2.793100 -1.619700 -2.021900 -0.675200 -3.088300 -2.231500 -2.393200 -7.270400 -13644.978200 
0.990000 -2.354300 -0.641200 -1.410600 -2.045200 -1.487000 -1.826400 -2.176200 -2.685100 -5.164100 -5.322700 -11394.942700 
0.992000 -1.570300 -2.004000 -2.010400 -1.503900 -1.134000 -3.652600 -0.683000 -6.524000 -4.732500 -8.036800 -12569.689600 
0.994000 -1.559600 -0.873000 -1.708300 -0.538200 -1.049600 -2.186300 -0.807200 -5.786000 -8.298800 -6.013400 -11861.558700 
0.996000 -1.125800 -1.021100 -0.635800 -0.987100 -1.663900 -2.032200 -7.414900 -2.057900 -3.640300 -13.319700 -12671.471000 
0.998000 -2.206600 -1.871500 -3.357900 -1.170500 -1.534500 -1.342400 -1.665500 -0.741400 -6.012300 -22.183500 -13295.571400 
