# gradients (DV/DL) for lambdas: 0.0 0.1 0.2 0.3 0.4 0.5 0.6 0.7 0.8 0.9 1.0
0.000000 -0.830000 -1.419400 -1.018000 -0.399000 -0.690400 -1.394600 -0.565700 -0.930200 -0.386500 -2.321400 -4.146900 
0.002000 -0.228800 -0.510500 -0.987100 -1.534700 -0.957400 -2.100500 -3.833100 -1.625600 -1.228300 -3.511100 -3.960500 
0.004000 -1.392600 -0.893000 -0.256800 -0.736100 -1.596400 -1.138900 -0.749800 -3.339500 -1.490000 -6.753900 -3.874600 
0.006000 -0.511100 -1.757900 -0.758300 -1.309000 -2.256300 -1.295100 -0.610100 -1.218300 -4.482000 -3.528200 -1.818700 
0.008000 -1.596300 -0.920700 -1.093900 -0.923200 -0.947200 -2.030000 -0.613200 -0.720600 -0.607000 -1.599100 -2.275600 
0.010000 -0.768400 -2.387800 -0.153200 -1.041700 -0.511800 -1.310400 -1.748300 -0.741100 -1.510400 -1.541300 -0.611500 
0.012000 -1.934300 -0.948200 -0.702900 -1.102000 -0.615000 -1.220400 -2.290500 -1.221000 -3.479400 -0.527500 -1.550300 
0.014000 -0.774300 -3.436500 -0.527100 -1.494300 -0.586200 -2.629800 -1.583000 -1.232000 -0.916900 -1.738900 -1.675600 
0.016000 -1.091000 -0.989200 -1.310700 -0.946500 -0.735300 -3.084600 -3.508300 -0.901600 -2.226700 -1.913900 -0.276900 
0.018000 -0.906500 -1.418100 -0.274700 -0.535500 -0.799200 -1.614000 -2.248700 -2.184700 -3.727000 -1.518500 -3.478500 
0.020000 -0.419200 -0.847400 -0.290100 -0.815400 -0.457700 -0.399700 -1.065000 -4.953100 -1.990500 -3.632400 -3.089900 
0.022000 -0.588100 -0.758900 -0.215600 -0.797900 -1.131800 -0.772200 -1.213100 -3.686500 -1.064500 -1.906200 -1.895300 
0.024000 -1.043700 -0.828900 -0.683500 -0.676800 -0.746100 -3.570600 -2.992600 -1.968400 -1.174000 -3.658300 -2.349700 
0.026000 -0.810100 -0.659000 -1.072000 -0.979600 -1.942400 -0.920300 -1.974800 -1.686900 -1.731100 -7.477400 -0.586700 
0.028000 -0.867400 -1.798600 -0.405200 -1.692400 -3.146100 -0.529400 -1.699500 -1.335100 -3.055300 -1.842300 -4.101900 
0.030000 -0.665600 -2.081900 -0.719700 -1.585100 -0.438100 -0.265300 -2.655000 -0.703300 -2.320600 -5.526000 -5.247700 
0.032000 -0.891800 -0.830400 -1.075400 -1.152500 -0.597800 -1.338100 -1.839700 -0.950600 -0.939400 -0.796700 -1.551600 
0.034000 -1.207600 -0.191900 -2.678800 -0.275000 -2.819800 -1.016300 -2.340700 -0.878400 -0.604900 -4.273000 -1.988800 
0.036000 -0.894700 -2.015300 -1.011700 -1.912900 -2.398500 -1.623700 -0.979000 -4.089200 -2.581400 -3.671100 -1.462400 
0.038000 -2.229100 -0.740000 -1.743000 -3.705700 -0.754900 -1.021300 -5.410000 -0.505600 -0.771300 -1.424500 -1.903500 
0.040000 -1.353400 -0.794700 -0.956300 -3.159000 -1.462000 -1.916600 -2.761200 -0.894000 -4.590900 -1.963500 -2.711100 
0.042000 -2.041700 -0.430600 -0.558400 -1.813200 -1.810600 -1.405600 -2.501100 -1.260900 -3.272100 -2.062200 -1.984000 
0.044000 -0.411400 -1.302900 -0.695800 -1.285300 -1.064900 -1.804100 -1.617700 -1.591700 -2.104500 -2.905400 -5.459800 
0.046000 -0.969600 -0.358100 -1.218000 -1.558100 -1.962800 -1.042700 -1.767600 -2.236900 -4.772100 -4.755100 -1.351900 
0.048000 -0.287400 -1.756200 -0.635500 -1.267500 -0.876700 -1.461500 -0.848100 -5.496600 -8.425700 -3.316000 -1.777600 
0.050000 -0.432500 -0.592300 -1.210000 -0.938700 -1.008800 -1.223600 -1.116000 -3.692900 -2.018600 -0.888600 -2.597800 
0.052000 -1.468100 -0.917400 -1.141000 -2.638600 -1.702100 -2.463800 -2.165400 -3.069700 -3.852200 -1.710000 -3.066000 
0.054000 -3.283100 -0.947000 -2.966500 -2.288000 -0.480400 -1.270800 -0.218600 -2.167700 -2.356200 -3.357900 -1.167900 
0.056000 -1.227100 -0.544800 -2.500500 -1.497900 -3.870000 -0.672900 -1.393800 -1.719200 -0.474300 -3.974400 -6.538200 
0.058000 -0.692100 -0.431300 -1.496600 -1.956500 -1.753000 -0.689300 -2.854600 -2.046600 -1.759100 -1.391100 -4.141800 
0.060000 -1.056100 -1.039300 -1.224100 -1.201600 -3.530300 -0.355300 -1.349600 -0.175500 -1.597000 -1.553300 -2.855400 
0.062000 -0.490700 -1.245700 -0.869400 -0.694400 -1.159200 -1.604900 -0.944700 -1.651200 -3.976500 -0.784300 -1.363800 
0.064000 -0.842900 -0.555400 -1.454600 -0.472900 -1.051600 -1.484800 -0.808200 -1.518700 -1.779700 -1.579900 -9.690300 
0.066000 -1.033400 -1.484000 -0.855400 -0.751100 -1.778200 -0.264200 -4.400700 -1.439600 -2.847700 -3.567300 -2.440000 
0.068000 -0.973800 -0.333300 -2.196600 -1.481900 -1.059800 -1.124200 -0.961100 -1.816500 -4.689000 -1.208400 -9.752800 
0.070000 -0.170100 -0.665000 -2.874400 -0.886100 -1.159900 -1.284600 -2.619000 -1.836300 -0.756800 -3.221000 -5.923300 
0.072000 -0.313100 -0.591300 -0.663000 -0.317600 -0.505300 -1.515600 -0.904100 -1.031200 -3.959600 -0.431800 -2.215700 
0.074000 -1.294300 -1.160600 -1.192100 -0.965600 -0.441300 -1.423200 -2.186200 -2.097000 -2.261700 -2.431300 -2.977800 
0.076000 -0.847200 -0.656700 -0.681400 -1.772000 -2.306200 -1.057600 -2.010000 -2.357900 -0.864300 -1.600500 -2.612700 
0.078000 -0.777100 -0.606300 -0.864600 -0.401400 -1.659900 -1.576700 -2.631400 -0.836100 -0.662600 -2.008500 -9.181800 
0.080000 -1.165300 -0.776700 -1.505900 -1.891000 -1.484900 -1.753400 -1.996200 -0.715700 -1.327000 -0.920700 -3.184700 
0.082000 -0.740600 -0.299700 -0.899200 -0.623400 -1.021000 -0.340700 -0.564800 -2.501700 -0.676200 -0.861800 -6.062100 
0.084000 -1.721700 -0.518300 -3.015500 -1.008100 -2.089400 -2.482400 -0.805900 -3.214800 -1.107100 -1.023000 -1.291900 
0.086000 -0.900000 -1.194900 -0.969600 -0.704400 -2.375400 -1.821600 -1.172800 -3.547000 -1.134400 -2.146400 -8.295800 
0.088000 -1.455300 -0.895400 -2.706500 -1.588800 -0.496500 -2.388900 -1.249300 -2.010400 -3.608400 -3.159200 -1.395600 
0.090000 -0.766000 -0.233200 -0.939000 -1.118400 -0.361700 -1.438200 -1.162300 -0.743300 -2.331500 -3.057600 -2.408500 
0.092000 -0.978900 -1.270200 -1.510000 -0.899600 -1.777400 -0.394600 -1.155500 -1.109500 -2.620300 -0.529400 -3.650600 
0.094000 -1.105900 -0.898000 -0.384100 -1.218900 -0.696300 -0.620100 -1.048900 -1.503700 -3.843800 -0.820500 -2.666900 
0.096000 -1.073000 -1.226700 -1.450100 -1.436400 -0.728500 -2.623000 -2.378300 -0.910100 -0.897800 -8.655800 -2.061800 
0.098000 -1.082100 -1.453900 -3.259700 -0.417300 -1.788000 -0.245400 -0.778200 -0.431600 -6.768000 -0.448300 -1.556900 
0.100000 -0.694000 -1.408500 -2.199000 -0.647400 -3.089500 -0.359300 -0.493400 -2.967400 -1.519500 -2.054700 -5.257800 
0.102000 -0.330500 -1.513500 -1.467000 -0.427500 -0.720300 -3.063500 -1.744000 -3.625300 -1.131700 -1.047700 -2.618100 
0.104000 -0.542300 -2.649100 -0.892700 -1.454600 -0.682100 -0.651900 -1.571600 -2.233200 -1.623900 -3.732100 -6.732900 
0.106000 -0.766500 -1.376200 -1.781100 -1.131200 -2.528300 -0.440300 -1.330900 -1.666500 -1.507900 -3.353200 -5.293700 
0.108000 -0.618200 -0.886900 -0.438800 -0.749700 -2.540700 -1.858600 -0.825800 -0.863300 -0.710000 -1.049400 -4.320600 
0.110000 -0.477200 -0.439300 -1.363800 -0.653900 -1.899800 -1.161300 -0.947300 -0.322600 -0.738900 -0.344100 -3.544200 
0.112000 -0.561300 -0.358300 -1.417000 -0.630400 -0.830700 -1.955600 -2.571800 -0.091300 -1.578300 -2.207800 -6.995500 
0.114000 -1.207400 -0.601700 -2.241100 -0.988000 -1.518100 -1.394100 -1.197700 -1.465700 -3.062600 -6.522600 -1.842200 
0.116000 -1.633500 -1.212600 -0.614600 -2.110600 -1.624000 -0.566700 -0.864100 -1.122700 -1.131000 -0.814200 -2.186900 
0.118000 -0.762000 -0.448500 -0.962800 -0.772100 -0.847900 -1.040200 -1.058300 -1.751900 -0.482000 -4.210200 -8.253300 
0.120000 -0.682700 -0.923400 -1.829200 -0.439400 -0.309200 -2.246500 -2.634000 -1.571700 -4.846600 -1.033500 -3.708800 
0.122000 -0.719400 -0.544600 -2.207800 -1.967600 -3.038600 -0.668900 -0.778100 -2.475900 -0.728700 -3.652700 -5.807600 
0.124000 -1.000100 -2.382800 -0.713100 -0.489800 -1.035300 -1.888400 -1.840200 -1.845200 -1.350000 -2.668100 -6.565300 
0.126000 -0.436500 -0.770200 -0.891300 -0.979200 -1.208400 -0.983600 -0.377500 -1.953400 -1.285000 -4.224000 -3.735700 
0.128000 -0.849200 -1.332100 -0.725400 -1.701600 -1.036500 -0.896600 -1.350900 -1.733700 -0.843900 -2.232000 -5.302200 
0.130000 -3.142900 -0.386400 -0.801200 -1.258600 -0.803300 -1.705500 -1.255400 -1.222600 -0.361700 -1.377200 -3.098500 
0.132000 -2.427900 -0.978100 -0.749400 -0.580100 -2.406000 -0.936000 -1.227100 -0.832000 -0.262400 -4.809200 -2.998500 
0.134000 -0.699300 -0.799100 -0.411700 -0.744100 -2.808400 -1.823300 -0.975000 -1.720000 -3.272500 -3.767700 -3.448300 
0.136000 -0.094900 -1.345000 -1.200000 -0.563100 -0.476800 -3.037500 -1.634400 -0.916100 -4.634400 -0.600400 -6.243500 
0.138000 -0.456000 -1.025800 -0.400300 -1.592800 -0.870100 -0.669000 -1.325600 -2.760100 -2.361500 -0.451400 -1.877300 
0.140000 -0.544700 -1.519900 -0.532300 -1.729400 -1.599300 -0.537700 -2.701800 -3.196500 -0.492800 -3.214400 -1.776400 
0.142000 -0.467100 -0.502500 -2.078300 -1.188200 -1.634300 -1.449000 -0.588200 -2.402900 -1.455100 -1.120600 -22.126800 
0.144000 -0.863400 -0.330700 -1.077300 -0.454100 -1.318400 -3.075200 -1.549100 -2.662700 -1.028500 -1.053900 -21.664700 
0.146000 -2.209700 -0.410100 -0.334200 -1.362900 -1.110000 -2.880300 -0.619100 -2.557800 -2.483200 -2.301000 -13.335700 
0.148000 -1.300900 -1.715500 -1.197400 -1.096000 -1.314600 -1.871000 -0.728100 -0.955200 -0.943600 -1.382500 -1.455800 
0.150000 -0.568100 -0.354900 -1.371500 -2.172200 -3.168700 -2.185200 -2.293100 -1.874400 -1.938100 -5.587800 -2.639000 
0.152000 -0.634200 -0.330600 -1.724200 -0.317900 -0.910700 -1.274800 -0.514700 -2.244100 -1.911200 -3.617800 -2.359800 
0.154000 -0.156900 -0.650100 -0.843900 -1.418300 -1.990700 -2.160600 -1.487500 -1.504000 -0.182800 -3.319800 -9.338700 
0.156000 -0.816100 -0.435400 -0.731800 -1.465200 -1.540000 -1.535400 -0.939200 -3.115500 -0.352000 -7.335500 -1.527200 
0.158000 -0.409000 -0.983400 -0.232400 -1.202400 -1.688700 -0.493800 -0.981400 -1.450600 -2.886500 -11.477200 -1.428600 
0.160000 -1.098000 -1.057500 -0.549700 -1.480300 -2.292400 -1.776500 -1.557300 -0.825800 -1.735400 -9.358000 -2.265700 
0.162000 -0.462400 -0.694400 -1.261800 -1.454800 -1.122400 -3.701000 -1.057800 -1.617300 -1.225000 -4.940800 -4.430300 
0.164000 -0.438500 -0.602700 -0.938800 -1.350400 -1.171400 -1.688600 -0.916000 -1.803300 -2.932200 -3.917400 -1.944600 
0.166000 -0.724300 -0.542200 -0.533400 -2.608500 -2.258900 -1.429100 -1.133500 -4.663900 -1.554100 -6.441300 -2.276300 
0.168000 -0.784000 -1.455800 -0.361200 -0.867900 -0.736100 -2.284500 -2.752400 -3.115500 -1.918900 -3.351000 -15.352700 
0.170000 -0.767800 -0.435500 -1.682500 -0.788900 -1.123400 -2.306300 -0.767800 -4.897700 -4.270500 -2.110700 -2.029200 
0.172000 -2.161800 -0.840200 -0.572700 -1.534300 -1.056800 -0.624200 -1.957000 -2.282300 -3.974600 -3.064100 -2.920600 
0.174000 -0.786700 -2.042100 -1.611200 -1.919900 -0.643600 -1.678300 -0.492500 -3.498200 -0.906900 -2.581300 -4.088700 
0.176000 -1.530200 -1.210500 -0.968200 -1.303900 -1.985300 -1.323800 -0.968500 -5.359800 -0.952000 -1.200600 -2.551900 
0.178000 -1.558700 -2.618800 -0.549400 -0.454300 -0.390900 -1.241000 -0.657200 -1.050300 -2.919100 -4.875100 -6.015700 
0.180000 -1.666600 -2.595100 -0.742800 -1.224400 -1.222200 -0.878600 -0.368500 -2.583100 -3.106600 -2.316600 -8.502400 
0.182000 -1.171000 -0.763400 -1.612100 -0.628700 -0.562800 -0.440700 -0.946200 -1.227600 -3.813800 -4.045500 -1.818300 
0.184000 -0.373200 -0.589500 -1.038500 -2.375200 -3.468300 -1.133900 -0.348700 -1.198700 -2.447400 -1.942000 -2.465000 
0.186000 -0.727800 -0.760500 -1.362500 -1.398400 -1.909500 -2.614100 -1.533100 -2.683900 -3.647600 -6.707200 -2.609300 
0.188000 -0.811500 -1.790700 -1.108100 -1.182000 -0.672900 -0.339700 -0.915800 -4.105900 -0.679200 -10.202900 -1.668600 
0.190000 -2.316500 -1.303300 -0.826700 -1.176600 -2.796500 -1.022700 -1.078200 -1.495900 -0.890300 -1.040500 -4.794000 
0.192000 -0.969300 -1.094600 -1.246300 -1.149600 -1.344400 -0.750400 -1.630300 -0.599500 -2.464700 -6.215600 -8.815700 
0.194000 -1.091700 -1.113800 -1.139100 -0.775700 -1.585500 -0.328300 -0.659100 -2.193900 -1.189500 -4.045600 -10.794800 
0.196000 -0.789700 -1.106200 -0.512100 -0.620400 -2.919700 -0.930300 -1.472000 -1.690700 -0.581000 -2.377700 -6.533400 
0.198000 -2.167700 -0.708100 -1.098700 -2.254400 -0.937400 -2.760600 -0.717700 -2.608600 -1.545100 -4.684900 -6.915800 
0.200000 -1.143600 -0.445900 -1.684700 -1.236400 -0.429300 -1.011300 -0.847800 -2.472300 -1.260000 -2.958100 -2.608500 
0.202000 -0.618000 -0.805200 -1.032700 -1.181700 -1.487500 -2.171800 -0.783900 -1.992300 -1.709400 -3.991100 -4.318500 
0.204000 -0.870600 -1.239300 -1.592400 -1.145600 -1.014800 -1.872700 -2.287300 -1.189700 -1.868000 -0.850400 -4.232600 
0.206000 -1.097800 -1.063300 -0.535500 -1.103600 -1.691600 -0.608400 -1.485700 -3.010700 -1.255400 -2.675400 -2.529300 
0.208000 -1.701600 -0.837300 -0.530000 -0.469600 -1.470100 -1.433200 -1.090500 -1.352700 -2.201500 -5.251700 -3.345200 
0.210000 -0.301200 -0.965800 -1.077600 -0.986600 -2.042900 -0.523500 -1.986800 -1.589100 -1.018400 -2.785600 -4.920500 
0.212000 -1.332100 -0.367500 -1.584600 -1.263200 -1.189200 -1.414500 -1.662000 -2.722900 -0.455200 -2.349700 -6.958900 
0.214000 -0.545300 -0.753000 -0.174300 -0.513100 -1.208000 -2.086800 -1.788800 -2.460500 -3.335000 -1.680700 -9.230700 
0.216000 -0.770300 -1.569100 -1.362800 -1.400400 -0.816300 -0.860000 -2.308800 -1.322700 -1.757700 -1.793400 -4.374400 
0.218000 -1.431000 -0.081200 -0.573900 -1.583200 -0.310900 -1.001400 -2.840700 -1.973300 -1.080000 -1.030900 -0.814700 
0.220000 -0.234000 -0.719400 -0.547400 -1.617400 -2.133700 -1.151000 -1.287600 -1.369900 -3.183400 -1.732000 -1.090800 
0.222000 -1.099700 -1.090400 -0.561200 -1.047100 -0.382400 -0.875600 -0.477100 -1.141600 -4.045300 -2.641900 -1.530900 
0.224000 -0.569700 -2.361900 -0.833900 -0.342600 -0.271400 -0.712700 -0.897200 -2.170300 -0.816700 -2.343900 -8.320300 
0.226000 -1.493500 -0.375900 -2.716100 -1.077800 -1.061700 -0.911100 -0.232700 -1.244100 -1.774900 -3.733000 -5.753600 
0.228000 -0.612900 -1.575100 -0.981200 -0.994900 -2.805800 -0.802900 -1.177500 -1.438600 -1.349400 -1.583100 -2.873900 
0.230000 -1.140100 -0.801600 -1.399200 -1.712000 -1.126700 -0.667900 -1.515500 -2.497500 -6.583100 -3.618900 -5.484000 
0.232000 -0.532200 -2.266600 -1.743400 -1.014100 -0.884400 -1.535300 -0.764400 -2.315600 -0.532200 -1.695800 -1.861100 
0.234000 -1.190300 -1.536200 -0.821200 -0.758400 -0.955700 -1.366600 -1.365300 -2.773900 -1.095600 -1.007800 -3.050800 
0.236000 -2.194800 -0.494100 -0.542500 -1.486800 -0.797100 -0.890600 -2.422900 -1.707700 -2.947500 -14.182700 -0.795000 
0.238000 -0.537600 -1.385400 -0.293200 -2.876500 -1.561500 -0.742700 -1.459100 -1.200800 -1.685400 -2.428100 -2.518500 
0.240000 -0.799900 -1.879900 -0.411300 -1.933200 -1.014300 -1.539100 -0.627500 -0.939000 -1.210900 -2.649800 -0.989800 
0.242000 -0.156500 -0.542700 -1.351500 -1.146900 -0.996200 -0.274600 -1.120900 -3.235500 -2.159800 -1.692000 -0.543900 
0.244000 -0.436300 -2.032700 -2.588400 -1.696900 -3.747400 -1.728600 -4.170200 -2.588100 -1.283000 -3.393000 -2.766500 
0.246000 -0.902300 -0.755200 -0.968000 -2.645200 -0.939200 -1.038600 -2.339300 -2.529200 -1.116000 -2.029000 -13.605100 
0.248000 -1.705100 -1.374100 -0.723000 -1.144700 -2.167800 -0.328400 -2.107700 -2.679700 -1.161400 -1.014100 -6.565800 
0.250000 -1.414900 -1.355600 -0.803800 -1.042700 -1.037400 -1.539800 -3.191400 -3.489000 -4.261400 -1.252300 -2.270900 
0.252000 -0.475200 -1.050100 -1.483600 -1.955000 -2.331900 -2.387300 -1.149200 -2.505100 -2.907400 -5.054400 -1.837900 
0.254000 -0.465000 -0.785800 -0.974600 -3.084500 -1.245200 -3.708900 -0.961400 -2.701000 -4.921900 -2.305500 -2.788800 
0.256000 -0.762600 -0.645900 -0.780300 -1.023100 -2.115600 -2.795600 -1.112700 -2.520700 -0.779100 -3.170100 -4.092600 
0.258000 -0.553600 -2.330600 -0.692600 -0.963000 -0.553900 -1.620000 -0.563100 -1.791900 -1.313100 -2.005300 -4.927600 
0.260000 -0.997900 -0.670900 -0.426600 -0.596900 -1.834000 -0.296900 -1.526200 -1.382500 -1.084500 -3.442600 -2.386600 
0.262000 -0.837800 -0.265600 -1.841600 -2.154000 -1.262800 -2.004800 -2.220300 -0.943100 -1.345400 -4.371900 -1.597200 
0.264000 -0.922800 -1.567600 -0.538700 -0.440100 -2.073600 -0.948200 -0.623100 -1.392800 -2.021000 -0.698000 -3.566100 
0.266000 -0.377900 -1.183400 -0.909300 -2.207800 -0.994900 -1.760000 -1.013600 -0.833500 -5.412900 -3.413400 -1.122700 
0.268000 -1.940300 -2.622700 -0.563400 -1.055700 -0.969800 -1.132400 -0.793000 -2.552000 -1.866500 -1.333900 -1.018500 
0.270000 -0.622300 -1.237700 -0.634900 -0.787000 -1.088500 -0.790700 -1.086000 -1.397100 -1.424900 -1.516200 -1.207800 
0.272000 -0.187800 -1.898400 -1.139700 -0.711600 -1.708900 -0.925500 -1.030600 -0.926200 -1.719300 -0.366600 -7.109400 
0.274000 -1.533200 -0.413400 -1.718400 -0.905600 -2.075100 -2.575800 -1.471500 -1.594700 -6.630000 -1.071500 -6.335100 
0.276000 -0.914300 -1.988200 -1.649700 -1.714900 -1.576000 -1.456800 -1.602900 -4.223200 -0.662200 -0.517900 -1.476200 
0.278000 -0.867600 -1.695200 -0.956900 -1.969800 -1.277100 -0.482500 -0.328200 -4.639700 -2.280900 -3.268700 -3.440900 
0.280000 -0.674900 -0.094000 -1.555300 -2.158600 -0.300600 -1.927500 -2.610400 -2.239100 -2.672500 -1.928100 -5.642700 
0.282000 -1.941000 -0.545100 -1.482800 -0.926000 -1.729900 -0.528100 -0.544500 -2.264800 -4.021500 -1.304500 -1.756700 
0.284000 -1.197700 -0.882900 -0.530100 -1.896600 -0.602600 -2.137700 -4.975900 -2.060800 -2.760200 -4.430400 -5.934200 
0.286000 -3.364000 -0.810600 -1.240800 -1.049800 -1.851300 -0.558800 -1.141100 -2.517200 -0.870500 -5.748400 -2.464900 
0.288000 -1.464700 -1.654800 -1.345000 -2.996800 -0.793200 -1.391300 -1.057600 -4.000400 -3.646400 -2.580700 -2.720500 
0.290000 -0.874800 -1.093400 -1.860700 -1.277400 -0.359500 -0.443800 -2.410200 -4.182100 -10.465300 -1.391600 -3.768500 
0.292000 -1.463300 -0.758900 -0.874500 -1.442100 -1.892400 -1.223000 -1.681500 -1.428000 -2.134800 -2.608700 -2.134500 
0.294000 -1.955600 -1.151100 -0.662200 -0.326500 -3.178800 -1.299300 -1.956700 -2.642700 -3.249000 -0.546300 -4.349600 
0.296000 -0.490000 -1.665500 -1.309200 -0.863200 -1.082100 -0.827900 -1.099600 -1.375900 -1.287600 -3.292200 -3.148900 
0.298000 -1.120100 -1.169900 -0.901800 -1.978300 -1.888200 -1.480700 -1.360600 -3.147800 -0.816000 -1.692500 -10.762700 
0.300000 -1.712400 -0.516000 -2.659400 -2.654300 -0.554700 -1.488100 -0.749700 -2.369700 -0.918100 -1.716000 -5.409400 
0.302000 -1.115700 -1.738200 -1.074900 -1.819900 -3.355600 -0.213500 -2.489000 -1.226500 -2.239500 -4.592400 -4.175200 
0.304000 -1.056000 -1.521100 -0.675200 -1.742600 -0.429500 -0.865400 -0.841600 -1.544000 -1.587700 -1.529500 -10.229100 
0.306000 -0.916100 -0.519600 -1.143400 -1.616200 -2.740600 -0.603800 -0.216600 -1.201300 -4.954700 -1.623300 -3.701200 
0.308000 -1.222100 -1.078600 -1.623700 -1.779700 -1.103500 -1.098200 -2.760700 -3.729700 -1.400000 -1.552500 -8.487700 
0.310000 -0.855000 -0.940100 -1.707400 -0.837800 -1.304800 -2.082500 -0.464300 -1.380600 -1.034100 -2.290300 -3.805300 
0.312000 -1.325500 -1.204300 -2.749300 -0.708600 -2.199000 -0.852200 -2.519000 -1.797800 -1.713300 -1.364700 -4.062000 
0.314000 -0.870600 -1.764600 -1.496200 -0.204300 -2.319700 -1.723200 -1.171500 -2.283200 -2.703800 -3.887200 -13.382400 
0.316000 -1.354000 -2.695800 -0.948000 -4.905800 -1.195900 -1.190600 -3.471800 -2.748400 -1.107800 -2.469900 -2.944400 
0.318000 -1.362300 -2.311100 -0.765200 -0.847300 -0.740000 -1.611800 -0.388200 -2.943200 -2.630300 -1.543700 -2.240000 
0.320000 -0.525500 -0.394900 -0.329400 -4.052000 -1.714300 -3.157000 -1.114800 -3.846800 -0.716200 -2.866000 -9.172200 
0.322000 -0.467300 -1.341400 -0.616400 -1.863000 -1.473900 -0.556300 -2.513200 -1.465600 -0.661400 -1.146200 -2.091400 
0.324000 -1.152700 -0.348700 -0.990800 -1.502100 -2.097300 -2.759300 -2.038300 -2.112300 -2.038000 -2.287800 -1.691500 
0.326000 -0.823400 -0.394500 -0.641300 -2.008900 -1.149900 -0.679800 -1.154800 -1.491800 -4.261800 -0.725900 -1.072400 
0.328000 -0.632700 -0.165600 -0.595300 -0.478800 -0.777900 -1.987800 -3.270100 -2.691200 -5.357700 -1.076300 -3.363900 
0.330000 -0.767200 -0.933800 -1.738500 -1.074100 -0.817700 -2.037600 -2.877900 -1.674200 -1.264600 -2.046300 -6.140200 
0.332000 -2.285500 -1.128400 -1.097700 -1.463200 -1.312200 -2.038600 -1.975900 -1.995000 -2.388500 -1.756100 -2.883500 
0.334000 -0.759900 -0.369300 -1.281000 -0.900000 -0.861000 -2.380900 -3.795300 -2.679500 -1.450700 -0.587100 -4.122300 
0.336000 -0.651100 -0.614300 -1.518500 -2.668300 -0.525900 -1.922100 -4.276000 -6.703000 -3.235500 -2.233700 -3.575300 
0.338000 -2.275900 -0.747300 -0.657400 -1.174100 -0.905100 -1.710000 -0.677400 -3.327000 -2.555400 -2.160500 -4.346500 
0.340000 -2.088900 -0.964500 -1.782900 -1.756600 -0.556600 -0.643900 -1.973900 -3.899400 -3.854000 -3.798600 -5.105300 
0.342000 -0.897800 -1.029800 -2.385300 -1.685500 -2.323200 -2.334300 -1.325600 -2.041900 -1.840600 -0.540300 -2.898200 
0.344000 -0.586700 -1.056400 -1.838900 -1.994700 -1.168600 -1.862600 -8.847500 -2.588800 -1.150800 -3.235100 -1.498600 
0.346000 -1.116000 -1.140000 -0.419900 -1.092000 -0.621600 -1.176400 -1.770400 -2.370400 -2.606400 -0.616900 -5.501200 
0.348000 -0.180300 -0.514300 -0.709500 -0.401500 -0.444300 -1.405700 -2.626000 -4.420000 -4.201400 -2.653200 -0.717200 
0.350000 -0.287300 -1.066100 -1.209800 -0.928900 -1.481700 -1.532900 -0.998500 -2.405200 -2.598200 -1.069900 -0.642300 
0.352000 -0.199800 -0.627100 -1.823900 -0.932100 -0.972100 -1.482300 -2.513000 -1.209300 -2.352900 -2.591200 -1.934200 
0.354000 -0.685100 -0.197000 -1.079100 -1.857800 -1.053600 -2.265500 -3.411200 -1.135300 -3.620800 -2.710100 -0.814700 
0.356000 -0.610400 -1.295300 -2.013800 -2.430400 -0.399500 -1.666600 -1.771700 -2.152700 -1.835700 -2.577100 -9.241000 
0.358000 -0.304800 -2.192800 -1.943500 -0.847300 -1.228800 -1.309500 -2.725400 -0.771100 -2.817900 -1.469200 -1.875200 
0.360000 -0.977300 -1.319300 -1.503800 -2.612500 -2.153900 -3.171400 -2.031200 -3.100700 -1.216100 -1.297400 -2.248900 
0.362000 -1.526000 -1.174100 -1.562600 -0.581700 -1.378500 -1.183200 -7.486600 -2.222900 -2.872700 -0.475900 -5.357800 
0.364000 -0.410200 -1.058200 -0.574900 -0.726100 -0.668300 -1.694500 -4.468500 -2.511200 -1.187900 -0.872500 -6.362700 
0.366000 -0.952100 -1.663300 -0.842100 -0.566800 -1.756600 -0.249500 -0.645900 -3.154400 -2.715500 -1.596100 -1.597500 
0.368000 -0.605100 -1.065300 -1.296400 -0.876300 -0.944100 -0.774300 -1.658700 -0.536400 -2.420000 -4.293200 -1.410300 
0.370000 -1.009400 -1.223100 -0.382300 -1.107200 -1.189800 -4.996900 -1.432200 -0.350800 -1.539200 -1.443300 -12.853200 
0.372000 -0.730600 -1.439300 -1.444800 -0.562500 -1.319200 -1.925700 -3.228000 -1.001500 -1.042300 -4.010000 -1.926200 
0.374000 -1.163800 -0.113500 -1.209600 -1.118800 -0.874100 -1.945900 -1.563800 -1.737100 -3.602400 -2.944700 -4.678900 
0.376000 -1.760300 -2.171800 -2.157900 -0.700800 -1.186700 -2.549800 -1.448500 -1.777300 -3.392500 -1.147900 -1.637100 
0.378000 -0.672800 -1.548500 -2.734300 -0.858900 -3.591500 -1.703500 -2.311600 -0.530800 -2.251400 -1.053000 -3.605100 
0.380000 -0.640100 -3.755900 -1.023000 -1.627300 -1.850500 -2.925500 -3.800500 -2.823800 -2.102900 -1.500100 -0.869900 
0.382000 -1.548100 -1.514600 -0.203000 -0.880700 -4.133500 -0.275800 -2.341600 -3.647000 -2.812600 -5.104400 -0.909400 
0.384000 -2.024800 -0.417000 -1.674100 -1.561400 -1.367100 -3.004500 -3.678100 -1.287800 -0.776800 -1.845300 -1.251200 
0.386000 -0.684000 -2.279900 -0.599900 -1.017300 -2.990400 -1.616500 -3.182800 -1.473300 -2.993000 -3.872900 -1.958800 
0.388000 -0.304200 -1.451000 -2.508400 -1.222000 -1.123800 -2.567200 -3.190400 -4.073200 -1.333200 -1.515400 -3.630200 
0.390000 -0.880700 -0.489900 -1.291900 -1.983700 -2.315000 -1.671300 -8.526000 -0.600100 -3.805700 -4.353600 -2.752400 
0.392000 -1.078700 -0.976300 -2.160500 -0.778900 -1.967700 -1.390800 -2.246300 -1.077900 -2.324800 -1.749900 -6.327300 
0.394000 -0.455700 -0.687500 -0.434800 -0.885200 -1.129800 -3.747000 -3.739800 -0.629200 -1.777600 -5.741600 -2.097000 
0.396000 -1.009900 -0.965500 -1.733800 -0.586900 -0.952700 -2.963500 -2.751400 -1.729800 -3.557200 -2.684800 -6.550700 
0.398000 -0.392900 -0.563800 -1.136400 -2.242200 -0.502700 -1.736300 -2.361100 -2.150000 -5.833000 -1.098100 -1.989600 
0.400000 -0.770900 -0.375700 -2.597800 -0.412300 -1.062700 -1.058100 -0.871800 -4.622700 -1.714100 -1.500800 -1.515000 
0.402000 -2.193400 -2.168000 -0.160300 -0.944900 -1.800000 -2.353900 -1.194400 -1.578400 -2.151800 -0.933500 -1.728500 
0.404000 -0.835400 -0.397300 -1.924000 -0.824100 -1.755900 -0.581200 -1.771100 -3.780800 -0.829600 -1.626600 -4.231700 
0.406000 -0.710200 -0.242300 -0.950500 -0.520100 -1.496400 -1.384800 -1.205200 -1.186900 -1.117000 -0.799700 -13.348000 
0.408000 -0.764900 -1.163500 -0.986600 -0.913400 -1.694500 -1.066200 -0.824700 -1.975600 -3.482300 -2.084300 -6.683500 
0.410000 -1.123400 -0.928900 -0.324200 -2.214200 -0.483300 -1.543900 -0.403300 -1.369200 -2.586000 -0.709700 -2.075400 
0.412000 -1.141400 -0.482000 -1.962000 -1.148500 -1.896400 -1.186800 -2.371200 -1.343300 -1.658000 -0.798200 -1.498800 
0.414000 -0.533500 -0.531800 -2.111600 -0.813800 -0.820200 -2.260700 -0.905900 -2.251000 -1.385500 -5.665300 -1.207600 
0.416000 -0.705900 -1.061100 -0.762900 -2.119800 -0.656300 -0.747500 -0.085100 -4.277300 -2.048800 -2.025000 -0.910400 
0.418000 -0.396900 -1.024700 -0.996200 -2.392000 -0.550900 -0.730000 -2.283400 -2.468200 -1.508000 -2.026400 -2.072900 
0.420000 -0.711000 -0.384000 -1.571200 -1.549700 -1.038700 -1.923500 -0.617500 -1.415300 -2.282600 -0.219800 -7.827600 
0.422000 -0.865100 -0.920000 -1.413900 -0.525000 -2.190800 -0.727600 -2.100800 -3.319000 -0.703400 -1.570100 -5.792200 
0.424000 -1.041800 -0.805100 -1.215600 -1.146500 -0.840400 -2.283600 -0.707000 -1.472600 -1.892800 -1.608000 -5.732400 
0.426000 -2.323300 -0.617600 -1.023900 -1.425300 -1.044200 -5.072700 -0.244900 -1.081700 -4.034800 -2.525100 -6.739400 
0.428000 -0.455200 -0.608600 -1.023900 -1.936300 -1.213300 -3.288900 -0.572000 -3.095800 -0.691100 -2.425800 -3.227300 
0.430000 -1.290300 -0.987500 -0.795900 -2.711900 -0.467000 -0.905800 -0.893200 -4.030700 -2.226400 -1.470300 -4.533000 
0.432000 -1.067500 -0.710600 -1.179500 -1.297100 -0.851200 -0.818300 -0.524800 -2.745600 -2.155400 -2.871400 -3.093000 
0.434000 -0.883200 -0.864100 -2.852800 -1.258800 -1.048200 -0.740300 -1.513600 -3.025200 -0.925800 -1.346800 -3.882200 
0.436000 -0.292100 -0.713000 -1.179100 -2.130800 -1.187000 -1.864900 -2.226100 -3.814100 -0.968600 -0.741600 -7.091900 
0.438000 -0.478800 -0.552000 -0.760300 -1.507800 -0.678600 -0.873400 -0.782000 -3.634000 -1.238000 -2.186000 -6.172100 
0.440000 -0.845900 -0.564900 -1.436300 -1.104800 -0.298300 -0.721000 -0.837600 -2.216400 -2.456900 -2.204400 -4.764000 
0.442000 -1.802200 -1.046500 -0.753500 -1.916500 -0.935600 -1.081100 -1.907100 -5.535400 -2.526600 -1.414900 -7.614200 
0.444000 -1.483500 -1.230100 -0.827500 -0.947400 -0.840200 -0.930100 -2.074100 -1.378800 -1.468500 -0.613900 -2.102800 
0.446000 -0.967200 -1.625000 -1.195100 -1.643300 -1.354600 -0.805200 -1.057600 -1.090700 -1.574200 -1.827900 -6.175800 
0.448000 -0.205600 -1.370600 -0.375800 -0.243900 -1.853200 -0.597200 -2.552200 -6.440300 -2.926100 -1.940800 -7.841700 
0.450000 -2.030000 -2.225100 -1.313100 -0.580300 -0.429900 -0.996500 -1.963500 -2.627300 -1.485100 -2.645900 -4.005300 
0.452000 -2.024500 -0.381500 -0.809500 -2.183000 -0.584200 -1.106100 -0.329500 -1.847700 -1.604200 -0.818900 -4.762000 
0.454000 -0.778000 -0.377100 -1.917500 -1.265900 -1.351600 -0.253200 -0.642700 -2.313300 -1.469600 -1.481200 -2.730700 
0.456000 -0.542800 -1.559700 -0.878200 -0.583700 -0.478500 -0.878400 -0.715900 -2.850600 -2.674200 -4.419600 -1.540400 
0.458000 -2.392100 -0.802800 -0.654300 -2.783700 -2.209500 -0.738200 -0.712700 -1.171900 -1.163100 -0.743500 -3.042900 
0.460000 -1.424700 -0.873600 -0.622500 -0.715400 -1.101700 -0.791600 -0.478800 -6.610800 -1.365800 -2.428200 -1.892400 
0.462000 -1.303300 -0.715300 -0.429900 -4.068600 -1.181200 -1.121800 -1.597500 -2.906700 -0.782200 -1.344000 -3.151700 
0.464000 -1.000900 -0.578100 -0.948700 -0.809000 -1.128700 -2.522100 -0.762700 -1.194400 -1.368100 -1.133500 -2.330800 
0.466000 -0.567300 -1.436600 -1.608400 -0.555900 -0.677400 -1.051500 -2.002900 -1.968100 -1.248700 -1.219300 -7.892200 
0.468000 -1.033700 -2.644300 -2.256200 -1.196100 -0.405500 -2.806400 -0.851000 -3.648400 -1.576700 -1.462400 -3.490500 
0.470000 -0.360100 -0.909200 -1.232300 -1.547300 -1.370000 -1.437100 -0.503400 -0.750100 -0.747700 -5.950800 -2.624700 
0.472000 -0.468200 -2.205500 -1.363000 -3.456600 -0.496500 -1.421200 -0.809600 -3.910200 -0.931300 -3.381000 -2.405200 
0.474000 -0.711900 -0.251600 -1.921600 -1.055800 -1.018200 -1.841900 -0.273700 -1.816400 -2.006100 -1.508500 -4.421800 
0.476000 -2.568400 -0.128500 -1.720000 -0.685500 -0.303500 -1.217500 -2.091800 -2.266500 -2.437100 -2.538700 -11.095100 
0.478000 -0.300000 -0.563900 -1.366900 -0.719700 -2.758300 -0.222500 -2.610400 -0.621200 -1.161600 -0.763600 -10.384000 
0.480000 -0.345600 -0.749500 -1.713300 -1.398700 -0.765600 -1.268700 -1.991600 -1.570400 -4.861000 -0.956800 -13.663100 
0.482000 -0.617800 -0.589300 -2.045900 -1.131300 -0.865500 -1.739900 -1.008000 -1.193500 -2.279300 -2.404600 -8.392700 
0.484000 -0.226200 -2.004300 -2.069200 -0.938400 -2.369200 -0.188800 -7.058900 -1.006400 -3.281100 -1.850500 -13.143500 
0.486000 -0.725000 -1.450600 -1.790800 -0.600400 -0.558600 -1.276500 -1.559500 -2.093700 -2.528200 -0.665900 -13.011000 
0.488000 -0.250100 -1.025400 -3.346700 -1.690800 -1.078800 -1.049300 -0.978700 -1.020200 -0.909200 -1.581400 -5.771600 
0.490000 -1.619600 -2.319900 -1.739200 -1.824500 -0.764900 -1.342500 -0.657000 -1.441300 -1.176500 -3.726000 -5.894800 
0.492000 -1.750200 -0.182400 -1.325700 -0.474200 -0.883300 -0.883500 -0.483800 -2.072100 -1.537700 -2.291800 -13.446700 
0.494000 -0.669800 -0.203800 -0.750400 -2.449200 -2.841600 -0.888600 -0.912000 -3.681000 -1.582800 -0.727800 -5.178400 
0.496000 -1.157200 -0.496700 -0.843800 -2.094300 -1.948300 -1.065600 -2.884700 -3.304000 -2.248200 -3.950100 -4.785400 
0.498000 -1.355000 -0.917600 -1.761900 -0.855000 -1.737800 -1.232500 -2.515500 -1.779300 -3.929600 -1.205600 -2.262000 
0.500000 -0.611700 -1.530900 -1.308700 -0.810600 -2.060200 -0.464500 -1.835600 -3.224300 -3.223300 -1.941300 -10.335900 
0.502000 -0.369300 -1.707000 -1.243500 -0.846200 -0.164000 -1.546700 -0.125400 -3.746300 -1.295500 -1.515700 -7.162500 
0.504000 -0.589600 -1.363000 -0.940900 -1.312900 -0.560300 -0.683500 -1.626300 -1.513900 -4.446900 -3.294800 -2.481900 
0.506000 -0.199900 -0.354300 -0.529900 -0.628500 -2.495100 -1.259800 -1.056700 -0.747200 -3.995200 -3.194600 -14.339200 
0.508000 -1.354700 -0.804800 -0.742600 -1.716300 -0.798400 -1.434400 -3.148100 -2.417100 -1.134400 -3.427000 -3.464600 
0.510000 -0.502600 -0.985400 -1.211900 -3.243600 -0.886100 -1.725300 -0.357400 -1.775800 -2.130900 -2.175800 -14.482500 
0.512000 -0.521600 -1.285800 -1.336700 -1.582500 -2.062100 -1.838600 -0.975700 -4.372200 -0.661100 -1.408700 -4.060200 
0.514000 -1.806000 -1.759200 -1.408600 -0.651400 -1.665900 -0.923000 -0.471800 -2.719300 -1.459800 -6.289700 -8.754300 
0.516000 -1.292600 -2.110900 -1.575000 -3.346300 -0.361200 -0.652800 -2.468000 -1.920900 -1.344300 -2.059000 -14.252700 
0.518000 -2.274800 -1.327400 -2.306600 -1.228200 -0.255200 -0.786100 -2.065900 -0.843700 -3.022100 -6.368600 -15.885800 
0.520000 -2.424800 -1.553100 -0.727700 -0.672400 -1.053700 -3.823000 -1.805700 -1.179600 -1.815100 -3.088000 -9.301300 
0.522000 -1.843500 -0.563800 -1.077700 -1.187300 -0.579200 -0.933400 -1.767300 -1.646600 -2.347000 -1.685000 -6.996700 
0.524000 -1.111700 -0.720500 -0.887500 -0.981500 -0.768100 -2.499700 -0.433500 -0.548100 -1.438500 -3.419300 -9.296800 
0.526000 -0.520400 -1.481800 -1.243700 -1.793800 -0.269600 -0.686400 -0.690500 -1.253500 -0.440700 -1.919600 -11.405200 
0.528000 -1.225600 -2.625500 -1.960200 -0.805700 -0.592200 -1.363300 -2.377200 -1.788800 -2.541600 -1.619300 -11.917300 
0.530000 -0.497600 -2.605300 -0.901800 -1.573400 -0.386400 -1.802800 -0.789500 -1.477100 -2.329800 -3.684500 -8.356100 
0.532000 -1.311600 -2.093400 -2.654900 -0.821700 -0.552600 -2.118000 -1.575600 -2.165600 -3.082700 -1.734600 -4.584600 
0.534000 -1.380000 -1.779900 -1.223600 -1.128400 -2.240600 -1.408100 -1.512300 -5.294200 -4.561000 -2.334700 -4.960900 
0.536000 -1.389100 -0.895400 -1.668800 -1.637100 -3.252000 -0.916900 -0.903900 -3.379800 -0.882900 -1.254200 -5.245000 
0.538000 -1.765100 -1.344500 -1.049900 -1.255400 -1.303900 -1.341100 -1.229200 -0.756000 -1.277200 -2.731800 -13.185400 
0.540000 -1.124600 -1.321900 -0.977600 -2.611200 -0.170900 -1.080200 -0.661800 -4.406000 -4.071900 -1.328400 -7.948700 
0.542000 -0.458700 -0.632200 -1.504700 -0.949700 -1.994300 -1.568200 -0.986100 -0.867600 -0.470000 -0.720200 -10.043200 
0.544000 -2.642100 -1.455800 -1.162900 -1.490600 -2.112900 -0.870400 -1.186600 -1.022600 -1.211700 -5.475500 -4.930100 
0.546000 -0.883800 -0.449900 -1.087800 -0.857600 -1.537200 -0.789200 -0.107900 -3.767400 -6.133700 -1.468700 -8.155300 
0.548000 -1.644100 -0.829200 -1.664900 -1.167700 -1.232000 -0.836700 -1.784700 -0.783900 -1.451400 -1.535700 -4.681800 
0.550000 -1.174700 -0.361500 -0.348100 -0.908200 -0.967100 -1.332300 -0.888600 -2.325700 -0.749900 -0.437700 -8.306300 
0.552000 -0.429800 -0.755300 -0.560500 -2.592900 -1.039900 -2.886000 -1.056400 -4.971900 -0.743800 -0.414300 -3.128200 
0.554000 -1.996700 -1.534600 -1.202000 -1.087600 -1.510600 -2.042500 -0.970200 -1.185900 -3.048200 -1.014700 -8.584400 
0.556000 -1.028100 -1.252400 -0.672200 -1.021300 -1.169200 -0.323300 -2.181000 -3.650700 -4.123800 -1.418700 -3.913300 
0.558000 -0.849100 -1.028400 -0.837400 -0.801100 -1.381200 -1.466800 -1.057200 -3.547100 -4.451200 -1.908800 -6.614800 
0.560000 -1.458400 -2.029600 -0.632200 -1.230300 -0.543600 -1.973300 -1.398600 -3.722500 -1.503200 -1.085900 -12.298300 
0.562000 -0.976300 -1.574800 -1.206300 -0.695600 -1.107100 -0.507900 -0.589200 -1.237400 -2.411800 -1.501600 -2.528300 
0.564000 -2.273900 -0.592500 -1.314700 -1.402200 -0.691900 -0.957400 -0.611900 -1.401700 -4.055400 -0.660400 -1.754800 
0.566000 -0.939300 -0.947700 -1.026800 -0.843400 -2.768400 -2.244400 -1.576200 -1.666900 -0.674900 -0.333900 -7.461300 
0.568000 -0.973100 -0.776200 -1.976800 -1.412700 -2.354700 -2.366200 -3.441700 -2.291900 -2.314100 -1.242300 -3.500200 
0.570000 -1.275500 -0.679500 -1.855300 -0.463600 -3.137700 -0.964600 -1.275500 -4.658900 -1.958900 -0.742400 -9.871700 
0.572000 -1.447500 -2.387300 -1.235400 -0.518000 -1.234300 -1.162700 -1.476800 -4.180700 -1.995100 -2.327200 -5.381200 
0.574000 -0.385800 -1.665000 -0.539900 -0.567800 -1.492800 -1.933600 -0.737000 -1.615400 -0.891900 -1.130500 -3.116400 
0.576000 -1.471300 -1.774900 -0.640300 -0.751800 -0.690800 -1.241100 -1.373600 -1.372500 -4.532600 -1.396300 -4.577300 
0.578000 -1.065600 -3.340200 -0.850400 -2.471800 -2.655100 -0.487200 -2.077900 -1.699000 -1.951800 -0.348400 -3.938200 
0.580000 -2.448700 -0.352700 -0.415200 -0.488000 -1.256300 -0.482000 -2.072700 -1.597500 -1.019000 -1.360100 -2.019100 
0.582000 -1.229100 -1.457600 -0.424200 -1.677800 -1.743100 -0.573300 -1.172600 -0.995800 -0.646400 -1.552800 -8.921600 
0.584000 -0.916700 -0.293100 -0.914500 -0.997900 -1.819200 -1.965200 -2.218100 -1.596800 -0.780500 -1.255900 -2.184700 
0.586000 -0.291500 -1.635400 -2.027400 -0.747600 -2.059900 -0.644600 -0.534300 -1.453900 -0.416300 -2.161200 -2.982400 
0.588000 -0.435100 -1.593800 -0.860900 -1.573200 -0.500500 -1.124000 -1.952300 -1.492800 -2.069600 -1.092800 -3.063600 
0.590000 -1.317900 -0.287600 -0.308500 -1.120400 -0.912100 -0.817800 -1.314500 -1.178300 -4.705900 -1.009400 -2.442100 
0.592000 -1.111800 -0.411300 -1.901400 -1.547700 -2.600800 -0.341000 -0.725800 -3.887000 -1.854800 -1.237500 -4.480500 
0.594000 -0.741900 -1.197100 -1.008900 -0.534700 -1.542800 -1.008500 -2.135000 -1.059100 -1.639500 -1.562500 -10.881000 
0.596000 -1.526900 -0.395300 -0.930600 -0.418000 -1.516800 -2.040700 -1.595800 -0.759900 -1.469800 -1.891700 -10.495000 
0.598000 -0.589400 -0.619000 -0.727300 -1.044300 -0.685300 -1.382900 -7.180400 -3.210700 -1.506700 -4.036000 -10.663600 
0.600000 -0.645800 -0.376900 -0.720800 -0.580700 -0.553800 -1.029300 -1.508300 -1.835000 -1.734800 -1.013000 -5.986000 
0.602000 -1.897200 -1.310300 -1.524800 -3.049900 -2.207200 -1.122500 -1.509800 -0.983900 -1.725500 -0.349000 -4.197000 
0.604000 -0.563700 -0.738300 -1.941200 -0.409300 -1.322000 -0.658100 -1.145000 -1.217200 -1.376000 -0.969300 -3.137600 
0.606000 -0.252900 -1.758000 -1.382400 -1.009900 -0.732600 -0.588800 -0.239500 -3.516000 -0.636000 -1.029000 -9.504600 
0.608000 -0.427300 -1.405000 -0.516200 -0.752800 -0.703500 -0.915000 -1.493900 -3.797700 -0.461000 -1.613500 -16.554600 
0.610000 -0.132100 -1.082000 -0.765100 -0.713000 -1.848000 -2.215100 -0.525100 -0.911000 -1.831200 -2.282500 -1.472300 
0.612000 -0.872500 -1.677900 -2.555500 -0.418600 -2.046000 -0.546500 -0.835600 -1.112700 -1.921300 -1.591500 -4.709000 
0.614000 -1.012000 -0.400100 -1.865300 -0.335100 -1.303400 -0.204600 -0.964100 -2.318600 -4.219100 -1.424000 -1.579900 
0.616000 -1.171300 -1.131600 -1.746000 -1.469600 -2.136800 -0.596200 -0.348400 -1.181400 -2.188900 -0.889100 -3.406500 
0.618000 -0.204400 -0.830200 -1.794400 -0.473800 -2.180700 -0.953200 -0.650000 -0.913900 -2.550900 -0.912000 -3.797100 
0.620000 -0.699800 -1.537100 -0.456000 -0.637400 -2.529800 -1.068600 -1.510900 -2.707700 -0.938700 -1.566900 -11.202400 
0.622000 -0.553200 -0.715000 -0.662200 -2.371300 -2.182500 -0.897900 -0.357100 -2.184500 -1.085800 -2.843600 -3.213300 
0.624000 -0.451100 -0.476800 -1.339500 -1.650400 -1.235500 -0.922900 -0.380900 -1.545800 -1.581500 -2.934100 -3.515700 
0.626000 -1.223100 -0.239500 -1.065100 -2.205600 -1.852800 -0.590900 -0.881100 -1.798600 -1.172000 -0.613100 -10.661500 
0.628000 -1.014200 -2.059500 -1.355900 -1.309700 -0.812400 -1.395600 -1.409900 -1.318200 -2.234700 -2.025300 -3.849900 
0.630000 -0.330700 -1.214900 -0.780800 -0.388200 -1.567200 -2.096300 -2.154500 -2.054400 -2.427700 -1.107900 -4.873700 
0.632000 -1.067600 -0.308200 -2.790500 -2.424900 -2.978700 -0.499200 -2.378800 -2.840800 -1.980900 -1.585600 -7.402900 
0.634000 -0.966100 -0.732000 -1.146500 -1.477900 -1.198800 -1.457200 -0.536900 -2.062400 -2.049400 -3.113600 -3.797900 
0.636000 -0.880400 -0.967200 -1.738700 -1.236100 -1.627500 -1.765900 -1.220700 -1.383600 -1.054000 -1.909700 -3.619600 
0.638000 -0.746300 -0.839100 -3.613000 -1.650700 -3.165000 -0.351300 -3.730500 -3.697700 -2.057500 -1.435100 -2.344600 
0.640000 -0.747300 -0.590700 -1.432200 -1.532600 -1.864300 -1.443600 -0.661900 -2.334100 -2.319400 -1.439400 -3.949900 
0.642000 -2.116400 -0.738300 -1.816900 -2.140900 -1.117700 -0.920600 -2.766000 -2.022300 -4.126400 -1.059600 -6.996100 
0.644000 -1.420600 -0.190700 -0.810200 -1.644700 -1.482600 -0.290900 -2.831700 -2.015200 -3.732800 -1.050100 -4.483900 
0.646000 -0.625000 -1.155200 -0.594400 -1.274600 -1.175300 -0.380300 -3.157900 -0.431700 -0.890100 -1.225200 -1.776800 
0.648000 -1.555000 -1.759600 -1.740900 -0.914500 -1.082500 -1.061700 -2.126800 -0.798200 -0.937500 -2.278900 -6.244700 
0.650000 -1.803000 -0.226900 -0.879500 -1.279700 -1.918800 -1.150800 -0.394900 -3.659300 -1.438700 -1.609400 -4.117400 
0.652000 -1.100100 -0.949900 -2.791600 -1.243500 -0.918800 -0.724500 -1.847500 -3.493100 -2.828900 -1.891900 -3.794100 
0.654000 -1.582700 -1.049700 -0.758200 -1.311900 -0.591900 -1.653900 -2.331300 -0.794900 -2.559900 -0.425400 -1.135100 
0.656000 -0.574600 -1.056600 -1.926600 -0.980900 -0.851000 -1.036400 -1.059300 -4.294600 -2.306000 -3.005400 -5.627500 
0.658000 -1.172000 -0.755200 -1.339500 -0.452300 -0.330500 -5.067200 -1.256300 -1.561300 -1.145600 -4.318400 -3.974200 
0.660000 -1.132100 -2.869900 -3.184800 -1.767400 -0.970200 -2.037800 -3.055700 -0.899300 -3.113200 -11.162200 -2.693100 
0.662000 -0.963400 -1.470400 -1.596600 -2.415400 -0.585600 -0.409500 -1.394600 -0.182500 -2.288900 -4.000500 -8.412900 
0.664000 -0.553900 -0.655500 -0.874800 -1.522800 -0.836400 -0.724200 -1.062500 -0.883700 -2.933200 -4.964300 -3.181400 
0.666000 -1.971100 -0.668600 -0.976400 -0.909700 -1.940300 -1.831900 -2.635000 -1.350300 -3.870600 -9.659700 -3.199300 
0.668000 -0.857500 -2.459000 -0.333800 -0.471300 -0.854600 -2.445400 -1.391800 -2.139700 -1.971500 -2.337200 -2.332500 
0.670000 -0.723700 -1.599700 -0.524500 -1.670300 -1.878900 -1.163900 -2.082700 -0.897000 -3.041800 -5.937400 -1.833800 
0.672000 -0.881100 -1.530500 -0.943700 -1.156500 -1.396600 -0.869000 -1.936900 -1.697400 -1.166500 -4.172100 -5.232100 
0.674000 -0.997700 -0.875600 -3.394900 -3.683400 -0.495400 -1.038600 -0.815700 -4.301000 -2.267000 -7.063400 -8.110500 
0.676000 -3.262000 -1.916900 -1.410500 -1.504600 -1.739500 -2.890300 -0.454500 -1.334300 -3.634000 -5.851900 -4.481400 
0.678000 -1.187100 -0.901400 -1.360100 -1.381300 -1.243400 -1.847700 -0.539800 -0.991500 -1.903400 -4.848900 -6.867700 
0.680000 -1.551800 -0.966000 -1.120200 -0.348800 -3.039700 -1.851500 -2.178200 -2.646200 -2.199200 -2.158400 -4.517500 
0.682000 -0.874200 -2.651100 -2.762600 -1.513600 -1.500100 -2.007000 -1.016600 -1.369000 -4.410000 -4.463200 -3.812900 
0.684000 -0.280200 -0.473400 -1.436500 -2.193700 -2.877000 -0.722800 -0.670300 -0.318700 -1.015900 -3.886900 -14.878100 
0.686000 -1.100100 -2.381000 -1.164000 -1.307000 -2.193400 -0.960400 -1.134000 -0.867200 -2.087700 -5.053200 -8.163300 
0.688000 -2.065100 -1.613100 -0.688300 -0.608100 -1.844200 -0.426800 -0.888900 -1.324600 -2.974400 -4.150700 -6.824300 
0.690000 -0.533400 -0.596200 -0.892900 -1.338700 -0.352300 -1.872700 -1.010400 -0.593900 -1.856400 -2.716100 -19.810100 
0.692000 -1.243700 -0.528500 -1.410200 -0.626000 -1.305300 -1.068800 -1.600300 -3.562500 -3.188600 -4.710100 -39.113900 
0.694000 -1.121000 -1.885000 -0.923900 -1.600600 -1.553000 -1.248800 -1.878600 -1.921600 -0.673900 -6.213400 -30.683900 
0.696000 -1.537200 -1.580400 -1.113900 -1.693900 -1.817400 -1.956200 -0.875500 -5.285200 -2.380700 -3.175900 -26.934300 
0.698000 -1.111800 -2.081800 -1.523200 -1.919200 -0.472400 -0.901700 -0.175100 -1.416400 -4.752200 -3.184100 -22.899300 
0.700000 -1.025100 -1.864000 -0.874300 -0.333200 -0.996100 -4.633800 -2.059800 -1.630800 -1.853300 -2.121800 -29.484700 
0.702000 -0.722600 -0.610400 -0.642300 -0.169700 -2.309800 -1.754100 -1.090600 -2.652900 -3.420800 -5.892400 -21.240400 
0.704000 -0.317600 -3.109800 -0.672000 -1.932900 -0.377600 -1.114400 -2.709700 -1.542000 -1.712400 -6.229800 -16.591400 
0.706000 -1.736700 -1.009800 -0.819200 -0.820000 -0.456900 -0.605200 -1.344900 -2.030000 -1.107500 -4.193300 -26.910000 
0.708000 -1.200700 -0.897600 -2.100800 -1.434500 -1.679000 -2.241800 -0.983000 -1.000400 -2.340400 -4.499600 -21.337000 
0.710000 -0.478500 -1.081200 -1.441400 -3.764200 -1.001800 -1.181000 -1.421600 -1.136200 -3.634100 -2.683500 -14.384200 
0.712000 -0.805900 -1.039500 -0.297700 -1.422300 -1.626600 -0.987300 -1.347200 -1.082500 -0.858900 -5.918300 -19.621400 
0.714000 -0.629500 -2.197100 -1.256900 -2.180300 -1.632700 -2.425000 -1.183300 -2.617000 -1.070300 -1.978100 -5.920500 
0.716000 -1.815500 -1.568200 -2.133100 -1.005600 -2.743400 -0.986200 -1.998000 -0.841700 -2.648600 -6.543000 -9.134200 
0.718000 -1.109900 -1.186200 -0.538000 -2.720500 -2.340900 -1.379400 -0.965400 -3.001300 -1.727600 -2.074900 -13.903700 
0.720000 -1.121100 -1.140800 -1.852600 -1.448000 -0.935600 -0.909600 -0.704200 -1.053700 -2.307300 -1.652300 -21.186500 
0.722000 -0.912000 -0.761900 -1.058500 -1.720100 -2.306700 -1.079000 -0.876600 -2.212700 -1.383700 -3.562200 -30.488300 
0.724000 -0.404200 -1.746300 -0.217600 -1.933100 -0.873800 -0.858400 -0.640500 -4.602400 -0.335000 -1.273500 -34.002400 
0.726000 -0.860900 -0.404300 -0.928100 -0.942200 -2.849400 -0.483700 -0.849300 -1.188800 -1.714900 -4.377700 -7.257900 
0.728000 -2.708000 -0.768600 -2.312200 -0.753300 -1.326500 -1.441900 -1.612600 -0.445000 -2.884500 -2.314600 -11.615200 
0.730000 -1.160600 -0.647300 -1.058600 -0.889200 -0.463100 -2.882400 -1.618500 -0.731400 -1.614700 -1.222200 -19.517800 
0.732000 -0.761600 -0.809800 -1.215100 -0.518000 -1.270100 -1.233400 -0.905900 -1.987600 -2.712200 -2.860200 -36.823200 
0.734000 -0.920700 -0.889600 -3.404900 -1.447200 -0.548600 -0.485500 -1.219500 -1.154000 -1.273200 -1.403900 -23.528200 
0.736000 -1.181800 -3.542600 -0.454900 -1.475800 -0.306600 -0.847800 -1.608700 -2.995300 -4.467700 -6.759400 -21.909100 
0.738000 -0.886800 -0.612000 -1.886000 -1.392700 -0.440300 -0.465000 -1.437400 -2.817800 -1.661800 -5.727200 -21.323100 
0.740000 -0.887900 -0.898600 -0.388500 -0.775400 -1.641800 -1.573800 -1.137800 -2.296400 -0.654100 -5.926800 -17.311200 
0.742000 -0.272800 -0.574500 -1.471000 -1.598700 -2.718500 -2.349400 -1.936500 -1.361300 -1.272500 -13.221300 -38.027600 
0.744000 -0.808100 -0.393300 -0.250300 -0.661100 -2.221300 -0.479600 -0.664300 -1.799600 -2.435500 -8.008500 -36.377800 
0.746000 -0.903800 -2.167100 -0.954400 -1.693500 -1.800500 -1.716000 -1.835200 -1.931000 -5.119300 -4.309800 -10.896200 
0.748000 -0.348400 -0.506100 -1.769300 -2.134900 -0.614200 -1.589600 -1.411400 -1.912800 -1.536800 -3.430100 -14.692100 
0.750000 -0.433400 -1.079100 -4.187600 -0.337900 -0.567800 -0.684100 -1.528300 -2.381500 -2.888000 -2.684500 -35.857600 
0.752000 -0.991500 -0.958500 -0.401800 -0.790300 -1.664100 -0.637800 -0.511900 -4.750600 -3.019400 -3.110500 -21.598200 
0.754000 -1.069300 -0.391300 -1.208500 -1.161700 -0.559000 -0.445700 -2.855300 -3.890000 -8.202200 -6.280900 -37.687700 
0.756000 -1.215000 -1.075600 -1.749400 -1.028800 -2.212300 -1.351900 -2.108200 -2.993200 -5.448100 -1.382400 -23.482100 
0.758000 -0.419000 -0.614800 -1.107700 -1.714600 -1.005600 -0.843800 -0.741100 -1.367500 -4.163200 -1.776600 -14.204900 
0.760000 -1.689600 -0.613700 -1.029200 -2.220100 -0.933600 -0.377400 -1.059700 -2.269000 -3.239300 -0.687600 -25.301800 
0.762000 -0.265600 -1.243900 -0.429600 -1.665800 -0.606900 -1.465800 -1.546900 -1.175100 -3.926100 -4.010300 -14.360400 
0.764000 -1.625300 -1.123600 -1.035300 -1.358400 -0.907300 -1.610900 -0.500200 -0.448600 -3.896200 -9.514200 -37.285300 
0.766000 -1.681100 -1.460200 -1.642700 -2.406300 -1.037500 -3.012100 -2.869300 -2.712700 -0.465300 -10.090600 -24.669400 
0.768000 -0.882700 -1.571200 -2.497500 -0.957100 -0.121900 -0.982700 -1.045300 -2.652400 -1.023000 -3.553400 -5.556300 
0.770000 -1.052100 -1.018100 -1.524600 -1.183200 -1.767000 -3.468900 -2.015100 -4.809100 -2.055700 -5.977900 -21.929700 
0.772000 -0.576600 -0.515000 -0.748800 -0.222400 -0.702900 -0.835600 -0.181000 -1.653800 -2.038800 -4.914400 -22.988700 
0.774000 -0.696700 -0.635700 -1.759900 -1.103400 -0.516900 -4.516800 -1.932800 -2.096400 -1.931100 -5.337000 -17.876000 
0.776000 -0.935100 -1.090200 -0.977000 -2.657900 -1.245500 -0.884100 -6.294100 -2.448100 -1.507600 -5.458400 -16.786000 
0.778000 -1.024600 -0.990200 -1.379700 -2.634000 -2.000600 -1.388300 -2.737300 -3.857900 -2.265100 -2.515000 -10.983300 
0.780000 -0.795400 -0.820600 -1.379200 -1.996400 -1.342100 -1.609200 -0.970400 -2.133600 -2.774000 -4.736900 -15.394800 
0.782000 -0.413500 -1.031900 -1.007200 -1.343100 -1.249900 -1.404600 -1.236800 -1.818000 -2.436200 -7.155400 -5.721700 
0.784000 -0.443800 -1.792900 -0.428700 -1.926300 -1.182200 -0.643600 -1.374300 -0.911300 -1.258200 -10.641900 -14.293600 
0.786000 -0.919900 -2.432800 -0.806500 -1.723800 -1.099300 -0.830600 -0.873000 -3.996300 -2.121800 -6.319100 -13.860600 
0.788000 -0.315900 -1.246700 -2.062400 -1.419200 -2.118900 -1.319900 -0.136800 -1.495800 -0.649400 -2.295700 -13.615000 
0.790000 -0.770600 -0.408300 -0.971800 -1.801200 -0.624700 -0.615200 -1.322100 -0.840900 -0.892600 -9.811000 -15.669100 
0.792000 -0.374500 -0.477200 -0.996300 -0.905500 -0.307400 -1.599300 -5.801900 -0.870800 -0.362600 -0.968900 -18.268300 
0.794000 -0.790100 -1.508600 -1.820000 -2.215500 -1.215600 -0.972000 -0.606300 -1.707500 -0.855500 -3.147300 -29.235500 
0.796000 -0.898100 -1.765300 -0.644800 -3.210300 -0.426900 -0.985700 -1.455500 -2.302500 -2.522900 -3.174900 -7.422600 
0.798000 -0.669800 -1.218400 -0.416300 -2.143200 -0.433700 -2.064800 -0.967000 -0.397600 -0.885600 -3.030000 -22.040400 
0.800000 -0.489900 -1.197700 -1.226400 -1.389600 -1.157800 -0.956700 -2.369300 -2.049200 -3.691100 -13.357100 -6.186400 
0.802000 -0.278500 -1.297400 -1.442900 -1.259600 -0.556900 -0.393900 -0.571300 -3.549500 -1.551400 -2.768500 -5.362700 
0.804000 -0.809800 -1.294300 -0.734500 -1.141600 -1.118200 -2.478800 -0.802300 -1.639300 -1.149500 -3.864500 -7.798600 
0.806000 -0.634800 -1.060100 -0.931400 -2.522300 -1.790200 -0.768200 -2.152500 -1.017100 -0.592700 -1.476700 -5.495600 
0.808000 -0.800400 -1.125700 -1.252800 -1.769000 -0.878900 -0.445200 -5.923700 -2.437200 -2.705200 -1.923500 -9.663500 
0.810000 -0.821600 -2.315300 -0.645100 -1.661400 -1.047600 -0.214300 -3.472000 -1.895300 -0.518900 -3.182100 -8.938700 
0.812000 -1.317100 -0.997600 -1.669100 -1.930000 -1.036300 -0.350700 -1.026000 -2.913700 -1.836500 -5.767700 -10.121800 
0.814000 -1.362500 -0.436900 -2.060100 -0.947700 -1.904700 -2.932600 -1.091600 -1.378700 -0.966700 -3.637300 -11.698600 
0.816000 -1.748200 -1.150400 -0.991500 -0.703800 -0.525600 -1.071400 -1.137600 -2.119400 -0.984600 -4.871000 -22.335800 
0.818000 -1.212300 -0.830500 -0.890900 -0.356300 -1.450000 -0.802000 -2.159300 -2.050900 -2.335900 -3.565100 -15.855300 
0.820000 -0.472600 -1.360900 -1.534800 -0.972800 -0.579300 -1.029200 -1.612000 -1.258900 -0.491000 -4.712100 -15.434200 
0.822000 -0.576900 -1.229400 -0.849800 -0.885700 -0.870300 -0.656300 -0.742500 -2.062400 -2.225900 -2.879000 -29.333700 
0.824000 -1.271600 -0.818400 -1.379000 -1.173700 -1.119200 -0.383300 -3.545300 -1.948500 -0.932300 -4.014700 -13.674600 
0.826000 -2.085600 -1.462600 -2.096500 -1.431500 -0.922200 -0.991300 -0.514500 -2.813300 -1.321000 -3.662800 -8.338900 
0.828000 -1.056000 -1.622200 -2.565200 -0.938100 -0.969400 -0.812800 -3.686700 -3.404400 -0.970200 -4.108900 -3.810900 
0.830000 -1.369700 -1.031000 -1.729300 -0.868800 -1.070200 -1.543700 -1.256000 -1.959600 -1.916500 -7.652300 -10.166400 
0.832000 -1.206200 -0.705400 -2.076900 -2.019500 -1.320500 -0.820200 -1.244700 -0.363900 -1.420500 -1.573800 -23.778400 
0.834000 -1.675400 -1.031500 -1.099000 -0.701200 -0.787800 -1.778400 -0.999200 -2.582700 -2.352800 -1.742600 -8.542200 
0.836000 -2.442400 -1.819900 -0.783300 -2.788800 -1.451100 -0.345900 -1.288100 -2.318500 -0.583100 -2.252400 -16.659500 
0.838000 -0.890000 -0.956000 -0.655400 -0.481200 -1.119700 -0.835600 -1.722300 -1.133800 -1.017000 -2.421000 -14.446600 
0.840000 -0.710300 -1.291100 -0.736900 -2.440700 -0.743500 -1.082100 -3.057700 -1.450500 -2.379000 -1.043100 -24.155400 
0.842000 -2.351900 -3.249100 -1.367800 -1.897200 -1.201400 -1.145700 -0.487100 -2.779500 -0.525300 -6.534300 -16.414500 
0.844000 -0.605000 -0.985200 -2.052800 -2.439300 -1.046200 -4.349900 -3.155800 -2.669000 -3.015300 -1.578500 -11.275000 
0.846000 -2.905200 -0.756100 -0.671600 -1.156700 -3.141800 -0.668400 -1.382300 -2.142100 -2.294400 -1.869300 -17.422800 
0.848000 -1.061200 -1.690900 -1.486300 -0.789700 -1.531000 -0.472600 -1.638000 -4.034100 -1.833700 -2.798400 -8.782700 
0.850000 -0.408400 -1.781700 -1.396300 -0.540700 -0.765100 -0.893200 -2.204600 -2.468000 -2.327900 -3.162800 -20.744200 
0.852000 -0.944600 -0.814700 -0.714500 -2.104200 -1.151300 -0.439100 -1.373700 -2.063600 -1.134500 -5.752100 -6.615100 
0.854000 -0.364100 -2.491700 -0.970100 -1.191400 -1.044100 -1.104200 -1.517700 -2.300100 -0.888700 -6.039900 -17.776000 
0.856000 -0.541900 -3.497200 -1.052700 -0.534100 -1.316900 -1.101100 -1.379100 -4.452400 -2.542300 -4.063500 -14.350000 
0.858000 -0.652900 -0.610800 -3.029800 -1.050100 -1.172700 -0.568200 -0.283800 -2.246900 -2.615400 -2.507600 -11.914800 
0.860000 -1.707600 -1.583000 -1.572900 -1.266700 -0.623000 -0.830500 -0.755700 -4.480200 -3.367300 -4.296800 -12.887200 
0.862000 -0.256700 -1.116400 -0.428300 -0.689800 -0.316000 -0.404200 -2.430500 -1.723600 -1.857300 -4.652500 -5.977900 
0.864000 -1.362400 -1.184700 -0.349100 -0.473000 -2.457500 -1.523200 -1.974400 -1.104200 -2.591600 -6.781500 -17.631600 
0.866000 -0.530200 -0.780800 -0.960700 -2.134500 -1.161700 -1.236800 -1.175300 -1.200800 -0.907500 -4.133800 -9.155800 
0.868000 -0.654600 -1.777400 -0.644400 -1.763900 -0.955700 -1.017900 -2.146800 -4.003500 -4.371500 -1.044700 -9.072100 
0.870000 -0.659000 -0.465800 -0.894300 -2.540300 -0.630000 -0.856800 -1.197300 -1.372400 -1.722700 -3.312600 -4.807000 
0.872000 -1.153000 -2.575400 -2.451100 -0.738900 -1.096100 -1.001900 -1.061100 -3.091400 -1.090800 -4.981900 -19.443300 
0.874000 -0.499100 -2.273700 -1.122900 -1.387400 -3.052000 -1.032100 -1.385400 -1.281800 -3.273500 -2.957300 -10.194700 
0.876000 -1.932400 -1.291400 -0.743400 -1.727800 -0.555800 -1.969400 -1.915900 -1.010900 -1.237300 -3.539200 -9.815200 
0.878000 -0.556100 -0.996900 -2.049700 -0.824300 -0.576000 -1.036500 -0.868400 -2.099800 -3.596800 -8.713800 -5.203400 
0.880000 -1.076000 -0.459300 -0.710200 -1.371900 -0.763000 -1.241300 -1.451000 -4.170300 -2.111800 -5.421400 -9.796100 
0.882000 -0.543600 -1.628600 -1.449400 -1.041900 -1.629100 -1.242500 -0.951000 -0.268000 -2.143400 -2.369900 -8.226300 
0.884000 -0.596200 -0.659900 -1.114600 -1.808000 -1.824500 -1.183400 -0.490800 -0.715800 -2.660200 -4.029100 -19.308200 
0.886000 -0.383600 -0.888400 -1.931200 -0.783900 -1.007900 -0.690300 -1.197100 -0.561900 -3.226900 -2.706500 -5.028900 
0.888000 -0.185900 -0.539300 -1.227300 -1.494300 -0.731000 -0.659200 -0.573700 -1.150200 -1.794900 -1.787700 -6.716100 
0.890000 -0.857300 -0.315000 -1.124700 -0.259500 -1.063400 -1.774100 -0.662100 -2.847600 -1.723800 -2.978600 -8.314700 
0.892000 -1.366300 -0.560300 -1.806400 -1.859500 -1.299100 -0.713300 -1.138200 -1.057500 -3.242600 -3.007300 -11.213300 
0.894000 -0.551900 -0.902600 -1.379300 -1.571600 -1.312500 -1.341700 -1.761000 -1.872000 -0.999300 -1.361400 -27.069800 
0.896000 -2.202000 -0.556900 -2.220500 -1.773400 -0.201700 -0.593400 -3.229100 -2.304200 -2.134600 -2.686900 -15.522400 
0.898000 -0.659900 -1.680000 -1.747600 -2.288100 -0.629900 -0.568800 -2.003600 -5.805800 -1.719700 -3.030400 -20.789500 
0.900000 -0.130600 -0.696700 -1.299700 -1.047600 -1.663100 -1.248700 -1.171200 -1.100600 -1.266000 -3.315000 -18.531000 
0.902000 -0.732400 -0.848300 -1.043200 -0.474000 -1.691800 -0.807300 -1.430900 -1.459600 -0.907800 -2.843400 -15.415300 
0.904000 -0.210000 -0.387300 -1.083800 -0.883600 -0.541700 -0.651600 -1.751100 -3.260100 -1.343000 -1.315500 -9.534600 
0.906000 -0.313500 -0.680800 -0.698700 -1.121100 -0.448200 -1.077600 -0.954900 -6.147500 -1.418700 -4.022300 -6.674000 
0.908000 -0.329700 -0.468600 -0.862800 -0.733500 -1.266600 -0.796700 -2.415200 -1.210600 -2.019100 -4.464200 -6.825500 
0.910000 -1.429600 -1.055200 -0.526500 -0.944300 -0.582200 -1.243400 -1.271800 -2.193200 -2.359400 -2.460600 -8.209500 
0.912000 -2.173600 -0.363600 -1.261800 -1.704900 -0.604600 -1.442200 -1.580900 -1.022600 -1.631200 -2.081700 -16.690700 
0.914000 -0.731100 -1.219000 -2.097800 -1.750700 -1.251400 -1.245400 -1.398200 -0.877400 -2.051800 -20.431900 -10.140400 
0.916000 -0.523400 -0.380300 -0.837000 -1.847600 -2.570800 -1.918400 -1.132600 -1.546200 -1.863800 -16.039000 -8.598600 
0.918000 -0.679100 -0.499700 -1.633800 -0.351800 -0.754300 -0.939500 -2.917200 -1.046400 -2.553300 -22.833900 -5.757400 
0.920000 -1.274300 -0.219100 -0.781700 -1.391900 -1.664800 -1.009100 -0.884300 -5.498300 -0.844000 -10.323200 -8.280400 
0.922000 -0.818800 -0.979800 -0.905600 -1.513900 -2.537500 -1.121100 -1.380600 -2.751200 -1.139300 -7.783400 -9.548600 
0.924000 -0.762400 -0.911500 -0.405900 -0.882200 -2.320200 -1.328400 -0.687100 -1.550300 -1.210600 -4.939300 -22.626100 
0.926000 -0.815800 -1.320200 -1.410800 -0.982700 -2.007600 -1.933500 -1.767700 -3.621600 -1.973600 -9.075300 -22.625600 
0.928000 -1.757300 -1.070700 -3.434000 -1.672500 -2.162000 -1.250600 -1.816500 -2.832200 -1.184800 -19.196100 -8.870400 
0.930000 -0.539800 -1.259200 -0.492800 -1.214000 -1.707100 -1.684000 -1.192100 -4.368600 -0.410700 -5.532000 -14.103900 
0.932000 -0.662300 -1.480900 -1.417600 -1.917200 -0.604300 -2.007900 -1.159300 -3.755700 -0.869600 -13.665400 -10.643500 
0.934000 -1.052900 -0.213000 -0.507300 -2.130900 -0.464000 -0.222100 -3.306000 -2.942300 -2.831600 -7.194700 -7.788700 
0.936000 -1.966400 -0.120700 -2.141100 -2.013200 -1.373500 -0.345000 -0.533800 -2.985800 -2.992500 -4.055300 -6.096700 
0.938000 -0.421100 -0.618900 -1.158100 -0.787100 -1.552900 -0.422100 -0.905000 -1.552500 -2.670600 -5.930200 -9.922800 
0.940000 -0.531400 -1.058600 -2.133800 -1.498300 -2.299100 -0.425900 -1.091700 -1.964200 -6.112500 -1.849200 -20.134600 
0.942000 -0.437300 -0.958000 -1.342000 -0.716800 -0.283200 -1.458900 -0.955000 -1.808500 -2.827600 -9.551100 -12.502400 
0.944000 -1.746300 -1.887800 -0.920400 -0.865700 -1.626400 -1.451200 -1.658500 -3.434400 -1.794800 -2.233500 -5.919800 
0.946000 -2.261900 -0.420100 -0.723900 -0.874700 -1.780700 -1.758800 -2.231400 -2.713500 -2.508600 -3.519700 -6.273500 
0.948000 -0.645500 -0.742100 -1.059300 -1.363300 -0.514000 -1.095700 -3.497700 -1.307500 -2.777100 -7.356200 -9.952400 
0.950000 -0.525200 -0.236500 -2.668200 -0.841200 -1.197900 -0.343600 -1.412300 -3.985300 -5.437000 -3.701300 -8.932400 
0.952000 -1.620700 -0.579700 -1.733900 -0.830200 -0.931700 -0.995400 -3.374800 -1.529200 -4.241300 -4.093800 -13.065100 
0.954000 -1.962500 -1.885500 -0.939900 -2.624800 -0.936700 -0.854800 -0.997100 -5.370500 -4.234400 -9.172600 -10.046300 
0.956000 -0.743900 -1.321100 -0.375800 -2.007100 -1.342200 -0.785100 -0.932800 -2.823300 -3.041500 -4.498000 -4.071000 
0.958000 -0.416300 -1.192400 -1.888400 -0.784000 -0.749200 -1.610000 -0.505500 -3.347600 -3.047800 -1.708600 -5.557500 
0.960000 -0.687000 -0.750100 -0.927500 -2.878500 -1.877700 -0.566100 -0.885300 -2.813900 -3.662300 -4.823500 -9.197100 
0.962000 -1.173300 -0.636900 -1.249700 -1.717700 -1.909900 -0.657700 -2.077500 -1.963400 -1.967800 -2.830700 -11.640700 
0.964000 -1.112400 -0.566700 -0.586700 -1.449100 -2.574500 -3.127400 -1.593100 -2.490100 -3.240100 -4.651400 -13.785200 
0.966000 -0.772400 -0.760800 -0.963700 -1.805500 -2.221000 -0.982800 -0.988300 -1.454500 -4.236500 -7.526000 -4.877400 
0.968000 -0.353100 -1.663200 -0.351900 -4.085000 -1.028000 -2.287100 -1.577800 -1.986300 -4.783300 -5.261100 -5.584600 
0.970000 -1.031700 -0.294800 -0.613600 -2.049400 -3.527000 -1.017000 -2.809800 -2.613500 -2.365200 -3.893400 -10.338700 
0.972000 -0.839500 -1.266500 -0.741000 -1.958000 -0.841800 -1.312000 -0.892600 -2.853100 -0.861600 -11.451500 -11.730900 
0.974000 -0.875400 -1.415100 -2.272200 -0.625800 -1.152200 -0.986200 -1.761800 -1.012800 -1.628000 -5.896400 -9.035300 
0.976000 -1.779800 -0.583500 -2.122500 -2.799100 -1.291200 -2.127900 -0.591600 -2.289800 -0.984400 -7.919400 -6.872300 
0.978000 -0.576800 -0.558300 -0.398200 -1.306100 -1.680300 -1.496100 -2.917800 -3.240900 -2.553800 -5.034200 -9.848200 
0.980000 -2.717600 -0.728900 -0.464800 -3.709200 -0.650300 -2.020300 -2.630800 -1.342300 -1.038800 -5.796200 -11.443400 
0.982000 -0.707600 -0.845800 -0.255000 -0.716200 -1.561700 -0.780900 -1.301300 -1.504900 -2.307900 -7.710300 -11.808500 
0.984000 -0.721000 -0.813400 -1.510700 -0.913200 -1.437500 -0.626500 -1.379600 -4.191400 -5.096500 -8.762900 -23.580900 
0.986000 -1.970500 -1.932900 -0.969000 -1.465600 -0.942700 -1.055900 -1.475200 -2.731600 -3.021800 -2.775800 -16.600200 
0.988000 -0.640100 -3.310300 -2.457000 -0.660800 -1.183700 -1.202600 -1.288600 -5.135500 -2.392600 -1.994200 -19.595100 
0.990000 -0.900000 -0.854700 -0.956200 -1.139300 -0.900500 -0.462400 -1.862500 -2.150400 -5.401500 -1.959600 -11.533000 
0.992000 -0.425800 -0.567900 -1.353400 -0.485000 -1.633500 -2.605800 -2.773400 -2.962800 -2.118500 -1.190900 -9.091600 
0.994000 -0.512300 -1.313200 -0.524000 -1.103000 -0.823300 -1.044300 -1.772900 -4.348400 -2.603600 -2.587600 -19.510700 
0.996000 -1.017100 -1.238400 -1.927700 -0.986600 -2.211700 -1.554900 -1.469100 -2.036900 -1.691200 -5.463400 -16.719700 
0.998000 -1.046000 -0.816900 -0.900200 -1.039400 -1.243000 -1.577000 -0.996200 -4.841600 -0.520200 -6.267000 -15.512200 
