# gradients (DV/DL) for lambdas: 0.0 0.1 0.2 0.3 0.4 0.5 0.6 0.7 0.8 0.9 1.0
0.000000 -2.364300 -0.387500 -1.653900 -0.681700 -1.052100 -3.445000 -2.996900 -8.289600 -2.344100 -4.219200 -16.800500 
0.002000 -0.783100 -0.853400 -0.937600 -1.114100 -1.466000 -1.846900 -1.312500 -3.648000 -7.300000 -2.105300 -10.221400 
0.004000 -2.390500 -1.658300 -3.126600 -0.379600 -1.293000 -1.801300 -2.234000 -6.896800 -5.622700 -1.736700 -18.552400 
0.006000 -2.183100 -2.364800 -4.191100 -1.830500 -2.521300 -3.035300 -1.170100 -4.157700 -4.257400 -0.857600 -11.114600 
0.008000 -2.240200 -1.678000 -3.072200 -2.183200 -1.143600 -1.849800 -1.706400 -7.974200 -5.237000 -4.851700 -23.012800 
0.010000 -0.703300 -1.046400 -3.417500 -3.524500 -1.675100 -2.140100 -1.211400 -3.027900 -1.575400 -2.093700 -19.070300 
0.012000 -0.543300 -1.537100 -1.820400 -3.302500 -1.186700 -1.009600 -2.282300 -7.306200 -2.873200 -4.083100 -12.658300 
0.014000 -3.775800 -1.110300 -0.614900 -0.116000 -2.570400 -3.364400 -4.685800 -5.083500 -4.599800 -0.834100 -16.972400 
0.016000 -2.885600 -2.748900 -1.092700 -0.231900 -3.598600 -2.541400 -1.930900 -6.332700 -5.580600 -2.156000 -28.201500 
0.018000 -2.915500 -0.654300 -0.626600 -3.506300 -1.582900 -2.876500 -3.829800 -9.543900 -4.516600 -3.125400 -12.560900 
0.020000 -1.745100 -1.261000 -2.067800 -1.908800 -1.898100 -2.315700 -2.484200 -4.480000 -5.805000 -3.263500 -21.409100 
0.022000 -1.254900 -1.617800 -3.082600 -1.594800 -1.978000 -2.193200 -0.803500 -5.403500 -2.424600 -1.948600 -13.597500 
0.024000 -2.578700 -1.137100 -1.889600 -2.817000 -1.648500 -1.831100 -1.618300 -5.762700 -3.832200 -6.625700 -28.538100 
0.026000 -2.061800 -1.036300 -0.800300 -1.103300 -4.599900 -1.209500 -1.021700 -6.119500 -1.821400 -5.748200 -11.676700 
0.028000 -2.150700 -1.956200 -1.145200 -1.535000 -1.073700 -1.851900 -2.567800 -4.577200 -5.103200 -6.128900 -14.985100 
0.030000 -0.343600 -0.742600 -0.801200 -1.348600 -1.206000 -3.027400 -3.782700 -3.677400 -1.981800 -6.401700 -16.348400 
0.032000 -3.172700 -1.794300 -0.899400 -0.699000 -1.377400 -0.785800 -2.094700 -9.511700 -2.306400 -6.701200 -14.517400 
0.034000 -1.502300 -2.394400 -0.889200 -0.193800 -1.187600 -2.553600 -4.034300 -2.633600 -5.232800 -9.282700 -7.232900 
0.036000 -1.958100 -2.046500 -1.058300 -1.433400 -4.221800 -2.418100 -0.621900 -4.786800 -5.717500 -6.565300 -13.496500 
0.038000 -1.779200 -0.732500 -1.775400 -2.165900 -2.350300 -2.348900 -1.611500 -10.019400 -3.638600 -4.077200 -14.795800 
0.040000 -0.907300 -1.862300 -2.357300 -1.331500 -2.394000 -2.136700 -1.876800 -4.253100 -6.892300 -10.185600 -16.804500 
0.042000 -3.306000 -1.060100 -2.163100 -1.869400 -2.972400 -1.591600 -2.319900 -7.196500 -5.794700 -5.070600 -9.082000 
0.044000 -2.836300 -1.904200 -0.807500 -4.563000 -1.383000 -3.401900 -2.997700 -3.649000 -3.620300 -3.089200 -9.271900 
0.046000 -2.257500 -0.558900 -1.056200 -1.554200 -0.996700 -2.103900 -3.148400 -8.414400 -2.497100 -7.503100 -12.303600 
0.048000 -4.112100 -1.125500 -2.990800 -2.326700 -3.952400 -3.704200 -3.672600 -6.846200 -2.662500 -6.019200 -9.834100 
0.050000 -3.490000 -1.498900 -2.504900 -3.656500 -1.866200 -1.814100 -1.635400 -3.527800 -10.064700 -5.035200 -9.090400 
0.052000 -1.250700 -1.028500 -2.516200 -0.624800 -2.528500 -1.120000 -2.828200 -6.920800 -4.175400 -5.179500 -13.361100 
0.054000 -0.509100 -0.781100 -1.004800 -1.624800 -3.594700 -1.567500 -1.413800 -3.012800 -2.689000 -6.125700 -8.899200 
0.056000 -4.519600 -0.279500 -2.712400 -0.953700 -2.291800 -2.695800 -5.329000 -4.015300 -4.628200 -10.893800 -7.106300 
0.058000 -1.649600 -1.395700 -1.499200 -1.382300 -0.566300 -1.214900 -3.077800 -5.271000 -4.667000 -9.225100 -19.879400 
0.060000 -0.688500 -1.505700 -0.757400 -3.092100 -1.621800 -2.815800 -1.630300 -6.068800 -3.617800 -6.517900 -3.846600 
0.062000 -1.659200 -0.342200 -1.677000 -4.003000 -0.990500 -2.347400 -4.103600 -5.357300 -3.771700 -4.867700 -10.793800 
0.064000 -0.858900 -0.620900 -0.803700 -0.620400 -2.099800 -2.685700 -1.243400 -6.193400 -2.865600 -3.283900 -6.629100 
0.066000 -2.525700 -1.135100 -1.759900 -2.555500 -2.462600 -1.137500 -1.287200 -2.876200 -2.826600 -6.636600 -14.344700 
0.068000 -1.967800 -1.473700 -2.370100 -0.549600 -2.217900 -3.262500 -1.883200 -9.091600 -10.183400 -6.818800 -7.680000 
0.070000 -0.770200 -1.478600 -1.349600 -0.711900 -1.699800 -3.065300 -1.233700 -3.753900 -10.466100 -4.828900 -6.639800 
0.072000 -1.384900 -0.917600 -1.457700 -0.734700 -2.163900 -2.070600 -3.227100 -6.883600 -11.059900 -6.746600 -12.632200 
0.074000 -1.618900 -1.745500 -2.421300 -1.082800 -2.183600 -1.455000 -3.008700 -5.750300 -2.847700 -5.949500 -26.922500 
0.076000 -1.341500 -2.263600 -1.299800 -1.318000 -3.136700 -2.653100 -1.528500 -7.279400 -4.770500 -3.906500 -12.505400 
0.078000 -0.603100 -1.761000 -0.860400 -0.647200 -1.224100 -0.678200 -1.411600 -6.143500 -6.951100 -6.573700 -5.759000 
0.080000 -2.043600 -1.328000 -1.478500 -1.602200 -2.205400 -3.521000 -4.582300 -3.025500 -7.650200 -7.864300 -13.429200 
0.082000 -1.221100 -0.499100 -0.838600 -2.404700 -2.984200 -0.724100 -4.261800 -3.165000 -7.132800 -5.671600 -5.714800 
0.084000 -2.487500 -0.587800 -0.535700 -2.207300 -3.303900 -0.629800 -2.203800 -2.942700 -1.837500 -4.937900 -4.486800 
0.086000 -3.664400 -0.706900 -1.896200 -1.736300 -1.684200 -0.533300 -2.759100 -4.221000 -3.963600 -2.593300 -2.503600 
0.088000 -0.967900 -1.191000 -1.430400 -2.063000 -2.957300 -2.539400 -1.394800 -8.658900 -4.994400 -5.598900 -10.752800 
0.090000 -0.692200 -0.449100 -2.120500 -1.225200 -0.504300 -3.055800 -3.393000 -7.110400 -4.951400 -3.152200 -7.178900 
0.092000 -1.503100 -0.623400 -0.924000 -1.791900 -0.583900 -0.635200 -3.416800 -4.780600 -7.481200 -4.793400 -15.660000 
0.094000 -0.685200 -1.082000 -0.335100 -1.950300 -0.485300 -2.446800 -2.408300 -3.527700 -5.147800 -7.338300 -12.913300 
0.096000 -0.824000 -0.865800 -1.426500 -1.057900 -0.879800 -1.469200 -2.051400 -3.869900 -2.778700 -6.819800 -12.094700 
0.098000 -2.373100 -0.299600 -1.032600 -2.164700 -1.523200 -0.261800 -3.357800 -4.212100 -3.960600 -5.564100 -9.448200 
0.100000 -0.181500 -0.854700 -1.416500 -0.746700 -3.195600 -2.402400 -1.788200 -2.606400 -3.637300 -5.907500 -10.649700 
0.102000 -2.198500 -2.187600 -1.172000 -1.192200 -0.653900 -1.946200 -6.222700 -7.978000 -3.864000 -8.749800 -6.002300 
0.104000 -0.816200 -1.200600 -1.078700 -1.590900 -2.918100 -3.783900 -2.425900 -3.663000 -2.418600 -12.782900 -6.320000 
0.106000 -0.768500 -1.056800 -1.799400 -0.791800 -0.778900 -1.126200 -4.073500 -4.578300 -3.081300 -8.953600 -7.283100 
0.108000 -1.419400 -0.900800 -1.943700 -0.583000 -1.700300 -2.156300 -3.388700 -3.262000 -7.007700 -1.266000 -10.352600 
0.110000 -0.505900 -3.895600 -2.890800 -3.804500 -3.453700 -2.407000 -4.423800 -4.563400 -9.403100 -7.555200 -5.628100 
0.112000 -0.476700 -0.862800 -2.611900 -1.824500 -0.823400 -1.595000 -2.644000 -4.435700 -2.652200 -3.394100 -11.540700 
0.114000 -0.828500 -2.705900 -3.819000 -2.347300 -0.765200 -1.095400 -4.362600 -3.885300 -6.843600 -5.012600 -13.529200 
0.116000 -0.984800 -0.491900 -2.180100 -2.581800 -0.748300 -1.281900 -3.395000 -1.499800 -5.265900 -5.314700 -15.745900 
0.118000 -1.585700 -1.129800 -3.216200 -2.456000 -1.534500 -1.072000 -3.546800 -2.256700 -5.020600 -5.864000 -9.427600 
0.120000 -2.369700 -0.396800 -1.303300 -1.624300 -2.562600 -2.311200 -3.229800 -4.548700 -3.579900 -7.815200 -4.032200 
0.122000 -1.300400 -1.068600 -1.602700 -1.806700 -3.588100 -1.241500 -0.508600 -4.928200 -2.071100 -4.828200 -8.689300 
0.124000 -0.868100 -1.891700 -1.085900 -2.206900 -2.655900 -2.039900 -1.307300 -6.013600 -3.913200 -1.963700 -9.724200 
0.126000 -0.977800 -0.822900 -1.490300 -2.435500 -3.375400 -0.311100 -1.416400 -3.907400 -3.078400 -4.432200 -12.942500 
0.128000 -1.627300 -1.134600 -1.734400 -1.069100 -5.644100 -2.494700 -2.678000 -6.864600 -2.667100 -4.484000 -10.856000 
0.130000 -2.587800 -1.076900 -2.477000 -1.315700 -5.725700 -0.374400 -1.419900 -4.806200 -4.107000 -4.343300 -28.501100 
0.132000 -2.481200 -0.385600 -3.260800 -1.706000 -6.512500 -2.289900 -3.148800 -4.440900 -2.508300 -2.565900 -6.519800 
0.134000 -1.452400 -0.992500 -2.922300 -2.006100 -1.501000 -1.846900 -1.898300 -6.102500 -5.060100 -1.517100 -7.439800 
0.136000 -1.464500 -1.312200 -1.788300 -1.432400 -2.083200 -1.428900 -2.737700 -5.314800 -4.786200 -3.008000 -16.724100 
0.138000 -1.027400 -0.841400 -1.689100 -0.509500 -2.809500 -0.660200 -2.313600 -5.208000 -5.159500 -4.402500 -13.282000 
0.140000 -2.059500 -0.574600 -3.120100 -0.373200 -1.999500 -2.241000 -1.072500 -4.042100 -5.611500 -7.472500 -7.103500 
0.142000 -1.205500 -3.020900 -2.072300 -0.853600 -2.579100 -2.226000 -2.225200 -4.346100 -8.229400 -2.450500 -17.256700 
0.144000 -0.902800 -1.255700 -0.359200 -1.508600 -4.202100 -2.913300 -4.834100 -7.494000 -7.456400 -4.073300 -7.648900 
0.146000 -1.150200 -0.866700 -2.157300 -1.420000 -1.322900 -3.227800 -3.766000 -4.578400 -5.149600 -4.440900 -16.385800 
0.148000 -1.950400 -2.715600 -1.351700 -2.927400 -5.849500 -2.014200 -2.761000 -4.246300 -5.656000 -4.237900 -10.939500 
0.150000 -4.104700 -2.426700 -1.403500 -0.736000 -2.587800 -1.339700 -0.600300 -2.286200 -4.821800 -2.271600 -5.669400 
0.152000 -2.443300 -0.814200 -1.583700 -3.239800 -1.290200 -2.292600 -4.703500 -4.505900 -6.028700 -1.813400 -14.731700 
0.154000 -1.626800 -0.820700 -3.519600 -1.300100 -1.610600 -1.748800 -8.102700 -3.478100 -6.293900 -7.031500 -3.639800 
0.156000 -1.167000 -0.165300 -1.130400 -2.940200 -0.786100 -2.882900 -1.458300 -4.506400 -8.442400 -7.104500 -10.156800 
0.158000 -1.379600 -1.490400 -1.756200 -0.577100 -4.327600 -1.638200 -5.179400 -7.290400 -3.757300 -2.094000 -8.835500 
0.160000 -1.025600 -1.304700 -3.157000 -1.082100 -2.525700 -1.365800 -2.038500 -5.201700 -7.421700 -3.430900 -12.851900 
0.162000 -1.322000 -1.458400 -5.343800 -1.838400 -1.869100 -2.418400 -2.090000 -4.528500 -11.747900 -6.227800 -11.977100 
0.164000 -2.111600 -0.896700 -2.009300 -1.228100 -2.869100 -2.335100 -5.017600 -5.566700 -3.718900 -9.671900 -6.498500 
0.166000 -1.679000 -2.879900 -0.837700 -1.508300 -5.457300 -1.516200 -4.886800 -4.855500 -3.369300 -8.523200 -12.943100 
0.168000 -1.147300 -1.412900 -1.916900 -2.003700 -1.083800 -0.900400 -1.260900 -3.918300 -2.888800 -5.451000 -14.561300 
0.170000 -2.091200 -1.385400 -3.439300 -2.702100 -2.305200 -1.706600 -1.140700 -4.469400 -2.672000 -7.531400 -22.860800 
0.172000 -0.680900 -2.618200 -1.690500 -2.214000 -1.838600 -2.496500 -7.387200 -2.267900 -4.177600 -2.953300 -13.175100 
0.174000 -1.686200 -2.234000 -1.630800 -0.960000 -2.718600 -2.829300 -1.471400 -6.032100 -3.703200 -3.402300 -14.342500 
0.176000 -1.368900 -3.386700 -1.485100 -1.988200 -0.757700 -1.686800 -1.874600 -3.619200 -3.500500 -5.791300 -18.600100 
0.178000 -1.132700 -1.242200 -2.609100 -1.243400 -3.644100 -3.762200 -3.126000 -4.918200 -3.576700 -7.162700 -4.715900 
0.180000 -1.429000 -2.142100 -1.877800 -1.809100 -1.315400 -1.440600 -3.325600 -6.050500 -1.242000 -4.027500 -13.380500 
0.182000 -1.722700 -1.686900 -3.267800 -1.607600 -1.592400 -1.219100 -2.334800 -5.644000 -5.597700 -5.501500 -6.695300 
0.184000 -2.552100 -2.642400 -1.338200 -1.058600 -1.831800 -1.677300 -2.127600 -5.327900 -5.032600 -7.599400 -8.186800 
0.186000 -2.970200 -1.580300 -0.815500 -1.901400 -1.619400 -2.376300 -2.119200 -4.876600 -5.636900 -3.549100 -10.026400 
0.188000 -3.224300 -1.032900 -1.310100 -2.302300 -1.366400 -1.880200 -2.615000 -6.043900 -2.642700 -4.873200 -13.661500 
0.190000 -1.060000 -1.611800 -2.982000 -0.273000 -1.843400 -2.311300 -1.898500 -3.752000 -2.105600 -10.967600 -8.341300 
0.192000 -2.627500 -1.502200 -0.741200 -2.076200 -2.409000 -1.082700 -5.577400 -1.678300 -11.411300 -8.190600 -11.736300 
0.194000 -0.660700 -1.672400 -0.968500 -1.990300 -1.438000 -1.517500 -3.647500 -5.113500 -8.616800 -4.980200 -9.489800 
0.196000 -1.128500 -0.589400 -0.809100 -0.840100 -2.570900 -1.334500 -4.750300 -8.097400 -12.319100 -4.521600 -9.970300 
0.198000 -1.066900 -1.401200 -0.955100 -1.624400 -0.939700 -3.466100 -1.833900 -2.881100 -6.341600 -3.901400 -4.600600 
0.200000 -1.463800 -3.085400 -0.759800 -1.108600 -1.165600 -3.479500 -5.765000 -2.617200 -3.424300 -2.554800 -13.400700 
0.202000 -0.556300 -0.456300 -0.611700 -1.417200 -0.661300 -0.649800 -5.951200 -2.820500 -6.200400 -7.737100 -5.333000 
0.204000 -0.661000 -0.755100 -1.870000 -3.963400 -2.850900 -1.187400 -4.892300 -5.874200 -5.855100 -2.704000 -18.286100 
0.206000 -1.247700 -1.632000 -0.512100 -2.558000 -1.070000 -1.527700 -1.788200 -5.996300 -5.884300 -4.032300 -10.175200 
0.208000 -4.504100 -4.209400 -3.216000 -1.686400 -0.907500 -1.856000 -2.912100 -5.184300 -10.230800 -5.904000 -15.133400 
0.210000 -0.982700 -1.290300 -1.830000 -0.736400 -0.988200 -2.579400 -1.297600 -4.330300 -12.120600 -5.380800 -15.894700 
0.212000 -1.321800 -1.152800 -0.773800 -1.888400 -3.240400 -1.164800 -2.350000 -6.333800 -2.936800 -7.464300 -16.070600 
0.214000 -2.082500 -0.698600 -0.847300 -0.591400 -0.786000 -0.956300 -1.719200 -8.994900 -4.692400 -3.315300 -11.259200 
0.216000 -0.865700 -0.444600 -1.811600 -2.133400 -2.723000 -2.339400 -1.367400 -9.162400 -16.329700 -8.044900 -25.997000 
0.218000 -2.200100 -0.947500 -2.688500 -2.337500 -2.194000 -1.403400 -2.678700 -3.174100 -6.499500 -5.283600 -12.948600 
0.220000 -2.945200 -0.465100 -4.725800 -1.073200 -4.095400 -0.529600 -1.127600 -4.279100 -6.503200 -3.740000 -9.263200 
0.222000 -2.203200 -0.977100 -1.198600 -2.616600 -2.853200 -1.052400 -1.906400 -8.876800 -2.178100 -11.011500 -12.224400 
0.224000 -1.161300 -1.330600 -2.246400 -1.694300 -2.022900 -0.624200 -1.562000 -3.775600 -3.229300 -3.893300 -7.026200 
0.226000 -0.554600 -1.204400 -0.714700 -1.809200 -2.312100 -1.756900 -1.075700 -4.594400 -2.597100 -8.807000 -19.342700 
0.228000 -1.723700 -1.778900 -1.955100 -1.863400 -5.811100 -1.982900 -2.389000 -4.542800 -3.092300 -3.040100 -11.116500 
0.230000 -1.458700 -0.521100 -2.234800 -1.808900 -2.749000 -2.419200 -2.901500 -8.994600 -3.596000 -7.517300 -20.336000 
0.232000 -3.000900 -2.601800 -1.361100 -1.842600 -3.930100 -1.938100 -4.633400 -5.791700 -5.044900 -8.898900 -14.191100 
0.234000 -1.378600 -1.971000 -3.688200 -1.829300 -2.550400 -0.726700 -2.722500 -4.037400 -4.873800 -9.234900 -8.835200 
0.236000 -0.638300 -1.268100 -2.004800 -3.058300 -3.112900 -3.021000 -3.931200 -5.908700 -5.279100 -2.372400 -5.417300 
0.238000 -0.438000 -0.677500 -2.104000 -1.481000 -3.344800 -1.003400 -2.090100 -5.398600 -3.312600 -6.460500 -12.625300 
0.240000 -2.553500 -1.153000 -2.604300 -2.008200 -3.919700 -1.157800 -1.158900 -2.589600 -4.795200 -8.126100 -20.192900 
0.242000 -1.119300 -0.400000 -2.054200 -1.552500 -3.810600 -4.922200 -1.024300 -4.995100 -3.116500 -10.085400 -18.419700 
0.244000 -0.784900 -1.686800 -3.603600 -1.245800 -2.576700 -1.921600 -5.386700 -4.282700 -2.580500 -5.912000 -23.814500 
0.246000 -1.166100 -2.305300 -2.407500 -1.983200 -1.625800 -1.646900 -1.341400 -2.824200 -5.714400 -10.369800 -15.246100 
0.248000 -0.651700 -3.074000 -2.391900 -2.505000 -3.804100 -2.020500 -1.022200 -2.522600 -5.160300 -13.704100 -15.656200 
0.250000 -0.982300 -1.588500 -3.872900 -1.594900 -1.695100 -1.140400 -5.144700 -1.581700 -6.503600 -2.614700 -10.674400 
0.252000 -1.123800 -0.886600 -1.597100 -5.170600 -4.083100 -1.599400 -4.864900 -5.691300 -7.381800 -14.187500 -13.035000 
0.254000 -1.651200 -1.253700 -2.068200 -1.043900 -3.280900 -1.155000 -3.664300 -7.017600 -5.669100 -4.785300 -13.097900 
0.256000 -0.127800 -1.544100 -1.914400 -2.774300 -2.265500 -1.897600 -0.758300 -4.440400 -8.467000 -6.280000 -11.539700 
0.258000 -0.897000 -3.038900 -2.490300 -4.225800 -3.015000 -2.911700 -3.009900 -4.246300 -6.081900 -5.340700 -22.785300 
0.260000 -2.709500 -2.249500 -2.571400 -2.921600 -2.788100 -1.139200 -4.528500 -3.601200 -6.572900 -3.994100 -21.677300 
0.262000 -0.786700 -2.486300 -2.627900 -1.989100 -2.810200 -2.607100 -2.588700 -3.720500 -3.589300 -1.697100 -28.351700 
0.264000 -1.652500 -1.758200 -2.201400 -0.949200 -2.381000 -2.632600 -2.498200 -3.537200 -4.891800 -4.163000 -20.217900 
0.266000 -1.220300 -1.121500 -2.164100 -0.822900 -2.956800 -2.781600 -3.197200 -2.890700 -4.362800 -5.823200 -8.645500 
0.268000 -1.342400 -2.937900 -1.510500 -1.360100 -2.189800 -3.148100 -10.834200 -6.272000 -2.953700 -9.131900 -9.969700 
0.270000 -0.847700 -0.825600 -4.541600 -1.207300 -1.004500 -2.193400 -3.887000 -6.757800 -3.182500 -11.486300 -11.668900 
0.272000 -1.150500 -2.820200 -1.825800 -1.076700 -3.686900 -1.855600 -3.341500 -3.166700 -12.107000 -8.096100 -10.303700 
0.274000 -1.705700 -1.603700 -2.197700 -3.005600 -3.581500 -2.685800 -4.342200 -5.426700 -3.479800 -3.397700 -5.854100 
0.276000 -1.108100 -2.783100 -2.216600 -1.001600 -4.216500 -2.660300 -5.299800 -6.584300 -2.423900 -9.482100 -12.028700 
0.278000 -1.097400 -0.896500 -1.641400 -2.863600 -1.910700 -4.700800 -2.572900 -4.073600 -6.206100 -4.240900 -13.757500 
0.280000 -2.233100 -2.860900 -3.098000 -2.851400 -0.618000 -1.902900 -3.882700 -3.519200 -4.720100 -3.707000 -9.883800 
0.282000 -1.632600 -1.398200 -2.865000 -0.600200 -1.861000 -2.511800 -4.491300 -4.413400 -8.572800 -8.003100 -11.701900 
0.284000 -0.590300 -1.084400 -2.425000 -1.703800 -1.400300 -3.285500 -2.198800 -5.499000 -4.955800 -6.063400 -8.094800 
0.286000 -0.952300 -0.653200 -4.046000 -0.568600 -2.006800 -0.915400 -6.148600 -4.017000 -5.497600 -6.293200 -14.347100 
0.288000 -2.383600 -1.078300 -2.118200 -3.709000 -6.492600 -1.824000 -3.483500 -6.110600 -10.387800 -5.817600 -19.560800 
0.290000 -1.284300 -2.131400 -1.304000 -0.760000 -2.338200 -1.804600 -3.716200 -4.515100 -1.482100 -4.319100 -7.434000 
0.292000 -2.848500 -1.512200 -0.417300 -0.652000 -3.356300 -1.210800 -1.129200 -2.837400 -12.405900 -3.406700 -6.576600 
0.294000 -1.009600 -3.673200 -2.266600 -2.482600 -3.307100 -1.829800 -1.767400 -7.465700 -4.018400 -9.173500 -26.765400 
0.296000 -2.295700 -1.542600 -1.964500 -2.140700 -4.617100 -1.916900 -2.282100 -6.557900 -6.851500 -4.321400 -13.742400 
0.298000 -2.598300 -3.072900 -1.651800 -2.017800 -3.511600 -1.678700 -3.833800 -4.951400 -3.568700 -5.696200 -14.525000 
0.300000 -0.884800 -1.585300 -2.183800 -1.993800 -2.369600 -6.721600 -1.845700 -4.852700 -0.994100 -4.985400 -12.941800 
0.302000 -1.322200 -2.824900 -4.110200 -2.572500 -3.915500 -2.546400 -4.365400 -1.691100 -4.900800 -12.073800 -6.640700 
0.304000 -2.386500 -1.285500 -5.063500 -0.785800 -2.024600 -1.950600 -0.661300 -7.250400 -4.307300 -8.155800 -13.313700 
0.306000 -1.443800 -0.960600 -1.516700 -0.142600 -2.351200 -0.480100 -0.704500 -4.177600 -8.541300 -13.543200 -11.398500 
0.308000 -0.758500 -3.583300 -2.925700 -0.598200 -1.046000 -0.566500 -1.516600 -5.782200 -2.295000 -3.682200 -15.111600 
0.310000 -2.588600 -1.333000 -2.135400 -1.251900 -1.045400 -3.468100 -0.298400 -3.034200 -5.173300 -4.274400 -22.564900 
0.312000 -2.867700 -1.364300 -1.304900 -0.494700 -1.136700 -1.543100 -7.067500 -4.872900 -4.054200 -5.321000 -15.486100 
0.314000 -1.198800 -2.264800 -2.313200 -1.026800 -0.939100 -1.249300 -1.303400 -8.625200 -4.797400 -2.353400 -15.840000 
0.316000 -2.458300 -1.330900 -0.945000 -0.376500 -4.049300 -2.442700 -2.809400 -10.366600 -5.717300 -11.464200 -9.040000 
0.318000 -1.378000 -0.812400 -1.068700 -1.204200 -1.185300 -2.491600 -13.697500 -6.639700 -14.765600 -10.505500 -8.624900 
0.320000 -0.382000 -1.271700 -3.543700 -1.089500 -1.780000 -1.743600 -3.457000 -4.406200 -5.630900 -7.958500 -24.224100 
0.322000 -1.154500 -1.712000 -0.806400 -1.996300 -3.146800 -0.607900 -7.513400 -1.729700 -4.800100 -8.555100 -15.783000 
0.324000 -1.208900 -1.808800 -0.943900 -0.854000 -3.094900 -2.353600 -2.919900 -3.504800 -5.298000 -5.566400 -13.184800 
0.326000 -3.163300 -0.261300 -1.168100 -2.414800 -1.704600 -2.912500 -0.452200 -4.908700 -2.608400 -9.123400 -23.742300 
0.328000 -1.684400 -0.774700 -1.253800 -3.632700 -2.777700 -1.165100 -4.221700 -6.218300 -1.659500 -3.039300 -11.894300 
0.330000 -0.782400 -1.019000 -2.387400 -3.020100 -2.531300 -2.385900 -1.539600 -4.985000 -7.301900 -8.204000 -9.477200 
0.332000 -1.226500 -1.312400 -2.257400 -2.869900 -1.831100 -1.756500 -4.347800 -7.738000 -9.556500 -4.708800 -14.713600 
0.334000 -0.384600 -0.649100 -2.333500 -1.725100 -0.785000 -0.721600 -4.169100 -8.690300 -10.209900 -3.655200 -25.278500 
0.336000 -1.655100 -1.453700 -3.268600 -1.735100 -0.393200 -1.850400 -4.410400 -4.623500 -10.240600 -4.195600 -8.726000 
0.338000 -1.246100 -0.296400 -4.879700 -0.533200 -0.697600 -2.516200 -4.209100 -6.462200 -10.391500 -8.567900 -12.581100 
0.340000 -1.006400 -0.571500 -3.260900 -1.965500 -3.281900 -3.225500 -3.481500 -4.854800 -4.529700 -3.945500 -13.674700 
0.342000 -3.205700 -0.428800 -1.264900 -2.191400 -1.610800 -3.463500 -3.927700 -2.518900 -2.827900 -3.952800 -15.722000 
0.344000 -1.510200 -1.143800 -1.764700 -0.976400 -1.037300 -1.509500 -5.513700 -8.747900 -6.815300 -2.558000 -14.626300 
0.346000 -0.767000 -0.815200 -1.593500 -0.558200 -1.176000 -1.748200 -4.913100 -6.189200 -5.943300 -14.442900 -30.779500 
0.348000 -2.750100 -0.718100 -3.023900 -1.245400 -2.494800 -0.693000 -1.332000 -4.374900 -2.894700 -8.990800 -8.451500 
0.350000 -1.316900 -1.380300 -2.079900 -0.401500 -2.774400 -1.156600 -5.313300 -8.519000 -3.746100 -12.152800 -12.437900 
0.352000 -0.277300 -1.117100 -2.331100 -1.043400 -0.610300 -1.269900 -4.859900 -4.205500 -4.407300 -5.935600 -16.204900 
0.354000 -1.524800 -3.365200 -1.244400 -1.984900 -1.363900 -2.802100 -4.031700 -7.535500 -9.509400 -7.826000 -20.555200 
0.356000 -1.032300 -2.706300 -3.238600 -0.504300 -2.548100 -2.267700 -0.765400 -6.224800 -4.528100 -5.527000 -22.211500 
0.358000 -2.491500 -0.614500 -0.563900 -1.477000 -1.047500 -3.303800 -3.936900 -8.319300 -8.511200 -14.129700 -16.920600 
0.360000 -0.834400 -0.539500 -2.375600 -0.764600 -0.989500 -1.425100 -6.049100 -3.686400 -3.640300 -16.892000 -18.780600 
0.362000 -1.572700 -0.747100 -1.830300 -1.406900 -1.683300 -1.936500 -2.894000 -7.102400 -8.055100 -10.036400 -19.548400 
0.364000 -2.562500 -0.799600 -1.927300 -0.583200 -3.375600 -0.646100 -7.039900 -3.009300 -5.708500 -5.574900 -5.822000 
0.366000 -2.225400 -0.459000 -1.557200 -2.349900 -5.086900 -0.341700 -2.960200 -5.389800 -4.925600 -15.083600 -15.988100 
0.368000 -2.068400 -1.878700 -0.878700 -1.709100 -2.388200 -0.703400 -2.438500 -3.911700 -1.286800 -6.456300 -24.926000 
0.370000 -2.667200 -5.014100 -1.880900 -0.417300 -0.910500 -1.251300 -1.786300 -5.463800 -8.431100 -10.611400 -16.619300 
0.372000 -2.078900 -2.184200 -1.646300 -0.478200 -1.876400 -2.521900 -1.980300 -10.629800 -7.638500 -9.725000 -12.638800 
0.374000 -1.208900 -2.701300 -1.361700 -2.447100 -1.193400 -1.616500 -1.629800 -6.996600 -6.342300 -11.986900 -7.395600 
0.376000 -1.290600 -2.336500 -0.663600 -0.763400 -2.018700 -1.072500 -1.842500 -3.749000 -5.502100 -6.109700 -17.881000 
0.378000 -0.580800 -4.346200 -1.455500 -0.203000 -4.995300 -3.616000 -4.928700 -3.716200 -6.654500 -11.025500 -10.621800 
0.380000 -0.873400 -1.245700 -1.922700 -0.310300 -1.004500 -3.227400 -3.717400 -4.373000 -17.160800 -6.118500 -13.240900 
0.382000 -1.495800 -1.386400 -0.252400 -1.049800 -1.205300 -0.582700 -5.342800 -10.183800 -11.317300 -11.511500 -9.949500 
0.384000 -2.682100 -3.570100 -1.529900 -0.368900 -1.613300 -1.035100 -1.288300 -8.145200 -10.048000 -6.360400 -5.388200 
0.386000 -2.374500 -1.605100 -3.134000 -2.473100 -1.697100 -4.503900 -3.849700 -8.193600 -10.599700 -4.143000 -14.030200 
0.388000 -2.017900 -3.979500 -2.787600 -0.952900 -2.627000 -1.479500 -2.343600 -4.680300 -12.805200 -7.764100 -10.585400 
0.390000 -0.335400 -3.096800 -2.506600 -2.866300 -2.034300 -2.478900 -1.916600 -11.004300 -6.345300 -4.573400 -14.153900 
0.392000 -0.671700 -0.625800 -2.731500 -1.159600 -1.442600 -2.094000 -2.760800 -4.215700 -3.868900 -10.161600 -10.796300 
0.394000 -0.748100 -4.176600 -1.149800 -0.612800 -0.621000 -3.163200 -11.085700 -3.567700 -4.747100 -4.743100 -10.254200 
0.396000 -1.288100 -2.175200 -4.256900 -0.950600 -2.257900 -3.329900 -3.538500 -6.264800 -7.707200 -8.913700 -10.650500 
0.398000 -1.457500 -2.979000 -4.294000 -2.638800 -2.192600 -3.584200 -3.414000 -3.526000 -3.556100 -6.962500 -9.735600 
0.400000 -1.277900 -1.160300 -3.453900 -2.828800 -2.260200 -0.834900 -3.327000 -6.205100 -2.546400 -5.170300 -9.759600 
0.402000 -2.382500 -1.661200 -2.327600 -1.402600 -2.008000 -3.716200 -2.464300 -3.753000 -10.918800 -5.992900 -6.581800 
0.404000 -3.268500 -0.817700 -1.726500 -1.672300 -1.848500 -2.392500 -3.574500 -7.883200 -1.971300 -3.636900 -6.751600 
0.406000 -1.090300 -1.610900 -2.865500 -2.005300 -1.417300 -0.700900 -4.276800 -3.930600 -3.178400 -8.513100 -9.629000 
0.408000 -2.610300 -2.806300 -1.271200 -1.444800 -2.722100 -0.726100 -3.947500 -14.170800 -2.093600 -7.595600 -5.692600 
0.410000 -2.937300 -1.009200 -0.728500 -2.158700 -1.800000 -0.637100 -4.337700 -4.705400 -3.445400 -9.487600 -24.217200 
0.412000 -2.392700 -3.532200 -1.770600 -0.317300 -1.643000 -1.023400 -3.800600 -7.663900 -5.715000 -11.585200 -25.197700 
0.414000 -2.560600 -0.905500 -3.113400 -2.477500 -2.084500 -2.519200 -0.947700 -3.421700 -3.412800 -13.885400 -24.468700 
0.416000 -1.250700 -1.392600 -1.913700 -1.754800 -4.967100 -2.563900 -1.883100 -13.366700 -12.304100 -9.477500 -9.549100 
0.418000 -3.245000 -1.881100 -3.233600 -0.809200 -3.182800 -0.558000 -3.570500 -3.924900 -3.791400 -12.973200 -18.742900 
0.420000 -0.552300 -1.082900 -1.835800 -2.146100 -3.257800 -2.133800 -0.913000 -7.591800 -3.018100 -8.600300 -24.232000 
0.422000 -1.099100 -1.309500 -1.433100 -3.550100 -4.232900 -0.570900 -5.951900 -3.560600 -2.624700 -10.191700 -18.658300 
0.424000 -1.923600 -1.104600 -3.337600 -0.932600 -1.280400 -0.678800 -1.399700 -3.699200 -4.325100 -14.647000 -11.311500 
0.426000 -0.767300 -1.108100 -3.612200 -0.174800 -0.581500 -1.041100 -1.175000 -2.695800 -2.951300 -5.189900 -8.638500 
0.428000 -1.222600 -1.191600 -0.912300 -0.501200 -1.565700 -1.182000 -1.275400 -4.490800 -4.612100 -6.379900 -11.350800 
0.430000 -4.236800 -0.939100 -3.016900 -1.081000 -0.975100 -2.624500 -3.514800 -4.242000 -6.716200 -3.879600 -16.794400 
0.432000 -2.328700 -1.130900 -1.766400 -1.330000 -1.349600 -3.499200 -3.411900 -2.595900 -6.199600 -9.630600 -10.037900 
0.434000 -1.624000 -1.508600 -0.642300 -2.049800 -2.275300 -1.351300 -3.362200 -6.058700 -6.875900 -3.768200 -19.685500 
0.436000 -0.981700 -2.025900 -0.703400 -2.217400 -2.388800 -2.278100 -7.899400 -8.994100 -6.944200 -7.048500 -16.819200 
0.438000 -0.914100 -1.117400 -3.549400 -1.701800 -2.038500 -1.015000 -4.985800 -5.184100 -9.497000 -5.447800 -18.057400 
0.440000 -0.722400 -1.325500 -3.357400 -2.326700 -1.378200 -1.294900 -2.586300 -4.801600 -9.008200 -3.661700 -11.402100 
0.442000 -1.483000 -1.853000 -3.177900 -1.687400 -2.432500 -2.149500 -6.493200 -9.329300 -4.563800 -13.969900 -10.493200 
0.444000 -0.694200 -2.170600 -1.221900 -1.052400 -1.976300 -1.927200 -2.484100 -6.137700 -4.674800 -8.240900 -23.781200 
0.446000 -2.069600 -1.662900 -2.150000 -1.187400 -3.758200 -0.198000 -13.235600 -6.709700 -6.827500 -4.351900 -18.508100 
0.448000 -1.312900 -0.275800 -1.836000 -1.579500 -1.618000 -1.622600 -2.594200 -4.107500 -9.138700 -6.549300 -11.829900 
0.450000 -3.700000 -2.417000 -3.277600 -2.230200 -0.704500 -0.828600 -8.914900 -4.825900 -2.700000 -4.973600 -10.798300 
0.452000 -0.627500 -1.381600 -4.578200 -3.458200 -1.669500 -1.174700 -6.228900 -5.296800 -2.756400 -10.450200 -21.516700 
0.454000 -0.700100 -2.536200 -0.609500 -1.800000 -1.457100 -2.973000 -2.283400 -3.462300 -4.470300 -14.292500 -17.482300 
0.456000 -0.698800 -1.930000 -1.744900 -1.495800 -2.650500 -1.883100 -9.180800 -1.610100 -7.989300 -9.855500 -9.499600 
0.458000 -0.853800 -0.489200 -1.945800 -1.172600 -3.024400 -2.217300 -8.257900 -3.357900 -21.032600 -10.434600 -6.473800 
0.460000 -1.142700 -2.401900 -0.982900 -2.466200 -2.467100 -1.865400 -5.341200 -4.380200 -4.161900 -10.485500 -24.035300 
0.462000 -0.614600 -1.270200 -0.997300 -0.848600 -1.921900 -2.317100 -9.265700 -2.240500 -1.881000 -13.813100 -8.309200 
0.464000 -0.854600 -0.232300 -1.623000 -1.641900 -2.698400 -3.034900 -7.764400 -4.340200 -3.847100 -8.716500 -11.197700 
0.466000 -1.236500 -1.757900 -0.541500 -0.876400 -5.407700 -2.063100 -3.130100 -7.290700 -4.797300 -7.069900 -9.771500 
0.468000 -1.421700 -2.219500 -1.110400 -1.168500 -2.048400 -1.163000 -3.332200 -2.620800 -3.975200 -19.135200 -9.026400 
0.470000 -2.149500 -0.912400 -1.085800 -1.649200 -3.243300 -1.296600 -3.017700 -7.899900 -3.186200 -11.828700 -22.313500 
0.472000 -1.170300 -0.832100 -1.653800 -1.926400 -2.971900 -2.922000 -5.880200 -5.560700 -7.032000 -10.706600 -14.691800 
0.474000 -2.133900 -0.678000 -0.873700 -0.667500 -1.387300 -2.767800 -4.270700 -6.512500 -3.100600 -10.865200 -11.226200 
0.476000 -1.588700 -0.775500 -0.336600 -0.360300 -3.126900 -2.643900 -6.640700 -6.392600 -4.187800 -6.578600 -14.873000 
0.478000 -0.958900 -1.721200 -1.305900 -3.446400 -1.827000 -3.180600 -3.964400 -4.230200 -1.153500 -10.678100 -11.623100 
0.480000 -1.195200 -3.905600 -0.823300 -1.100400 -2.157700 -1.185800 -4.797800 -5.243400 -3.075500 -12.127100 -15.503800 
0.482000 -2.024000 -2.153900 -4.275700 -1.507800 -1.401400 -2.276700 -7.651500 -4.505300 -1.837100 -8.458300 -14.933900 
0.484000 -2.808900 -0.706000 -1.754300 -1.011600 -4.406100 -1.652500 -3.766600 -4.430300 -0.459500 -9.924900 -10.000000 
0.486000 -1.287800 -0.851300 -0.856900 -0.708200 -1.282800 -2.462900 -3.373200 -9.650800 -1.461000 -9.100500 -6.776600 
0.488000 -0.620600 -1.996700 -0.694000 -1.300800 -2.151000 -3.977500 -3.799500 -3.504300 -1.043900 -11.454300 -11.721400 
0.490000 -3.099000 -1.227700 -1.574000 -3.212900 -1.199800 -0.752100 -2.484600 -9.300200 -0.430400 -7.015100 -4.216700 
0.492000 -2.105000 -1.096200 -1.312200 -2.215200 -0.322100 -2.600700 -0.991600 -4.417200 -3.049700 -9.991000 -13.371800 
0.494000 -3.776600 -1.008700 -2.303400 -1.421000 -1.134600 -3.707500 -1.612900 -5.371100 -4.426800 -12.602700 -21.218000 
0.496000 -0.717300 -1.151600 -1.284300 -1.329400 -0.131200 -2.597800 -2.948700 -6.122200 -4.892200 -6.669300 -6.072400 
0.498000 -1.392900 -1.788400 -0.964300 -1.332400 -1.327600 -1.062300 -4.685500 -5.238500 -1.278300 -12.663500 -11.789100 
0.500000 -1.705500 -2.254000 -0.632100 -0.797600 -2.363700 -2.793500 -4.753800 -10.858000 -1.060600 -11.821400 -12.419400 
0.502000 -0.867200 -0.630900 -1.324300 -2.011100 -1.429200 -0.560000 -4.154000 -6.162400 -2.242400 -11.440300 -9.885300 
0.504000 -0.354700 -1.392200 -1.863800 -0.512000 -1.541800 -0.246900 -3.975200 -9.842300 -1.786000 -9.018800 -7.964800 
0.506000 -1.471300 -1.521800 -2.361000 -1.981100 -1.496700 -1.164600 -2.537600 -3.110600 -6.420600 -19.663500 -12.766800 
0.508000 -1.757500 -2.415200 -1.391000 -2.847200 -2.111000 -1.394800 -7.586900 -10.390700 -5.197500 -16.733400 -15.212200 
0.510000 -1.200500 -0.410600 -0.758500 -1.007100 -1.762900 -3.202100 -7.437700 -3.527600 -1.645600 -10.874200 -8.022600 
0.512000 -2.420500 -3.395400 -0.878800 -1.304400 -2.376100 -1.401000 -6.728200 -3.617200 -2.171800 -11.979800 -22.384200 
0.514000 -1.864000 -4.336100 -1.046500 -1.450600 -2.896500 -0.878800 -5.087500 -10.937800 -1.645900 -7.355900 -18.738800 
0.516000 -1.473700 -1.076900 -1.367900 -1.763700 -1.157700 -1.500900 -2.649000 -7.379200 -1.558300 -19.308800 -12.191900 
0.518000 -2.087800 -1.393400 -1.133100 -1.659300 -1.706600 -2.402300 -6.548100 -3.327900 -1.660700 -11.902400 -9.485400 
0.520000 -0.942600 -0.170800 -2.327100 -3.059300 -2.047500 -4.694300 -2.395700 -4.572900 -1.154100 -10.136900 -17.472000 
0.522000 -2.504100 -1.155200 -3.286500 -1.714900 -0.696400 -3.213900 -2.525600 -10.259200 -4.116400 -14.683400 -24.889200 
0.524000 -1.697800 -0.932000 -1.335900 -2.121500 -0.788000 -0.982200 -1.643300 -9.535300 -4.928200 -9.251000 -15.001500 
0.526000 -3.484000 -1.044300 -1.165000 -0.778900 -1.743200 -1.501200 -4.030700 -8.123700 -3.761100 -11.627100 -17.440900 
0.528000 -2.939100 -2.330700 -1.671200 -3.114700 -1.634500 -1.084800 -1.461700 -6.294700 -2.020600 -7.930100 -24.953600 
0.530000 -2.107400 -0.938800 -1.755700 -2.592800 -5.430400 -3.732500 -2.969900 -3.523600 -2.433400 -11.694400 -8.162700 
0.532000 -0.555700 -1.814100 -2.365900 -2.646700 -1.648800 -1.463200 -2.625400 -5.004900 -2.341000 -6.704400 -10.261400 
0.534000 -1.863000 -0.687500 -1.612300 -1.695200 -0.905200 -1.198800 -0.870800 -6.996100 -4.894000 -13.623800 -18.390500 
0.536000 -1.006800 -2.137500 -0.686600 -1.790400 -2.026700 -1.508500 -2.119300 -14.691700 -6.793100 -6.288100 -13.318400 
0.538000 -2.318500 -1.931600 -1.351400 -2.706400 -0.531500 -1.798400 -3.880700 -7.680600 -5.417500 -11.741500 -22.598800 
0.540000 -1.022900 -2.137400 -0.652200 -2.008500 -2.596700 -1.063700 -1.102800 -5.842400 -2.274400 -14.817200 -10.890200 
0.542000 -1.472700 -0.976500 -2.490100 -0.780100 -1.847400 -5.164200 -1.382700 -14.052700 -6.682800 -12.553900 -15.597800 
0.544000 -1.353500 -1.413500 -1.098600 -1.873400 -1.615800 -2.546500 -0.744600 -4.653500 -4.741800 -21.900100 -14.668100 
0.546000 -0.819000 -0.489900 -0.967200 -0.987700 -2.669000 -3.597400 -1.297400 -11.107000 -3.148800 -14.319600 -9.653600 
0.548000 -1.811900 -0.913900 -0.693000 -1.752100 -0.523300 -5.942400 -2.366000 -4.774400 -3.386000 -9.406000 -10.840400 
0.550000 -0.690600 -0.508200 -2.750700 -1.133800 -4.564400 -1.060700 -1.740800 -16.958200 -1.087500 -9.001800 -6.560100 
0.552000 -1.793300 -0.910800 -2.586300 -1.683800 -2.782200 -2.332300 -2.798600 -8.858700 -2.663500 -10.886900 -11.805000 
0.554000 -1.918200 -1.382800 -1.821400 -2.846800 -1.069100 -5.182900 -5.035200 -8.880100 -6.304000 -13.892400 -8.383100 
0.556000 -1.388100 -1.776300 -0.892600 -1.236300 -2.782500 -3.019700 -3.665100 -3.457600 -6.464300 -9.852600 -7.813300 
0.558000 -1.496000 -1.763400 -0.852900 -1.300300 -2.253300 -3.256000 -3.312600 -7.290500 -3.734500 -13.499600 -8.838800 
0.560000 -1.780500 -2.149600 -1.721400 -1.087500 -1.720900 -4.100400 -0.988700 -7.838800 -5.166600 -5.237900 -11.985100 
0.562000 -2.806600 -1.129400 -2.065300 -1.840300 -1.555000 -0.941000 -2.143800 -1.487500 -2.439100 -15.689300 -10.874800 
0.564000 -2.169400 -1.092800 -0.694000 -1.323300 -1.647900 -2.441600 -3.012400 -6.595500 -1.723700 -10.860500 -12.003100 
0.566000 -1.605500 -1.972500 -1.387500 -1.687300 -0.630200 -1.226200 -4.232800 -5.078400 -3.667500 -7.964400 -15.537500 
0.568000 -2.298400 -2.289300 -1.257700 -2.266800 -2.544300 -1.137100 -1.595000 -4.685700 -9.391800 -11.473200 -18.776100 
0.570000 -1.492000 -1.356000 -2.049000 -3.397600 -0.557700 -2.700100 -0.688500 -4.691400 -2.404900 -10.363500 -10.143900 
0.572000 -1.125100 -1.784300 -0.675100 -2.013400 -3.180900 -3.129800 -6.151900 -3.616300 -2.036000 -16.700900 -16.190500 
0.574000 -1.644400 -1.057200 -0.390500 -2.058200 -2.365700 -2.596300 -3.504800 -3.389500 -2.705600 -10.827100 -17.910200 
0.576000 -1.012700 -1.926000 -0.571200 -1.493300 -2.632900 -1.096500 -3.288500 -6.053000 -1.251600 -21.200900 -13.043500 
0.578000 -2.250900 -1.182000 -0.459000 -2.435600 -2.419100 -1.789500 -2.843200 -4.026300 -2.929900 -14.773800 -12.897100 
0.580000 -0.605400 -2.244900 -0.712500 -3.057900 -2.500900 -4.606600 -5.821500 -5.930400 -5.085500 -10.083200 -11.221900 
0.582000 -1.845400 -1.140800 -0.423300 -1.682300 -1.609000 -3.075400 -3.818000 -1.930900 -3.354100 -8.728300 -16.908400 
0.584000 -2.502600 -1.155100 -1.014800 -1.456500 -1.527200 -2.802800 -3.464800 -5.975300 -3.602500 -11.226800 -13.389400 
0.586000 -1.418600 -0.999300 -2.415600 -1.877000 -1.392900 -0.840800 -2.980900 -7.643900 -8.190800 -16.994000 -18.098500 
0.588000 -2.265600 -0.917500 -2.942900 -0.708500 -2.864900 -2.131300 -3.302700 -5.054400 -4.181700 -10.182500 -14.857100 
0.590000 -2.372200 -1.675000 -0.655700 -1.698100 -4.492800 -2.726100 -1.774800 -8.312300 -2.469800 -10.631200 -6.687100 
0.592000 -2.259200 -0.360000 -0.555600 -0.645600 -1.250900 -1.349800 -11.626300 -3.363200 -2.484600 -10.432900 -10.404000 
0.594000 -3.108500 -2.608800 -1.131000 -1.243600 -2.084000 -2.483500 -3.909300 -10.562200 -2.359700 -5.147600 -17.299100 
0.596000 -1.306900 -0.317500 -1.156200 -1.333300 -3.555300 -5.676500 -0.886000 -7.085700 -1.874500 -7.840500 -12.213200 
0.598000 -2.673600 -0.792100 -1.498000 -2.089200 -2.181700 -1.394200 -5.978500 -9.076900 -3.032700 -6.756800 -16.999400 
0.600000 -1.670500 -0.849300 -0.733700 -1.270000 -1.114400 -2.163100 -4.316700 -8.587900 -7.741000 -7.448400 -15.500800 
0.602000 -1.329400 -1.066400 -2.530000 -2.363400 -2.550800 -1.270100 -1.468400 -5.986900 -5.471800 -6.916600 -13.968400 
0.604000 -1.157000 -2.500700 -0.713100 -1.343300 -1.066300 -3.773000 -4.114400 -5.550000 -5.355400 -12.775900 -18.533500 
0.606000 -1.470400 -1.451600 -1.030300 -1.961500 -3.280500 -1.713800 -4.887500 -5.725800 -2.023900 -8.735200 -19.244700 
0.608000 -0.891500 -1.813100 -0.417400 -1.474300 -1.072600 -1.828500 -2.435700 -3.450300 -3.004300 -9.502900 -20.214100 
0.610000 -0.513900 -1.084000 -0.385200 -0.420300 -0.505100 -3.342200 -2.718500 -6.623300 -2.547000 -5.759900 -15.677000 
0.612000 -0.673600 -2.499500 -0.540100 -1.027400 -0.443400 -1.610800 -2.313000 -4.732200 -3.082700 -4.202100 -17.492000 
0.614000 -0.882500 -0.990700 -0.727800 -1.219500 -0.472500 -0.433700 -6.295800 -5.017600 -7.971600 -4.148800 -9.573500 
0.616000 -0.384300 -1.483400 -0.642700 -1.096500 -0.380400 -1.474400 -2.013900 -4.211600 -5.159600 -6.038800 -18.338600 
0.618000 -0.809100 -2.060800 -0.705900 -1.975900 -1.069000 -1.034100 -3.884000 -9.381900 -6.210400 -5.789800 -19.978400 
0.620000 -0.465100 -0.748800 -1.334200 -1.350500 -0.386100 -2.377300 -2.904100 -5.655300 -2.869900 -6.114100 -19.932100 
0.622000 -1.032400 -1.167200 -0.197700 -1.897100 -1.069400 -0.802800 -2.921200 -9.049500 -2.750500 -14.837400 -18.763400 
0.624000 -2.723200 -0.510900 -1.043800 -2.113900 -1.039100 -1.547800 -1.219700 -12.846300 -4.194200 -9.984200 -18.030500 
0.626000 -2.429300 -2.384500 -0.517400 -1.591100 -2.460100 -2.012000 -1.783300 -7.070300 -2.825400 -10.339600 -12.296700 
0.628000 -0.304500 -0.836600 -1.016600 -0.770200 -0.771700 -2.304000 -1.400700 -1.403000 -1.737700 -18.643900 -10.318900 
0.630000 -3.054000 -2.147100 -2.145400 -2.766400 -2.816300 -1.532400 -1.614300 -3.429700 -3.509100 -10.438100 -17.993800 
0.632000 -1.527200 -0.835500 -0.576300 -2.689000 -2.904200 -2.879100 -4.228600 -4.686200 -1.765800 -13.925600 -19.894600 
0.634000 -1.608700 -0.583400 -0.296000 -1.787500 -0.699500 -0.783900 -2.697500 -5.000800 -3.834300 -5.400500 -19.395100 
0.636000 -1.449800 -1.012800 -1.268000 -2.141300 -1.793900 -0.669200 -1.936300 -5.272900 -6.747900 -11.732100 -18.070200 
0.638000 -1.246700 -0.622400 -0.973700 -2.208600 -1.144100 -3.563800 -2.647000 -6.512900 -5.847000 -14.794300 -13.359500 
0.640000 -0.394100 -1.777500 -0.354500 -0.993700 -0.460200 -1.033800 -5.709700 -6.039100 -1.242500 -7.313500 -20.245400 
0.642000 -0.811600 -3.399800 -0.498900 -0.723000 -2.504400 -1.541000 -2.994500 -4.992100 -3.948000 -8.284300 -17.130100 
0.644000 -0.510200 -0.788600 -1.929700 -1.482700 -1.481900 -1.896700 -1.106000 -4.572000 -1.737900 -7.208400 -17.752000 
0.646000 -2.150200 -0.666700 -0.673300 -0.836500 -1.295400 -2.656400 -3.206000 -5.449500 -1.128200 -27.409000 -16.399900 
0.648000 -3.010300 -1.270900 -1.334000 -1.716400 -1.682100 -0.694500 -0.601600 -6.880800 -2.739400 -9.926000 -21.190700 
0.650000 -1.379500 -1.275800 -0.729500 -2.708100 -0.150100 -1.196800 -2.017600 -5.948700 -4.197900 -20.676700 -27.045600 
0.652000 -1.748800 -1.100700 -3.477100 -1.538100 -1.729600 -1.942400 -2.639300 -6.881900 -4.588000 -13.861800 -15.357200 
0.654000 -0.770900 -1.443000 -1.052700 -2.284400 -0.748300 -1.220500 -2.183000 -3.485700 -3.384600 -20.505900 -12.819200 
0.656000 -0.379700 -0.840800 -1.170400 -2.013400 -0.749300 -1.335700 -1.845300 -6.753800 -1.028800 -11.623500 -20.760900 
0.658000 -0.621600 -1.267400 -2.410900 -2.555500 -1.276500 -2.167900 -1.723500 -5.078700 -4.807700 -7.938400 -10.073300 
0.660000 -0.707200 -0.713100 -1.829100 -3.391000 -1.934900 -0.743600 -5.534600 -7.493000 -3.319100 -11.367300 -15.751200 
0.662000 -1.036300 -1.645800 -1.588900 -1.200900 -2.080500 -2.234000 -1.424500 -8.903000 -3.298600 -17.438300 -15.959900 
0.664000 -0.682300 -1.553100 -2.807100 -0.609900 -4.089500 -2.863000 -5.776500 -8.196800 -5.738400 -10.946800 -11.412100 
0.666000 -2.432200 -0.607700 -0.749000 -0.945500 -1.199700 -3.129700 -1.071500 -4.260700 -1.919600 -15.858000 -21.890600 
0.668000 -1.026800 -0.594800 -0.641400 -3.700400 -1.919600 -0.928600 -1.233900 -8.541000 -4.506700 -6.731100 -19.613400 
0.670000 -1.279200 -1.627900 -1.973600 -1.422600 -1.368700 -1.896500 -3.911700 -8.614500 -3.160300 -11.273000 -12.947300 
0.672000 -0.437800 -2.305400 -0.642500 -4.579500 -2.422800 -2.579400 -4.431400 -6.410400 -4.220700 -9.676300 -19.657300 
0.674000 -2.301500 -2.314000 -1.889700 -2.251700 -1.016000 -2.002300 -2.496400 -6.312700 -5.096000 -7.904200 -17.009500 
0.676000 -0.996600 -2.311500 -1.955100 -1.696800 -2.013100 -2.544000 -2.152400 -4.191900 -2.035900 -10.896600 -23.564200 
0.678000 -1.608900 -0.864000 -1.839900 -0.888000 -2.078100 -2.816900 -2.572800 -4.647800 -4.433100 -13.512000 -11.355900 
0.680000 -0.811400 -2.264500 -0.912800 -1.456900 -0.588200 -2.219100 -1.127500 -7.771500 -1.247900 -8.228700 -16.327200 
0.682000 -1.439500 -4.115900 -0.625700 -2.256600 -1.497400 -1.813800 -2.286400 -7.138300 -4.496600 -13.852300 -18.693100 
0.684000 -0.964600 -1.008000 -1.772300 -1.182200 -1.704300 -1.963300 -2.222800 -2.110900 -3.587500 -13.006400 -12.830400 
0.686000 -1.586400 -0.789100 -2.016600 -2.958600 -3.276500 -0.482500 -2.375700 -3.179600 -12.563300 -6.411000 -26.884900 
0.688000 -1.993200 -1.966600 -0.728500 -1.655900 -1.146600 -1.365100 -2.829400 -8.016800 -2.248200 -8.816000 -15.129900 
0.690000 -1.419800 -3.337200 -0.646600 -1.793700 -1.983400 -5.648200 -4.388300 -3.944200 -5.445700 -6.431800 -10.767500 
0.692000 -1.247900 -1.041400 -0.809400 -2.977700 -1.182500 -3.035000 -0.820500 -3.732300 -3.653000 -10.734700 -12.100500 
0.694000 -1.492700 -1.769400 -1.309000 -0.675300 -0.676800 -1.854000 -2.075600 -3.419900 -8.135200 -4.267800 -16.440200 
0.696000 -2.206500 -1.765500 -1.587300 -0.765000 -2.427400 -1.467400 -2.487400 -5.429300 -2.584800 -11.691100 -13.661600 
0.698000 -1.403600 -2.119500 -0.822300 -1.758800 -1.653500 -0.425600 -1.758200 -5.347600 -4.700100 -7.930000 -9.927700 
0.700000 -2.350000 -1.729700 -0.590000 -2.584000 -1.312100 -0.420100 -2.662700 -10.493500 -3.839500 -10.018300 -19.504000 
0.702000 -1.085400 -2.254100 -1.117700 -1.728900 -1.618100 -1.563300 -1.356300 -13.576200 -2.832200 -5.629300 -21.037000 
0.704000 -1.483500 -0.809500 -1.958700 -2.301400 -1.081200 -1.365600 -0.904900 -11.314300 -7.032900 -8.544100 -10.194900 
0.706000 -2.157600 -2.738900 -0.553100 -2.185700 -4.718700 -0.957900 -2.439300 -9.224500 -1.780700 -7.055500 -22.552900 
0.708000 -0.723400 -1.610600 -1.080900 -2.046300 -1.383800 -1.635800 -2.058000 -7.098000 -9.518400 -7.004300 -14.726700 
0.710000 -2.390200 -2.356600 -0.865900 -2.521100 -2.038400 -0.481400 -2.203100 -2.858100 -4.673900 -8.728600 -5.917300 
0.712000 -0.618100 -0.962600 -0.842800 -3.078400 -2.576400 -0.457300 -1.571700 -5.652400 -6.411900 -5.397800 -9.304600 
0.714000 -0.459000 -1.185900 -1.708100 -2.141100 -1.901500 -2.073900 -1.647600 -5.947000 -2.204400 -6.878300 -18.192600 
0.716000 -1.911500 -4.038000 -1.331400 -2.752900 -0.946600 -1.393800 -3.916100 -8.482300 -7.629000 -5.786800 -8.137000 
0.718000 -2.163500 -0.955900 -0.894900 -1.364500 -1.935100 -2.399500 -3.417600 -6.678100 -4.963000 -8.723000 -18.607300 
0.720000 -1.820600 -1.326800 -1.141900 -1.631400 -0.711900 -3.428900 -2.131300 -3.170100 -3.514200 -8.031100 -22.944600 
0.722000 -0.699400 -1.693800 -0.841100 -1.146600 -1.807100 -2.101900 -3.854100 -8.255600 -11.956200 -8.744900 -32.094100 
0.724000 -0.514800 -2.015500 -0.566200 -3.590300 -1.985400 -1.695400 -2.567600 -5.397000 -5.067000 -5.174000 -15.705000 
0.726000 -1.228000 -0.768100 -1.859800 -1.487100 -2.877200 -3.679100 -2.123900 -4.267000 -1.977600 -3.725500 -17.885300 
0.728000 -2.445700 -0.988300 -1.118900 -0.936700 -1.319600 -1.716200 -1.892300 -5.600300 -7.918700 -11.825700 -30.391600 
0.730000 -0.378300 -0.538800 -0.959300 -1.893100 -1.388800 -2.039600 -3.928400 -7.972600 -6.240200 -10.639100 -15.093900 
0.732000 -1.349600 -0.807500 -1.080000 -0.630400 -1.501100 -0.730000 -4.113000 -3.818100 -10.551000 -9.368000 -15.738300 
0.734000 -0.820600 -3.097400 -0.771800 -3.594200 -1.712900 -0.313500 -2.929400 -8.270100 -2.664300 -12.863300 -29.005600 
0.736000 -1.994500 -2.148800 -0.639800 -1.408500 -4.547000 -3.592100 -2.728100 -3.946900 -8.748000 -10.538600 -26.222800 
0.738000 -1.777800 -1.516800 -3.525000 -3.012800 -0.889200 -0.829700 -1.543900 -5.096500 -6.557400 -6.320700 -15.220500 
0.740000 -1.358000 -0.670700 -0.685200 -2.541500 -2.535300 -4.378900 -3.088400 -4.822400 -4.805900 -14.790800 -20.319400 
0.742000 -1.628500 -1.423500 -1.684500 -1.117900 -1.431200 -0.168000 -4.231700 -6.333100 -8.378200 -15.760500 -16.523200 
0.744000 -2.244800 -1.575000 -1.681400 -2.016000 -0.621300 -2.189800 -3.589100 -8.214200 -3.885500 -9.904200 -19.660500 
0.746000 -2.045000 -0.884000 -1.180200 -2.065500 -0.902800 -2.502900 -5.084400 -9.229200 -8.315500 -6.561600 -10.792400 
0.748000 -0.488500 -0.440300 -2.698300 -1.810100 -1.114100 -2.292500 -1.029400 -3.809300 -3.904400 -9.202400 -17.837300 
0.750000 -0.893500 -2.467200 -1.619900 -2.110300 -1.357100 -4.215200 -4.591400 -5.575700 -5.921600 -5.452100 -21.652100 
0.752000 -0.431400 -0.580100 -2.088200 -2.174800 -2.982200 -3.626400 -2.598000 -4.233000 -1.989000 -8.750700 -11.317200 
0.754000 -0.155600 -1.728300 -3.004400 -0.857300 -1.542800 -2.166800 -0.816700 -4.290600 -5.226300 -5.851300 -21.147400 
0.756000 -1.582600 -1.604600 -2.853800 -2.374900 -2.665300 -2.164400 -4.340000 -5.203300 -3.341900 -9.615700 -17.240000 
0.758000 -0.804500 -2.291800 -1.372700 -2.249500 -0.897700 -2.157400 -2.851100 -6.855400 -3.608700 -7.604100 -14.117300 
0.760000 -0.895600 -1.181700 -3.341100 -1.178700 -1.114800 -0.654600 -1.310600 -7.069700 -5.865000 -10.396500 -24.027800 
0.762000 -1.086000 -1.683300 -0.632000 -1.897300 -1.276500 -1.314400 -2.341600 -6.870800 -2.709300 -14.844400 -15.436900 
0.764000 -1.827300 -0.771500 -1.538500 -1.937900 -3.122300 -3.320200 -1.564500 -9.088100 -2.106300 -8.007000 -19.753100 
0.766000 -1.511200 -1.882500 -3.729500 -1.397600 -1.267900 -5.393700 -6.195900 -11.286500 -2.889800 -11.183600 -24.017900 
0.768000 -2.820600 -1.313800 -2.502900 -1.383000 -1.761500 -2.002400 -1.448600 -12.574400 -6.550100 -9.172300 -10.573600 
0.770000 -0.630300 -1.705600 -1.270800 -3.524600 -0.393300 -3.001400 -2.139300 -5.579500 -7.330500 -9.068600 -14.549100 
0.772000 -1.854300 -1.698000 -2.278000 -1.433100 -1.060000 -1.141700 -3.302500 -4.927400 -11.091400 -8.736100 -19.609800 
0.774000 -2.354100 -1.479500 -2.339300 -0.578200 -1.351300 -2.668800 -6.848100 -4.502200 -11.371100 -8.104800 -30.571200 
0.776000 -2.070300 -0.871600 -0.806000 -0.787300 -2.773600 -0.462500 -2.888200 -5.816700 -11.431800 -6.936100 -24.035400 
0.778000 -2.277500 -0.977300 -2.011900 -1.958000 -3.251000 -2.653600 -2.472300 -4.041800 -3.835100 -8.498000 -22.774800 
0.780000 -1.591600 -0.609000 -4.611300 -1.389200 -1.488000 -1.755200 -1.763300 -5.958100 -7.811000 -12.515200 -13.360500 
0.782000 -1.631100 -1.526400 -0.423400 -1.147100 -2.826200 -1.912300 -3.987200 -6.550000 -5.170200 -5.274400 -22.387500 
0.784000 -1.601500 -1.068200 -1.073200 -2.726700 -2.446900 -1.063600 -1.605900 -4.472600 -5.043400 -2.433400 -22.768600 
0.786000 -2.170600 -1.986800 -0.725600 -1.493300 -1.853500 -9.151600 -3.937800 -4.783300 -4.055200 -8.349400 -35.541800 
0.788000 -3.370200 -1.286100 -1.451700 -0.952300 -0.886500 -1.321100 -3.492600 -8.975600 -6.421000 -10.513400 -31.143100 
0.790000 -0.964100 -0.969600 -1.276700 -2.724300 -1.037400 -2.843700 -2.668400 -2.770400 -4.810900 -7.835400 -24.794100 
0.792000 -1.540400 -1.913300 -0.399800 -2.267900 -1.426500 -1.720200 -4.340200 -7.853400 -5.939800 -6.116200 -19.716500 
0.794000 -1.069800 -0.927500 -1.467700 -1.511900 -1.119000 -2.242100 -2.903500 -4.800700 -5.788700 -6.786400 -35.146100 
0.796000 -1.769800 -1.181800 -1.681700 -0.820000 -2.495600 -4.264000 -1.146200 -5.172100 -10.061600 -7.905100 -24.635600 
0.798000 -1.604500 -1.422600 -1.325000 -0.218300 -0.403700 -2.195700 -2.232700 -4.995400 -3.963000 -16.828800 -22.841400 
0.800000 -1.191900 -1.215300 -0.664400 -0.690600 -1.727000 -1.437900 -2.138100 -7.215100 -2.162800 -9.728000 -20.145800 
0.802000 -2.739100 -1.869100 -1.085300 -2.381700 -1.701800 -5.517700 -2.006300 -6.491300 -2.746000 -12.819200 -13.413300 
0.804000 -0.822700 -0.423800 -1.512400 -1.258700 -1.402700 -2.847800 -2.192600 -15.019000 -1.111900 -7.224700 -14.018600 
0.806000 -1.469300 -1.213300 -1.836300 -0.910700 -2.851800 -5.197700 -2.410200 -7.577900 -6.345700 -6.749600 -29.177100 
0.808000 -1.308000 -1.006500 -0.976200 -2.923800 -1.970000 -3.407100 -1.503900 -5.317900 -3.401800 -5.845600 -20.918700 
0.810000 -1.805600 -0.920600 -2.792400 -1.048600 -0.626000 -4.929900 -3.575200 -3.206500 -3.524500 -12.278300 -17.793900 
0.812000 -1.684900 -0.724400 -0.754100 -0.603200 -1.281600 -2.801300 -2.095100 -7.288500 -13.109400 -8.253100 -24.237300 
0.814000 -2.519600 -1.727100 -2.024700 -3.021100 -1.828400 -2.259900 -1.760300 -5.565800 -2.665700 -7.165300 -19.646200 
0.816000 -2.845600 -3.549500 -0.424500 -1.137200 -0.717900 -6.122500 -2.520500 -6.196100 -6.124500 -13.904100 -21.895500 
0.818000 -0.612500 -0.974300 -1.404200 -0.889900 -1.359800 -1.847700 -9.710200 -6.853400 -4.326600 -6.492300 -22.575400 
0.820000 -0.881600 -0.577100 -1.487800 -4.040500 -3.643800 -0.972900 -2.279100 -4.785700 -2.571200 -10.815300 -22.133700 
0.822000 -1.149300 -1.893000 -0.187800 -2.077200 -0.734400 -2.528300 -5.220900 -8.691000 -3.272600 -11.287600 -33.161700 
0.824000 -1.131800 -1.308100 -0.919500 -1.727600 -1.842800 -6.434400 -1.107100 -4.411900 -2.399300 -10.699300 -8.687500 
0.826000 -2.531600 -2.079800 -2.855800 -1.875400 -0.880500 -0.845100 -2.445200 -6.176800 -1.539100 -6.266100 -12.287600 
0.828000 -1.847100 -3.647200 -1.536600 -2.008500 -2.248800 -1.958900 -1.821500 -3.862400 -4.487000 -3.854800 -22.696000 
0.830000 -2.274200 -2.561900 -1.600100 -4.353900 -1.270300 -2.445800 -1.811700 -10.793300 -3.093100 -7.101600 -25.474000 
0.832000 -0.948500 -1.243800 -0.920000 -0.662400 -0.149700 -0.565700 -1.085600 -9.320900 -2.978100 -16.246200 -11.513600 
0.834000 -3.036600 -2.192400 -1.235200 -1.399800 -1.421200 -0.944400 -2.881100 -6.360000 -4.725900 -10.253800 -15.163800 
0.836000 -2.943200 -1.937700 -2.367800 -1.990900 -3.238300 -1.819100 -3.885000 -5.916700 -7.987000 -6.097600 -12.015100 
0.838000 -1.041800 -1.834200 -3.801700 -2.834900 -1.582700 -2.908800 -1.926200 -2.330400 -3.707000 -9.122700 -22.566800 
0.840000 -1.455700 -1.370700 -1.644400 -2.495700 -2.299300 -2.583800 -2.762900 -5.668100 -6.355700 -9.904400 -29.638600 
0.842000 -2.115400 -0.620800 -2.557900 -1.615700 -1.392000 -1.571000 -2.723000 -9.157500 -3.901100 -7.102000 -17.354800 
0.844000 -1.758100 -3.125000 -1.651600 -1.325200 -1.405800 -0.481600 -1.619500 -6.053700 -2.608500 -16.226000 -23.650800 
0.846000 -2.171500 -1.738600 -2.460900 -0.702600 -1.470300 -2.776300 -1.407100 -4.916100 -2.336300 -7.624900 -27.526300 
0.848000 -1.169600 -1.384000 -1.111700 -2.308100 -1.804500 -1.925100 -1.199100 -6.612100 -2.281000 -12.859800 -12.770400 
0.850000 -1.937100 -1.838300 -2.437000 -1.103900 -3.859900 -1.869800 -3.542200 -13.296300 -6.327400 -11.204600 -17.833200 
0.852000 -2.435300 -1.087700 -1.246200 -2.264500 -3.107700 -0.965600 -1.638300 -4.424300 -2.866200 -15.185700 -12.910200 
0.854000 -1.565700 -0.644000 -2.082900 -1.377500 -2.252900 -1.639300 -5.242200 -6.543500 -2.545100 -11.000600 -38.463100 
0.856000 -1.893500 -1.000800 -2.634600 -1.456800 -2.157900 -1.065000 -2.504800 -4.237300 -2.575800 -14.437800 -18.208600 
0.858000 -1.064200 -1.829600 -1.554200 -2.409200 -1.666300 -2.407800 -1.698100 -6.196400 -7.793900 -6.052900 -15.964300 
0.860000 -1.694600 -2.125100 -2.291300 -1.101300 -2.876200 -1.215800 -4.588100 -9.733200 -10.819700 -13.651100 -10.928800 
0.862000 -2.064600 -1.230500 -0.711000 -2.869800 -5.807800 -3.837300 -1.865900 -7.409000 -5.187600 -5.252000 -7.711500 
0.864000 -0.974700 -0.673000 -1.308700 -1.736900 -1.596200 -1.878500 -1.128300 -11.275600 -5.198900 -10.158500 -15.445900 
0.866000 -1.173700 -1.386800 -0.696100 -1.528600 -5.198000 -1.775800 -2.765100 -5.021100 -7.687800 -8.652900 -9.137700 
0.868000 -1.068100 -1.287600 -2.142200 -0.671700 -2.237600 -1.234100 -4.378900 -8.961700 -4.500000 -5.553600 -6.593400 
0.870000 -1.144100 -0.619800 -1.903100 -1.770500 -2.793800 -1.652700 -3.408000 -6.228700 -5.666200 -3.476400 -13.486600 
0.872000 -2.963400 -2.586700 -2.995400 -3.344600 -0.902000 -1.954100 -3.391200 -6.338800 -6.954400 -7.596700 -14.476600 
0.874000 -2.115100 -0.964300 -1.915800 -3.186700 -2.337300 -0.351900 -1.292700 -4.267100 -3.883400 -8.654700 -10.999200 
0.876000 -0.471200 -2.098400 -3.828200 -1.439400 -2.577200 -1.615600 -1.846000 -5.079500 -3.760600 -6.640100 -8.292400 
0.878000 -0.691000 -1.614000 -2.224500 -2.581800 -2.505400 -1.028300 -3.251500 -3.560000 -5.257400 -8.754300 -14.911000 
0.880000 -2.321200 -1.791100 -1.807700 -1.040700 -1.927200 -1.153500 -3.123600 -6.321000 -4.341700 -6.887900 -15.003900 
0.882000 -2.547200 -0.734100 -1.290900 -0.735700 -1.582800 -1.665200 -0.975100 -3.101100 -3.160100 -11.783200 -13.828700 
0.884000 -1.547900 -2.375700 -0.758000 -1.801400 -2.423700 -2.001500 -1.157000 -5.201000 -5.066600 -8.183300 -17.551700 
0.886000 -2.238500 -2.049800 -1.486200 -1.729200 -0.615100 -1.586000 -3.039200 -5.603400 -2.517700 -12.010800 -14.270500 
0.888000 -1.298400 -0.753700 -1.414700 -1.745000 -4.150500 -1.601200 -2.326500 -3.724500 -5.344800 -7.244300 -6.128400 
0.890000 -1.545700 -1.354500 -2.131000 -2.138700 -4.222500 -0.880900 -1.737700 -5.028400 -4.445100 -16.640700 -14.159400 
0.892000 -1.314300 -1.790700 -0.865500 -1.176500 -1.752700 -2.237800 -1.941300 -6.826800 -7.063400 -12.350500 -11.883300 
0.894000 -2.615200 -0.786900 -0.530100 -0.905300 -3.332300 -1.919200 -3.918700 -5.789600 -7.596000 -7.206900 -13.153900 
0.896000 -2.225100 -1.044600 -1.516000 -0.458700 -3.614200 -0.999600 -1.807700 -5.886900 -4.595100 -8.436800 -5.769000 
0.898000 -2.305300 -0.674700 -1.958700 -1.843600 -4.193200 -2.107000 -2.886300 -3.348300 -1.995800 -8.124100 -19.170400 
0.900000 -1.962100 -1.348300 -1.264900 -0.201200 -1.337400 -1.216700 -2.159900 -9.821200 -4.199500 -10.408000 -16.862200 
0.902000 -1.619100 -1.383400 -1.698400 -2.617900 -4.587500 -1.269100 -1.460600 -2.315700 -7.719700 -8.273800 -9.543200 
0.904000 -1.554100 -0.555400 -2.251700 -2.552100 -2.710700 -1.394900 -0.783700 -6.717400 -4.186200 -8.268300 -7.605500 
0.906000 -1.571800 -0.890400 -0.437400 -1.217100 -3.858400 -5.270600 -3.669600 -4.402200 -4.008300 -7.157900 -9.535100 
0.908000 -1.706100 -0.503000 -1.350500 -0.301600 -2.034300 -0.919200 -4.787200 -2.128800 -7.287100 -8.413100 -5.405900 
0.910000 -0.634900 -1.379400 -1.193300 -1.036200 -3.307500 -2.487900 -3.087200 -8.037500 -8.464000 -8.184000 -18.022300 
0.912000 -2.101500 -1.333400 -2.186800 -1.035300 -6.769100 -1.008900 -2.690700 -3.725100 -1.221200 -13.269000 -16.316400 
0.914000 -0.970900 -1.750500 -1.642400 -1.090600 -1.628400 -2.002500 -2.553500 -2.131700 -2.919000 -9.198500 -7.523900 
0.916000 -0.972600 -0.568800 -1.356000 -1.141600 -0.675700 -2.743100 -4.248700 -8.628600 -5.547200 -8.467200 -19.360400 
0.918000 -2.171000 -0.757200 -0.674700 -1.221100 -3.322800 -3.025000 -1.212400 -4.489500 -2.032500 -10.834700 -11.348400 
0.920000 -1.805700 -0.454100 -3.116300 -0.828900 -5.250200 -4.113800 -2.602600 -5.458200 -3.182100 -6.328200 -8.272200 
0.922000 -2.724900 -1.461600 -1.514500 -0.725200 -2.033200 -3.993800 -4.114400 -4.980400 -2.154300 -11.627300 -9.964900 
0.924000 -0.404500 -2.611400 -0.392800 -0.501200 -4.885500 -2.803200 -3.517300 -10.685900 -2.000800 -10.439800 -17.109500 
0.926000 -1.482400 -0.407900 -2.835500 -0.854600 -4.613800 -1.732300 -2.603700 -4.654800 -3.715000 -5.189500 -15.814300 
0.928000 -1.506700 -1.592100 -1.240000 -2.597400 -5.807600 -3.639200 -1.792400 -2.818700 -2.337500 -5.633900 -17.217200 
0.930000 -1.623500 -0.916400 -0.538100 -1.853100 -3.181600 -0.905600 -3.421300 -4.088600 -4.744400 -10.250400 -8.813700 
0.932000 -1.025200 -1.716100 -1.446100 -1.779100 -2.767900 -2.633200 -4.308300 -4.069700 -3.387500 -11.482100 -10.865600 
0.934000 -1.032200 -1.315400 -1.367400 -1.117600 -7.491000 -1.451900 -2.860600 -2.936500 -3.534800 -3.798700 -18.045500 
0.936000 -1.879900 -2.123200 -3.063100 -1.128300 -10.007000 -2.633200 -1.516700 -4.470200 -3.070200 -12.660500 -18.960100 
0.938000 -1.310600 -2.550800 -2.092200 -1.868600 -8.109400 -1.887500 -3.960100 -4.580800 -4.597500 -11.398400 -18.310900 
0.940000 -2.479600 -0.578000 -1.269200 -1.696400 -2.485800 -1.367600 -6.980600 -6.026100 -4.647100 -6.916000 -15.698600 
0.942000 -2.571800 -2.165700 -1.797800 -1.492100 -4.454800 -3.332000 -2.680800 -6.750600 -2.005000 -18.103000 -12.873900 
0.944000 -2.711100 -0.680200 -0.398100 -0.893000 -4.079500 -1.365100 -2.168300 -6.981900 -1.226600 -13.722800 -21.075600 
0.946000 -1.757700 -1.934100 -2.674300 -0.688600 -3.025500 -1.407400 -2.740400 -5.500300 -2.422900 -16.154100 -16.021700 
0.948000 -0.963500 -0.911200 -2.688900 -1.023300 -3.893200 -2.379500 -2.351900 -10.404400 -2.981200 -12.644800 -16.616200 
0.950000 -1.441300 -1.530900 -0.453500 -2.292800 -3.705900 -1.597600 -1.804500 -4.222600 -3.366700 -19.802500 -10.418200 
0.952000 -0.765100 -1.382000 -1.698700 -2.795000 -2.196500 -3.306700 -3.905500 -5.446700 -4.211900 -9.626600 -16.350400 
0.954000 -2.756500 -3.727000 -2.122600 -1.307200 -1.599000 -0.820000 -0.567300 -10.477800 -4.801100 -11.244500 -16.503900 
0.956000 -0.890900 -0.624300 -2.811300 -1.369000 -1.327700 -3.101400 -2.839300 -3.585100 -4.737000 -13.691600 -14.429400 
0.958000 -1.657100 -1.787900 -2.175200 -1.725600 -4.340700 -3.940100 -5.385800 -9.427900 -2.418500 -14.698600 -12.994700 
0.960000 -0.760700 -0.916200 -1.050100 -3.636600 -2.631700 -0.574200 -1.240900 -8.685500 -7.038100 -12.492400 -12.773100 
0.962000 -2.195000 -2.701500 -0.652000 -0.777000 -5.290200 -2.177500 -3.474000 -3.076300 -2.542300 -10.184400 -19.612600 
0.964000 -1.809000 -0.307600 -3.740700 -1.522200 -3.371500 -3.877800 -1.600800 -5.000900 -2.673400 -11.449200 -12.821000 
0.966000 -3.068100 -0.747000 -4.371700 -1.305600 -9.127000 -1.159800 -3.995100 -5.275700 -2.900800 -6.927000 -18.422900 
0.968000 -1.380900 -0.766000 -0.823700 -0.596800 -2.467400 -3.536800 -4.763300 -5.409400 -3.270300 -9.500900 -7.850900 
0.970000 -1.463500 -1.194900 -0.579800 -2.093500 -1.577900 -3.442800 -2.603300 -1.937700 -4.144500 -10.775600 -14.531200 
0.972000 -1.605200 -1.669500 -0.546600 -1.621500 -2.759900 -1.205000 -3.500300 -6.159100 -3.249700 -10.736100 -23.070600 
0.974000 -0.869000 -1.824200 -2.899000 -1.753900 -3.803300 -3.919400 -9.786400 -5.146800 -7.560100 -7.214100 -18.420700 
0.976000 -1.290000 -1.013200 -1.872600 -2.371800 -2.582800 -4.192600 -3.118200 -6.864800 -5.229800 -9.696200 -15.478800 
0.978000 -1.894700 -1.091700 -2.595900 -1.017600 -3.461000 -3.604900 -2.709900 -3.226800 -5.184300 -9.696000 -33.621100 
0.980000 -2.843000 -1.108000 -2.706600 -1.396200 -4.258300 -3.240500 -2.593900 -7.940200 -11.001500 -13.286100 -16.326700 
0.982000 -0.993900 -2.963600 -1.513900 -2.664500 -1.302500 -2.892500 -0.660200 -6.864600 -10.848000 -6.940800 -6.210800 
0.984000 -2.714600 -3.115200 -1.441500 -1.271000 -1.817400 -1.825100 -1.833800 -5.763200 -2.867700 -15.667800 -8.866300 
0.986000 -2.252300 -1.994700 -1.600800 -1.402800 -3.225300 -2.051900 -4.828800 -6.407800 -5.841300 -13.567600 -24.175700 
0.988000 -1.079000 -1.756400 -0.824100 -0.844100 -4.351600 -1.912700 -4.700400 -6.538800 -7.018200 -14.654100 -15.170300 
0.990000 -2.442000 -0.972800 -1.257200 -0.895300 -2.609800 -1.625200 -5.747000 -4.428800 -5.750300 -6.822000 -13.470200 
0.992000 -2.024100 -1.295700 -0.927100 -0.896900 -5.882300 -3.752200 -2.728200 -5.232300 -3.413500 -11.149400 -18.276600 
0.994000 -1.569300 -1.102600 -0.346200 -1.413100 -4.774700 -3.327700 -4.756100 -5.879000 -4.075500 -8.912600 -7.138100 
0.996000 -1.237300 -2.021700 -2.482800 -1.365500 -1.923900 -1.376100 -2.065200 -11.487100 -4.558900 -11.119800 -17.424000 
0.998000 -0.737500 -0.720500 -2.106600 -0.863300 -1.183600 -5.881100 -1.393800 -7.644200 -0.883700 -10.009700 -10.000500 
