# gradients (DV/DL) for lambdas: 0.0 0.1 0.2 0.3 0.4 0.5 0.6 0.7 0.8 0.9 1.0
0.000000 -0.981600 -1.410200 -1.206200 -4.495700 -0.634700 -0.755000 -2.341200 -1.498900 -2.494600 -4.397400 -2.058900 
0.002000 -2.949700 -1.182300 -1.517500 -2.117400 -4.796200 -0.342200 -1.161200 -2.512200 -1.401200 -2.177300 -1.163000 
0.004000 -0.627800 -1.657200 -1.462200 -0.239900 -3.945500 -0.530900 -1.782800 -0.546600 -2.107600 -5.209500 -1.080000 
0.006000 -0.899700 -4.015500 -1.588700 -0.797400 -0.588600 -1.082400 -1.984200 -1.230900 -1.151000 -2.419100 -3.875200 
0.008000 -2.971700 -0.650500 -1.839200 -1.259800 -1.628100 -1.160900 -2.581500 -0.624900 -6.615400 -8.451900 -5.241600 
0.010000 -0.380600 -0.971000 -0.718200 -0.820200 -1.422400 -1.853700 -4.939600 -3.505200 -6.291200 -0.897500 -1.765500 
0.012000 -1.120900 -0.174100 -1.143200 -0.794500 -1.000400 -1.764700 -2.284100 -2.786500 -1.511100 -2.976200 -1.101900 
0.014000 -0.437100 -1.753800 -0.507800 -1.360200 -1.903300 -1.227000 -2.406400 -0.613300 -1.153000 -1.764900 -7.232500 
0.016000 -0.888700 -1.291900 -1.215400 -1.059100 -1.547500 -1.324600 -0.783900 -0.804500 -0.882800 -0.653400 -1.444200 
0.018000 -1.275900 -1.208700 -0.271700 -2.323700 -1.013200 -1.370900 -3.103800 -1.165600 -2.742600 -1.661100 -3.854400 
0.020000 -1.636400 -1.470100 -0.401000 -2.092500 -3.423600 -2.821500 -1.963600 -1.244000 -1.384900 -8.096900 -0.986100 
0.022000 -3.412500 -0.401700 -1.797200 -0.644000 -1.304800 -0.756700 -2.132100 -0.874600 -1.275500 -4.372300 -4.334200 
0.024000 -0.592100 -1.024900 -0.726900 -0.732600 -1.820200 -2.062500 -0.851300 -0.974400 -2.132700 -5.331100 -4.984100 
0.026000 -0.819500 -0.695100 -1.414100 -0.639700 -0.491200 -1.485900 -0.934000 -3.082400 -1.215800 -3.721900 -3.486800 
0.028000 -0.879300 -0.204600 -0.891400 -0.660000 -0.552600 -1.870700 -1.674600 -2.841500 -0.759400 -1.354100 -2.207000 
0.030000 -0.702300 -0.515400 -0.480000 -1.082400 -0.655800 -2.609000 -1.791100 -1.199800 -0.453500 -4.238000 -6.184900 
0.032000 -1.510400 -3.160800 -0.830500 -0.819000 -0.178800 -2.143300 -0.872000 -1.892700 -0.464500 -1.821600 -2.992700 
0.034000 -0.961300 -2.220900 -1.069300 -1.067800 -0.569400 -1.035400 -0.609400 -2.872300 -2.888800 -3.485200 -2.352400 
0.036000 -0.838600 -1.796900 -1.419800 -1.185100 -1.963000 -1.483100 -4.705300 -1.041800 -2.406100 -2.530100 -12.675400 
0.038000 -1.703900 -1.312900 -1.597500 -0.711200 -2.632200 -0.352300 -2.094100 -8.174200 -1.100600 -5.129000 -3.002300 
0.040000 -0.267800 -1.259100 -2.299600 -1.209500 -1.382900 -1.027800 -2.083900 -2.628300 -6.462000 -4.256100 -3.502700 
0.042000 -2.432200 -0.543100 -1.115600 -0.350800 -1.457600 -1.439200 -1.743500 -3.800700 -7.788600 -1.439500 -3.338900 
0.044000 -0.876100 -0.878800 -1.042400 -0.800500 -3.147300 -0.184500 -2.453600 -1.168200 -1.230700 -4.255500 -1.095300 
0.046000 -1.735600 -0.676400 -0.950900 -2.070700 -0.448900 -2.265400 -0.415800 -0.473900 -1.024000 -4.420000 -1.695800 
0.048000 -0.923600 -2.068500 -0.884700 -2.505000 -1.212100 -1.000100 -1.907500 -1.496300 -1.597900 -8.238800 -3.788400 
0.050000 -0.175200 -1.877900 -1.533700 -0.516000 -1.922600 -1.026800 -0.939000 -3.149300 -0.749000 -1.354000 -1.615100 
0.052000 -0.971200 -1.388300 -1.276300 -0.348300 -1.276200 -0.781100 -1.845400 -2.370900 -4.438100 -2.741100 -3.034600 
0.054000 -1.605400 -0.807800 -1.151600 -1.695900 -2.343100 -0.927900 -1.283000 -1.479700 -0.966200 -1.097400 -5.414400 
0.056000 -0.926400 -1.873700 -1.303700 -1.153600 -0.900200 -1.884000 -1.737200 -3.601700 -1.813700 -2.502500 -0.846000 
0.058000 -1.189100 -0.585300 -1.234800 -1.237100 -1.277900 -1.262400 -1.559800 -2.009300 -1.569100 -5.605000 -2.480900 
0.060000 -0.537300 -0.718000 -0.681800 -1.214300 -0.543100 -3.029100 -2.635800 -0.217500 -2.718400 -8.023600 -2.823700 
0.062000 -2.734400 -0.223300 -1.092200 -0.780400 -1.768100 -4.115400 -2.977000 -1.603600 -3.434600 -1.528900 -1.435900 
0.064000 -1.344600 -1.330800 -1.244700 -4.771600 -0.867300 -0.457800 -1.356700 -1.449700 -0.700900 -2.376200 -0.419800 
0.066000 -1.374400 -1.455000 -1.385400 -2.158300 -1.763500 -0.323900 -1.086500 -1.823400 -0.729500 -0.927000 -4.926500 
0.068000 -0.572400 -0.918000 -1.801700 -0.854800 -0.574300 -1.023300 -1.264300 -0.906800 -1.068400 -1.863200 -6.703000 
0.070000 -1.037100 -1.175400 -0.656300 -1.337500 -3.933800 -2.545700 -3.523400 -0.610800 -0.940800 -1.577700 -1.929400 
0.072000 -0.685200 -1.235900 -0.882000 -1.525900 -1.393100 -0.722000 -2.288000 -1.804000 -1.581100 -2.050600 -3.308800 
0.074000 -2.295800 -1.329900 -1.453500 -0.997600 -1.458500 -1.767900 -1.121400 -1.861000 -1.415000 -1.840300 -1.145600 
0.076000 -2.940300 -2.271700 -0.395300 -0.309400 -1.239600 -0.815700 -0.983200 -0.850400 -1.323100 -0.822700 -2.115700 
0.078000 -0.651800 -2.656000 -2.074300 -2.554600 -1.579700 -2.383500 -1.624000 -0.199700 -1.734100 -6.422100 -2.901000 
0.080000 -1.769500 -1.635600 -1.609400 -0.735100 -0.361000 -0.154800 -1.265500 -1.109900 -1.671800 -5.544500 -1.694000 
0.082000 -0.847200 -0.885100 -0.276000 -1.289800 -3.539700 -0.826800 -3.192900 -1.394800 -1.316900 -7.151900 -1.628500 
0.084000 -2.328700 -0.710500 -1.245600 -0.586100 -1.148600 -2.973500 -1.101600 -1.076700 -0.950900 -4.134900 -1.029100 
0.086000 -2.566000 -0.971500 -1.782000 -1.351700 -1.841100 -1.491100 -1.258500 -0.699500 -2.877100 -2.985200 -3.492900 
0.088000 -1.111300 -1.887400 -0.685200 -2.784900 -3.582700 -3.724100 -1.262500 -1.766900 -3.566500 -0.643300 -1.205900 
0.090000 -0.709200 -0.821500 -0.467900 -0.532300 -2.370000 -0.148300 -1.607600 -1.345700 -4.427900 -4.121200 -2.472200 
0.092000 -1.262400 -0.825700 -1.715700 -1.808200 -0.571100 -3.098000 -1.784000 -3.126700 -1.291100 -0.852300 -3.661500 
0.094000 -1.304800 -1.922600 -0.451400 -0.307000 -0.495400 -0.583700 -3.680800 -0.291500 -0.512700 -1.038400 -1.372000 
0.096000 -3.114600 -1.263900 -0.771500 -1.319900 -1.930300 -0.987300 -3.683500 -1.082500 -2.183700 -3.158500 -11.651600 
0.098000 -0.433900 -0.404500 -0.838500 -1.634300 -0.600900 -0.642200 -2.052000 -0.818300 -2.187000 -2.314200 -3.490500 
0.100000 -2.628300 -1.571000 -0.447500 -2.940700 -0.955800 -1.690100 -2.760700 -2.056400 -3.892700 -1.196900 -2.028300 
0.102000 -0.548900 -0.845000 -1.342900 -0.524900 -1.321300 -1.655400 -1.214100 -0.195000 -0.330800 -1.831900 -3.435600 
0.104000 -0.897000 -0.571300 -0.216800 -0.952100 -0.500000 -5.477300 -1.496100 -2.158000 -3.227800 -3.894300 -1.718400 
0.106000 -0.598000 -0.574400 -0.279200 -0.283500 -1.233900 -1.060200 -1.053100 -1.312600 -1.304500 -3.542400 -4.870700 
0.108000 -0.199500 -0.679600 -1.033400 -1.770700 -0.911200 -0.290900 -1.265800 -1.145700 -3.317000 -4.352300 -6.612200 
0.110000 -2.251100 -0.518100 -1.104100 -1.265000 -1.093200 -2.558800 -1.557700 -2.360100 -1.900900 -3.868500 -14.636900 
0.112000 -1.364100 -2.089500 -0.329100 -1.196600 -1.355100 -0.506000 -0.925300 -0.645400 -5.773100 -7.322600 -2.754600 
0.114000 -1.239300 -1.571200 -1.037000 -2.827700 -1.079000 -0.577800 -1.168100 -1.353000 -0.414600 -3.278400 -5.155600 
0.116000 -0.757200 -2.714800 -0.748700 -0.742000 -0.884500 -2.856700 -1.198300 -0.828300 -0.329100 -0.977100 -2.566300 
0.118000 -2.507900 -1.853000 -1.006000 -0.779100 -0.091100 -0.279900 -4.299000 -1.628900 -8.045800 -2.784600 -0.545900 
0.120000 -0.686600 -0.441000 -2.291800 -1.221200 -1.277800 -1.735000 -0.710800 -1.592100 -4.582900 -1.634900 -1.326100 
0.122000 -0.540500 -0.316400 -2.900400 -2.244100 -1.492000 -1.632400 -1.283300 -2.663000 -1.329400 -0.595400 -1.887300 
0.124000 -1.613100 -3.351500 -1.220900 -0.614200 -1.331600 -0.317800 -1.064200 -1.352100 -4.487800 -0.840900 -0.561700 
0.126000 -3.730100 -1.758300 -1.600200 -1.436300 -0.727900 -0.248600 -1.312900 -0.937200 -2.863500 -2.809800 -2.854900 
0.128000 -1.902900 -1.103700 -1.989200 -2.471800 -5.029200 -1.878200 -1.524700 -2.472200 -0.514700 -4.076000 -8.938700 
0.130000 -0.631100 -1.006600 -1.050200 -0.927100 -0.567800 -1.271200 -1.231800 -0.517600 -4.802400 -1.118600 -2.955700 
0.132000 -1.057800 -0.769700 -0.565100 -1.051000 -2.571900 -0.546300 -1.334900 -0.617500 -0.673500 -0.711100 -5.792500 
0.134000 -1.294200 -0.838700 -0.440800 -0.895000 -1.557000 -0.881200 -1.102800 -0.431100 -1.726700 -2.980300 -0.996100 
0.136000 -1.763600 -1.389500 -0.828300 -0.684100 -1.323800 -1.132300 -1.486100 -2.730000 -1.954400 -2.868800 -4.313300 
0.138000 -0.433700 -1.445200 -1.356700 -1.489400 -0.293100 -1.712500 -0.831500 -1.043000 -1.799900 -4.274700 -3.835900 
0.140000 -1.110300 -1.498200 -1.258400 -0.683300 -1.513400 -0.463400 -2.488000 -0.972000 -1.583000 -1.615300 -2.931200 
0.142000 -2.120800 -1.369100 -0.834900 -1.545400 -2.765000 -1.074600 -1.762500 -0.404900 -15.192700 -2.774700 -2.471100 
0.144000 -0.622700 -1.486900 -1.037900 -1.742300 -0.918500 -1.019000 -1.217300 -1.065000 -1.485100 -4.885700 -3.565300 
0.146000 -0.791300 -1.135300 -1.726100 -0.863500 -0.750900 -0.665200 -2.148400 -2.811800 -0.936000 -2.829300 -12.906200 
0.148000 -1.347700 -0.793100 -0.191800 -1.218500 -0.603900 -0.762100 -0.821600 -4.539400 -1.110600 -1.204200 -26.751100 
0.150000 -0.694900 -0.811000 -1.805200 -1.371400 -0.915000 -2.315500 -2.051100 -1.788300 -1.318200 -1.361600 -2.359200 
0.152000 -0.442300 -1.123700 -3.736200 -0.699600 -0.652000 -0.852300 -3.011700 -0.979500 -1.543600 -3.698200 -1.736300 
0.154000 -0.722800 -1.120500 -1.404600 -1.309500 -4.119400 -2.022600 -1.291700 -3.434600 -1.870100 -1.914800 -4.264400 
0.156000 -0.267500 -0.704900 -1.869100 -1.311300 -1.559000 -2.151300 -0.729400 -3.671200 -1.364800 -2.303700 -1.377700 
0.158000 -0.732300 -0.390700 -1.422600 -0.777700 -1.139700 -1.082100 -1.004000 -2.185300 -2.148000 -1.957500 -2.785000 
0.160000 -2.169100 -1.045000 -0.972200 -1.337500 -1.184500 -0.288000 -2.369000 -3.228200 -0.377100 -2.287100 -0.858100 
0.162000 -1.764700 -1.185000 -0.731300 -1.389500 -1.291200 -0.847000 -2.067100 -1.646300 -3.672000 -6.979500 -1.437500 
0.164000 -0.369400 -0.849300 -2.735800 -0.552800 -1.335700 -1.157500 -1.201800 -2.845400 -4.555100 -3.046000 -1.072200 
0.166000 -0.615700 -0.299700 -1.340800 -1.187800 -1.156700 -1.072200 -1.042400 -0.708900 -1.672400 -5.015000 -9.373400 
0.168000 -0.331200 -0.863800 -1.142000 -0.506200 -1.059900 -0.924400 -0.408900 -0.737300 -0.874300 -1.169800 -2.573600 
0.170000 -0.392000 -0.816600 -2.245200 -1.325600 -1.087800 -2.686100 -2.436500 -1.301100 -1.107700 -3.405700 -11.535200 
0.172000 -2.676100 -0.998000 -0.567700 -1.916800 -1.227600 -1.662400 -0.206600 -0.830000 -0.765400 -0.476900 -0.445700 
0.174000 -0.781700 -1.206200 -0.554700 -1.092500 -0.588400 -0.982200 -1.480900 -3.521200 -3.121800 -0.475600 -4.978500 
0.176000 -3.010800 -1.214800 -1.707900 -1.377300 -0.901000 -1.676000 -1.710000 -2.058900 -0.282900 -4.987700 -0.817800 
0.178000 -3.053900 -0.096000 -2.410300 -2.441800 -2.514100 -0.693200 -2.273700 -1.738600 -1.502500 -0.917900 -10.987100 
0.180000 -1.829600 -1.079500 -0.549300 -0.958500 -3.746000 -0.661600 -0.382200 -1.345000 -0.987000 -2.645600 -2.074000 
0.182000 -0.767300 -1.885200 -1.393300 -1.988500 -0.975600 -3.366200 -1.780700 -1.449700 -0.480300 -6.094800 -1.770700 
0.184000 -1.217000 -0.693200 -1.114500 -1.643100 -1.542000 -1.550400 -0.447900 -1.872800 -0.309100 -0.558300 -3.297200 
0.186000 -0.508700 -0.436700 -0.625900 -0.916500 -2.001900 -0.690600 -1.731300 -1.179800 -1.910800 -1.141300 -5.310500 
0.188000 -1.480900 -0.688800 -0.476500 -1.932700 -0.901000 -0.817900 -0.412900 -0.926000 -3.567400 -3.588700 -0.533500 
0.190000 -0.609600 -1.342100 -1.924000 -1.061600 -1.238900 -1.307900 -0.632900 -0.633500 -2.564700 -4.072800 -1.603000 
0.192000 -0.947600 -1.537500 -0.660100 -1.418700 -1.288200 -1.896700 -4.382600 -4.174500 -2.953900 -1.200400 -1.781100 
0.194000 -1.951200 -0.381500 -2.917300 -0.359800 -1.317800 -0.620700 -0.220000 -1.183500 -1.750200 -1.213000 -3.740700 
0.196000 -2.357600 -0.715200 -1.364800 -0.854400 -0.765500 -0.525900 -3.366700 -0.623200 -3.197000 -1.345500 -6.600600 
0.198000 -3.313600 -0.887200 -1.860800 -0.720500 -1.298300 -1.534500 -0.087200 -1.093600 -1.595700 -1.810100 -4.721800 
0.200000 -0.733700 -1.980000 -0.701000 -2.160500 -0.841200 -1.331900 -3.199100 -4.661300 -3.624200 -2.880000 -1.839000 
0.202000 -0.990600 -3.261700 -1.046600 -1.840700 -1.640900 -2.576800 -1.029800 -1.266600 -1.708900 -5.701700 -2.702500 
0.204000 -2.197000 -0.215500 -2.081200 -1.134200 -1.240400 -2.183100 -1.175900 -1.225600 -2.774200 -5.533500 -1.159300 
0.206000 -1.232700 -2.687500 -1.511300 -0.808900 -0.363900 -2.607800 -1.215000 -0.850000 -3.642200 -2.602600 -1.377200 
0.208000 -0.349300 -1.611800 -4.100500 -2.451600 -3.668800 -0.609200 -5.132800 -1.078400 -0.805900 -1.449300 -4.729600 
0.210000 -2.523300 -1.578400 -1.402400 -0.583900 -0.381300 -0.289700 -1.733500 -4.681300 -1.932900 -2.330400 -2.269000 
0.212000 -0.636200 -0.682000 -1.552000 -1.033600 -1.071200 -0.252400 -0.522000 -2.530800 -1.752200 -1.479800 -3.752200 
0.214000 -0.899700 -1.414700 -0.551100 -2.909800 -0.684000 -1.408800 -1.311900 -1.985900 -2.967500 -1.812500 -3.403800 
0.216000 -0.953300 -1.227700 -1.332200 -1.316300 -1.601900 -1.152000 -0.777300 -1.939100 -2.692000 -0.853500 -0.892000 
0.218000 -3.160000 -0.629100 -0.171100 -1.346600 -0.913700 -1.848900 -0.525300 -2.489600 -2.248300 -1.832700 -4.139100 
0.220000 -0.685900 -0.459000 -2.366800 -2.235000 -0.455300 -2.277600 -1.094900 -1.693400 -3.741400 -3.889500 -1.666400 
0.222000 -0.606900 -2.314400 -0.968800 -1.072100 -1.886400 -1.302100 -1.083100 -0.499600 -0.960500 -2.080000 -7.363200 
0.224000 -0.805900 -0.618500 -0.750200 -0.458200 -0.642800 -1.345300 -1.114900 -3.387900 -1.513700 -3.654700 -1.745100 
0.226000 -0.661100 -2.086900 -0.645100 -2.008600 -2.701100 -2.766300 -3.544100 -0.913700 -1.988900 -4.547200 -2.280000 
0.228000 -0.370900 -0.917300 -0.402500 -1.086500 -0.976800 -1.244800 -1.426500 -1.779900 -4.729400 -0.896700 -1.891000 
0.230000 -0.476500 -1.629300 -1.482900 -1.687200 -0.887200 -0.906800 -1.274300 -5.557100 -1.319100 -2.452700 -2.165000 
0.232000 -0.386300 -1.370300 -2.098200 -1.287500 -0.949000 -2.944800 -3.675500 -3.946300 -7.117500 -2.179200 -0.673700 
0.234000 -0.924500 -0.389600 -2.946500 -1.810700 -1.679700 -1.759400 -2.841300 -0.583500 -3.136900 -0.407300 -2.457000 
0.236000 -0.786300 -1.482200 -1.465100 -1.328300 -0.224800 -0.909500 -1.688200 -0.966500 -5.137100 -0.705800 -6.036500 
0.238000 -2.041000 -1.579100 -0.826200 -2.698200 -0.627300 -3.062000 -0.821300 -0.790400 -2.140300 -0.612400 -2.964300 
0.240000 -0.466900 -1.300500 -0.591300 -1.879800 -3.170200 -1.344200 -1.273800 -1.027100 -3.332200 -1.269200 -3.880200 
0.242000 -0.901000 -0.553300 -0.988900 -2.191200 -0.900200 -0.927600 -0.430700 -1.395300 -2.711000 -4.233000 -6.091300 
0.244000 -0.233400 -0.819600 -2.209900 -3.303800 -1.628700 -1.024100 -1.361300 -0.363500 -2.829700 -3.726000 -8.379800 
0.246000 -1.135700 -1.502900 -0.661600 -1.833200 -2.281300 -2.372200 -1.566300 -1.146000 -1.064300 -0.963300 -1.936700 
0.248000 -0.974100 -0.318300 -0.589900 -1.222700 -1.111900 -2.347400 -1.370300 -0.893300 -0.624700 -4.708600 -1.830900 
0.250000 -1.200900 -1.007300 -0.340100 -0.705400 -0.415200 -1.600600 -2.112100 -0.229700 -8.001300 -1.862900 -2.662500 
0.252000 -0.758500 -2.501800 -0.842100 -1.341200 -0.619100 -1.302300 -1.968200 -4.153100 -1.069900 -4.320100 -0.237200 
0.254000 -0.950700 -0.684700 -0.312900 -1.879800 -2.157300 -2.045500 -1.993700 -0.312700 -1.209000 -1.616600 -0.771900 
0.256000 -0.190700 -2.299800 -1.266200 -3.920300 -0.583600 -2.073800 -1.209000 -1.550700 -1.252100 -3.309700 -10.703300 
0.258000 -0.250500 -1.144100 -3.372000 -0.887500 -1.408300 -0.285800 -1.374000 -0.480700 -0.938000 -0.833100 -1.135300 
0.260000 -0.580700 -1.160000 -0.234800 -0.518800 -4.272500 -1.521500 -0.264800 -5.223200 -0.664800 -2.416000 -3.009900 
0.262000 -1.334400 -3.125300 -1.315600 -0.479600 -2.006900 -0.784800 -0.758300 -2.117000 -2.215800 -0.745900 -0.894800 
0.264000 -2.700700 -2.490500 -0.452200 -0.979100 -0.551000 -0.362100 -0.642300 -0.602100 -1.327900 -1.042700 -3.290900 
0.266000 -1.053000 -0.433500 -0.882600 -0.892800 -1.517300 -1.302600 -0.728300 -3.534300 -3.071100 -2.181200 -2.210100 
0.268000 -0.866100 -0.775600 -0.876900 -0.753600 -1.403900 -1.230900 -1.266100 -2.682600 -3.219700 -2.034800 -1.418700 
0.270000 -0.486300 -0.547400 -1.148500 -0.504100 -1.775200 -2.338800 -3.143700 -2.829400 -2.015800 -2.972000 -1.695900 
0.272000 -1.003200 -1.976600 -0.674700 -1.287800 -0.633200 -1.765000 -0.588300 -2.020300 -2.107800 -1.756900 -0.657500 
0.274000 -0.761900 -0.687300 -1.272100 -1.704300 -1.290100 -0.528800 -3.106900 -0.344600 -1.590200 -1.848300 -9.714900 
0.276000 -1.467700 -1.322100 -0.391100 -0.573100 -3.977500 -0.385700 -1.072800 -1.245800 -1.579500 -1.233100 -1.975600 
0.278000 -0.454700 -1.205800 -0.314800 -1.939400 -1.652600 -1.682000 -0.502500 -1.340100 -1.533300 -3.128300 -7.537200 
0.280000 -1.914700 -2.144000 -0.803300 -0.408800 -2.007800 -1.779100 -2.253200 -0.916600 -3.896200 -1.394700 -1.823200 
0.282000 -0.514700 -0.872200 -2.225800 -0.622200 -1.818300 -0.784200 -0.480300 -0.432700 -3.233700 -1.396400 -16.822900 
0.284000 -0.820700 -1.334800 -4.111600 -1.003300 -1.277800 -1.114300 -1.346700 -0.753900 -3.315700 -3.725600 -1.531200 
0.286000 -0.308900 -1.379400 -0.604100 -0.554300 -1.909500 -1.919600 -0.978100 -1.429900 -0.764100 -1.828500 -0.829800 
0.288000 -1.182300 -0.458600 -0.333500 -0.880700 -0.882300 -2.272800 -0.410700 -2.519100 -1.270900 -1.153000 -1.628000 
0.290000 -0.136000 -1.823200 -0.677100 -0.778800 -1.249800 -5.697400 -0.806000 -0.472900 -1.046500 -1.957300 -5.798500 
0.292000 -0.784500 -0.746500 -0.442500 -0.886400 -1.386300 -1.283100 -2.229500 -3.989600 -5.756700 -1.966900 -0.532500 
0.294000 -1.994600 -1.192100 -0.686200 -0.304800 -0.969900 -1.654300 -0.969200 -1.666600 -0.999700 -2.443800 -2.602200 
0.296000 -0.946900 -0.460000 -1.963400 -0.599600 -0.612500 -1.282200 -6.235400 -3.166400 -0.863600 -3.548700 -2.166300 
0.298000 -1.885600 -1.116300 -1.310800 -1.091900 -3.988100 -2.016700 -0.485000 -1.296100 -2.888500 -0.943500 -7.418300 
0.300000 -1.747300 -0.705600 -2.110400 -0.407900 -0.655300 -3.966600 -1.076100 -4.750000 -2.662400 -5.199100 -2.465600 
0.302000 -0.255400 -2.470600 -0.632200 -1.153500 -1.966700 -1.178800 -1.590200 -1.151700 -1.015800 -3.344300 -1.953900 
0.304000 -0.247400 -1.731800 -0.472100 -0.859400 -1.776300 -0.700200 -0.707100 -2.431200 -2.721400 -3.951100 -1.702000 
0.306000 -0.653500 -1.094100 -2.443200 -0.832900 -4.748000 -1.979700 -0.347200 -2.726100 -8.082900 -2.556500 -1.626800 
0.308000 -0.725500 -1.274400 -0.783700 -0.614600 -4.163300 -0.705400 -2.172700 -3.477700 -1.888100 -1.481600 -1.094400 
0.310000 -0.714200 -1.253800 -0.454200 -1.231300 -1.737600 -0.800600 -1.640700 -2.295700 -1.974800 -1.936400 -12.836500 
0.312000 -0.570300 -1.975300 -1.185300 -0.703700 -1.211500 -0.809900 -1.947200 -2.715400 -2.092000 -1.421000 -6.861400 
0.314000 -0.416400 -1.913400 -0.878000 -2.227400 -2.281200 -0.647500 -1.275600 -0.872400 -1.978300 -2.089900 -1.661600 
0.316000 -0.783900 -2.792100 -0.382400 -2.928500 -1.401100 -5.920900 -1.455900 -1.933900 -4.496200 -0.593900 -1.958600 
0.318000 -0.857400 -2.101200 -0.602200 -1.154500 -1.856200 -1.568000 -1.227400 -2.717600 -1.152100 -1.333600 -1.127400 
0.320000 -0.331400 -0.979000 -0.679500 -2.285200 -2.432800 -1.773200 -1.504700 -0.695400 -3.369000 -0.711200 -1.501400 
0.322000 -1.588600 -1.111900 -2.065200 -1.987500 -0.820400 -2.791300 -0.878800 -1.264000 -2.670700 -3.542400 -7.847000 
0.324000 -0.499900 -2.008700 -1.766200 -2.159600 -2.361500 -4.360900 -2.167500 -1.789400 -2.895700 -3.091300 -2.576800 
0.326000 -0.744100 -1.473900 -0.833300 -1.939200 -1.339800 -2.136300 -1.320900 -0.629500 -2.050700 -3.104900 -3.736100 
0.328000 -0.303800 -1.849700 -0.822700 -0.962000 -1.261200 -1.500600 -3.486900 -1.478000 -3.635600 -2.603400 -5.578800 
0.330000 -1.028700 -0.844700 -1.329900 -1.514400 -0.449500 -1.584200 -0.461700 -1.243600 -3.586800 -0.975300 -2.526400 
0.332000 -2.327100 -0.340700 -0.922300 -2.837700 -0.923300 -1.467900 -1.878500 -1.160900 -2.570400 -0.929700 -0.546600 
0.334000 -1.216200 -1.059200 -1.675800 -1.667400 -0.428200 -2.309400 -0.546700 -1.016200 -3.702300 -2.398300 -0.366600 
0.336000 -0.878600 -0.428100 -0.481800 -2.389400 -0.824600 -1.340700 -1.791400 -1.847400 -6.498100 -1.393500 -1.454600 
0.338000 -1.143200 -0.568800 -1.920300 -0.714700 -1.883700 -3.181800 -1.047900 -1.382200 -0.818300 -0.314700 -5.769900 
0.340000 -0.680700 -1.072600 -1.241000 -0.727900 -1.439300 -2.170800 -3.589900 -2.657900 -6.442600 -1.236200 -9.103300 
0.342000 -0.335600 -0.404700 -3.370100 -2.807400 -2.634100 -0.980200 -1.736200 -1.535900 -3.519100 -0.927700 -3.631900 
0.344000 -1.356200 -2.286700 -0.504600 -2.279600 -0.277900 -1.045800 -1.492700 -1.767500 -3.640600 -3.731700 -1.942200 
0.346000 -1.343700 -1.758600 -2.347300 -0.950400 -0.824600 -2.106100 -1.053500 -1.946900 -3.296900 -2.906500 -2.366000 
0.348000 -0.979900 -1.681100 -2.029400 -0.588700 -0.696100 -2.645900 -1.080900 -0.904000 -3.801800 -2.249300 -2.468400 
0.350000 -1.025100 -2.891800 -1.182500 -0.891100 -0.624200 -2.588900 -1.766500 -2.998800 -5.948300 -0.849000 -1.027900 
0.352000 -0.592900 -1.479800 -2.348500 -1.209300 -0.729400 -1.021800 -0.602600 -1.809200 -2.727300 -3.035300 -4.475700 
0.354000 -0.685600 -1.443900 -1.901900 -0.802300 -0.771400 -1.004200 -0.764500 -0.902600 -3.205800 -4.948500 -4.793900 
0.356000 -2.728000 -0.365800 -0.528000 -2.506300 -1.011800 -0.809300 -2.966500 -1.544400 -3.767100 -1.421700 -3.174100 
0.358000 -1.295800 -1.473500 -0.901900 -0.809100 -1.714900 -1.226200 -0.748400 -4.715300 -1.624400 -4.843300 -1.948900 
0.360000 -1.083000 -0.932500 -0.759600 -1.690200 -1.454600 -2.248900 -2.176900 -3.591700 -2.092500 -1.109700 -1.307100 
0.362000 -0.801400 -0.548400 -0.710000 -0.809500 -0.561500 -4.646700 -1.657500 -1.281600 -1.012700 -1.209300 -2.631100 
0.364000 -1.506700 -0.215900 -0.363800 -0.222200 -0.832900 -1.747800 -1.717200 -3.113400 -3.283100 -1.884800 -0.951900 
0.366000 -1.180800 -0.987700 -0.739600 -2.463400 -0.569800 -0.756800 -0.555300 -2.766700 -2.651300 -1.790000 -1.431500 
0.368000 -1.290500 -0.260200 -1.461900 -0.444100 -0.767100 -1.245000 -2.698200 -0.498500 -2.708100 -2.308600 -3.598400 
0.370000 -0.322100 -0.353400 -1.468600 -1.026600 -0.592600 -1.872500 -0.243500 -2.165300 -1.985500 -3.253300 -3.889700 
0.372000 -1.539500 -1.962000 -1.604500 -2.150300 -0.685900 -1.751700 -2.494400 -0.512200 -0.668700 -2.082600 -3.074200 
0.374000 -1.018600 -1.216400 -0.813300 -0.991300 -0.990500 -0.540400 -2.806900 -1.541500 -3.333700 -2.068400 -3.008500 
0.376000 -0.571100 -1.715500 -0.301900 -0.998500 -1.220500 -3.447400 -0.867200 -0.792000 -1.481500 -1.160000 -1.721100 
0.378000 -1.065400 -0.840600 -0.854800 -1.203800 -0.921200 -1.720600 -0.545800 -1.044000 -3.035100 -8.872000 -9.794100 
0.380000 -0.960500 -0.921100 -1.192800 -3.272400 -1.756100 -2.358200 -1.346800 -2.376400 -0.905700 -0.938000 -0.701500 
0.382000 -2.245300 -1.848500 -0.535300 -0.918500 -0.469600 -0.935900 -0.429900 -0.590600 -1.523300 -0.696300 -2.371700 
0.384000 -0.278900 -1.116600 -1.851700 -1.149000 -2.126600 -1.680500 -1.318000 -0.813500 -4.183400 -2.857600 -3.559000 
0.386000 -1.497600 -1.270300 -1.403100 -1.323600 -2.566400 -2.347500 -1.432400 -0.868600 -2.869500 -1.021700 -6.714900 
0.388000 -0.676400 -0.896800 -1.334400 -1.247200 -1.541400 -1.821700 -0.671500 -1.503500 -1.760000 -0.901000 -2.146100 
0.390000 -1.633500 -0.869500 -1.215800 -1.616600 -3.620800 -2.154700 -2.498600 -0.602300 -2.570600 -0.502700 -1.681800 
0.392000 -0.629800 -1.320200 -0.922300 -1.596000 -1.826500 -0.768900 -0.231000 -1.131700 -2.742200 -0.927900 -2.898600 
0.394000 -1.845300 -1.119900 -1.952500 -1.872100 -1.117100 -0.342000 -3.980300 -0.808100 -2.324400 -1.176600 -1.057500 
0.396000 -1.435400 -1.003300 -0.519700 -0.573600 -1.873200 -1.448300 -4.272900 -1.321100 -0.826600 -0.412400 -1.399500 
0.398000 -1.170600 -1.260100 -1.050900 -1.210300 -1.671600 -2.277800 -1.470700 -0.716900 -1.221700 -3.531100 -4.546300 
0.400000 -2.451000 -1.183500 -1.542200 -1.118100 -4.103600 -4.659600 -2.818800 -1.080500 -4.692400 -0.849800 -1.909500 
0.402000 -1.082600 -1.011400 -0.904900 -1.528800 -1.029300 -0.347700 -0.472100 -1.190900 -3.529500 -1.062600 -2.552600 
0.404000 -0.418500 -2.408700 -0.980400 -2.944400 -3.247300 -1.731600 -0.471300 -0.237300 -1.433100 -1.346400 -2.346500 
0.406000 -1.349500 -1.350000 -1.862800 -0.779100 -1.596000 -0.774600 -1.364600 -2.024700 -2.559700 -1.546100 -2.790700 
0.408000 -0.362600 -1.269700 -4.022900 -1.687300 -2.659500 -1.539200 -2.932200 -0.128900 -1.781500 -2.141600 -5.165800 
0.410000 -1.001600 -1.036700 -1.470000 -1.708200 -1.637600 -1.437900 -1.781600 -1.309500 -1.601700 -5.724200 -1.654100 
0.412000 -1.115700 -0.986500 -1.206800 -0.411500 -1.043500 -1.966300 -0.447100 -3.450400 -2.402100 -1.613000 -1.868900 
0.414000 -0.767400 -0.961700 -1.121700 -0.645600 -0.457100 -1.602600 -2.526400 -0.710600 -6.567800 -5.019500 -0.548300 
0.416000 -0.157300 -0.351200 -1.126200 -0.595900 -1.444000 -1.712700 -1.684400 -2.784000 -0.353600 -4.275400 -5.613800 
0.418000 -1.097200 -3.638400 -0.630200 -2.574100 -0.616400 -0.523700 -1.573300 -1.779700 -1.102600 -1.028200 -0.961100 
0.420000 -1.418300 -0.705800 -1.893600 -0.324000 -0.443500 -1.325100 -1.213300 -1.056500 -2.495500 -2.806700 -1.972100 
0.422000 -0.684700 -0.315700 -1.237600 -1.031100 -1.903000 -0.533500 -0.596100 -3.751300 -5.524700 -1.200200 -4.652800 
0.424000 -2.555600 -1.769700 -3.355500 -2.090800 -1.020500 -2.131600 -0.538400 -1.873900 -3.354100 -2.438600 -3.776700 
0.426000 -1.072000 -1.278700 -1.731300 -1.282500 -1.083500 -0.257800 -2.216200 -2.324900 -0.841900 -2.173200 -4.818400 
0.428000 -1.513900 -2.462900 -1.404500 -0.470000 -0.603700 -1.532800 -3.135600 -4.271900 -6.507300 -4.977100 -2.730400 
0.430000 -0.985500 -1.941100 -0.997200 -1.394000 -2.202300 -4.202700 -2.934000 -0.624800 -4.206800 -4.165100 -1.234000 
0.432000 -1.483000 -2.163000 -2.266100 -0.321400 -1.143700 -1.591500 -3.810300 -0.417200 -1.169200 -2.580100 -2.972400 
0.434000 -0.788100 -0.670300 -0.510200 -2.018800 -1.140400 -3.105100 -2.764100 -1.951600 -1.377000 -3.734600 -6.274700 
0.436000 -0.132300 -0.640200 -0.705400 -0.831300 -2.329100 -0.600700 -2.724200 -1.395900 -2.468900 -2.395200 -1.851800 
0.438000 -0.716800 -2.973700 -0.651500 -1.895400 -1.186900 -2.287000 -4.881200 -1.208300 -4.111900 -1.753500 -3.376500 
0.440000 -0.363200 -1.273100 -0.511800 -1.044300 -2.964900 -2.109300 -1.674200 -3.158400 -6.560200 -4.546200 -1.901400 
0.442000 -0.656900 -2.706600 -1.227600 -3.190300 -0.459400 -2.076600 -0.573500 -4.526100 -1.602000 -4.196300 -3.370400 
0.444000 -2.471200 -0.773400 -0.991500 -0.926500 -0.788600 -1.089900 -2.710700 -3.033800 -5.730600 -2.622800 -2.384000 
0.446000 -0.917800 -0.588900 -1.955700 -1.439300 -1.785700 -0.581800 -3.521200 -3.262300 -2.480800 -5.380300 -3.200500 
0.448000 -0.858900 -1.254400 -1.076600 -1.542300 -1.710700 -0.311500 -3.479800 -2.408200 -1.518100 -2.350600 -1.028100 
0.450000 -1.240400 -1.250300 -1.169100 -1.904600 -1.163900 -1.292300 -4.416000 -0.336600 -2.369700 -4.859000 -4.805700 
0.452000 -1.535700 -1.503300 -0.952900 -2.257000 -1.334100 -1.450300 -0.856800 -2.463100 -8.667800 -5.057400 -3.181200 
0.454000 -0.678900 -2.033700 -2.030200 -1.899100 -2.778000 -1.424400 -4.962500 -1.071100 -5.617700 -1.583800 -4.066500 
0.456000 -0.636400 -2.168500 -0.380700 -1.158600 -0.918500 -2.378400 -3.151500 -2.113000 -1.095400 -2.760800 -12.615700 
0.458000 -1.121000 -2.085400 -1.871700 -1.762000 -0.604300 -1.777400 -1.710400 -1.055800 -7.124200 -1.602600 -10.478700 
0.460000 -1.749500 -1.283300 -1.544700 -0.877600 -0.668000 -2.404100 -1.083400 -1.391000 -3.114200 -4.332600 -9.897000 
0.462000 -0.615400 -1.270700 -0.910000 -1.931200 -0.577000 -2.550300 -0.213200 -1.275000 -4.033900 -1.711000 -2.782500 
0.464000 -0.757100 -1.347900 -1.044700 -1.869100 -2.267200 -1.393500 -0.831900 -0.750300 -6.710600 -0.414100 -10.508000 
0.466000 -0.686300 -0.495700 -1.926700 -0.684900 -1.161900 -0.381500 -2.189100 -4.293200 -2.494800 -1.002900 -15.524200 
0.468000 -1.672700 -0.371300 -2.161400 -1.112700 -2.508200 -2.899200 -2.647600 -4.019600 -5.120000 -1.931900 -1.098300 
0.470000 -0.160500 -1.046000 -0.335700 -0.770600 -0.990900 -1.395200 -1.412200 -2.900100 -1.722600 -3.669600 -2.715000 
0.472000 -1.187800 -2.279800 -0.985600 -0.515900 -0.604300 -1.194200 -0.331300 -1.478700 -3.373900 -9.924800 -17.740100 
0.474000 -1.463800 -1.054100 -1.891700 -1.242000 -0.844500 -2.139400 -0.859500 -1.331900 -2.000000 -3.151000 -4.076100 
0.476000 -2.017000 -1.407400 -2.281200 -2.830700 -0.797600 -0.364700 -2.325400 -1.615700 -5.920100 -5.984600 -0.817500 
0.478000 -1.456600 -0.674400 -1.334400 -1.443100 -1.240600 -0.548100 -1.256900 -0.999400 -1.152300 -3.278200 -1.999400 
0.480000 -1.609500 -0.924400 -1.143900 -0.589100 -1.099400 -3.340000 -3.747700 -0.618000 -9.162800 -0.604700 -3.521000 
0.482000 -1.335900 -0.958800 -1.110400 -0.980500 -1.956400 -0.790100 -0.913800 -1.673000 -1.553100 -0.603100 -1.968600 
0.484000 -1.222800 -0.565100 -1.883900 -0.903100 -1.588200 -2.993800 -2.239100 -1.560900 -3.467700 -2.359900 -2.373200 
0.486000 -2.808400 -1.285300 -0.592200 -0.763900 -1.210900 -0.643300 -1.053700 -2.674800 -0.961700 -0.545200 -5.461300 
0.488000 -1.059300 -1.189800 -1.108600 -1.385700 -1.907000 -0.214400 -1.394500 -3.402700 -1.027500 -2.236700 -5.650700 
0.490000 -0.862600 -0.660800 -0.403700 -0.354900 -2.187800 -0.933400 -1.131700 -0.671300 -1.925900 -14.696800 -5.384900 
0.492000 -2.721400 -1.179200 -1.621100 -1.439500 -0.359300 -3.798300 -0.508800 -1.559200 -0.712500 -3.884800 -6.616500 
0.494000 -0.624000 -0.817000 -1.133600 -1.591400 -2.832400 -1.441800 -1.070700 -1.215800 -5.432700 -1.762400 -7.611400 
0.496000 -1.102200 -0.708300 -1.224500 -1.325400 -2.416500 -2.165700 -4.776500 -1.943800 -4.307400 -4.000700 -2.897700 
0.498000 -0.364700 -1.803200 -1.324800 -0.858200 -0.505000 -1.372000 -1.084300 -4.367800 -0.873400 -0.746500 -1.123900 
0.500000 -1.400100 -0.473600 -1.977300 -0.764300 -1.173200 -1.154200 -0.867300 -1.579400 -4.628500 -1.624400 -1.694800 
0.502000 -0.896700 -2.052500 -1.906500 -1.044700 -1.796100 -1.155400 -0.205400 -3.450400 -5.424600 -6.005900 -4.214300 
0.504000 -1.203200 -2.498100 -0.749100 -1.553600 -1.089800 -2.099400 -2.227900 -2.351400 -1.675800 -1.340600 -4.742500 
0.506000 -1.096900 -1.515900 -0.679000 -0.431600 -1.666800 -2.669600 -1.263700 -4.112300 -4.442100 -2.912400 -9.928200 
0.508000 -1.327200 -1.969800 -0.880900 -0.326800 -1.609600 -0.974100 -1.357900 -2.247600 -3.156700 -4.138100 -3.895600 
0.510000 -1.468400 -1.622600 -0.532400 -1.838600 -1.275800 -2.385200 -0.759900 -1.834500 -3.686500 -2.490200 -3.913900 
0.512000 -1.317900 -0.555900 -0.937700 -0.836400 -0.689400 -1.531600 -7.955300 -2.318900 -1.235000 -3.251900 -12.973600 
0.514000 -0.570600 -0.662100 -0.191800 -0.585300 -1.645400 -4.066100 -0.624800 -0.905600 -2.090800 -3.288700 -4.796600 
0.516000 -0.556000 -0.512800 -1.108200 -1.645200 -1.138800 -1.663100 -0.178600 -1.432400 -5.136700 -3.022900 -2.762600 
0.518000 -1.088100 -0.634200 -1.279400 -0.729400 -1.607500 -1.009600 -1.482500 -2.614700 -2.115400 -3.059400 -6.430100 
0.520000 -2.976500 -1.329900 -1.768200 -0.676300 -0.263100 -2.804400 -4.942600 -2.422400 -3.984100 -1.788100 -2.061800 
0.522000 -1.410100 -1.390800 -1.219900 -2.214300 -0.875900 -1.069600 -2.774600 -1.795900 -2.886800 -1.006400 -1.388500 
0.524000 -0.619300 -0.922500 -0.256700 -1.413300 -0.743300 -2.580300 -1.994900 -2.149300 -3.172300 -5.425800 -3.063100 
0.526000 -2.925500 -0.502500 -0.642400 -1.215600 -1.874200 -1.904800 -1.320400 -1.114800 -2.258800 -1.041000 -16.315800 
0.528000 -0.565700 -0.753400 -0.625100 -2.054000 -1.751000 -1.453200 -0.740600 -0.521400 -0.959300 -0.308600 -6.962800 
0.530000 -0.733500 -0.842900 -0.863200 -0.636300 -1.185400 -0.474700 -3.591200 -0.785900 -0.546900 -3.099600 -5.509500 
0.532000 -0.470900 -0.583700 -0.999300 -0.536600 -1.249500 -0.781300 -1.949600 -4.092200 -2.211900 -2.439600 -8.609000 
0.534000 -0.176400 -1.845800 -1.111700 -1.009600 -1.596500 -1.323300 -2.093600 -0.835200 -1.574000 -0.496400 -2.440200 
0.536000 -0.364300 -0.578500 -1.434100 -1.531200 -0.793000 -1.030300 -0.922600 -0.363600 -6.829900 -1.538200 -1.287100 
0.538000 -1.308100 -1.168300 -2.138700 -0.700900 -0.797000 -0.894100 -1.925500 -0.949100 -1.218400 -0.213500 -1.763800 
0.540000 -1.344000 -1.872400 -1.342200 -0.731100 -2.071900 -1.197800 -3.360300 -0.864200 -1.959800 -3.346700 -0.339500 
0.542000 -0.808000 -2.004600 -1.205700 -0.565100 -0.819800 -2.014500 -3.690900 -0.760600 -2.884100 -3.171700 -3.317400 
0.544000 -1.335100 -1.263100 -0.508600 -0.983700 -1.298500 -0.624100 -1.582300 -1.096600 -2.367800 -5.375800 -1.946100 
0.546000 -0.737800 -1.755900 -1.796000 -0.834300 -0.764300 -1.937200 -0.737200 -1.525300 -0.864900 -3.123300 -3.726300 
0.548000 -3.167700 -0.811000 -1.001200 -0.942900 -4.204000 -0.528900 -1.823700 -1.501600 -1.686300 -1.620000 -7.978300 
0.550000 -0.950000 -1.793700 -0.975900 -0.565700 -0.502800 -0.765900 -1.085600 -0.856200 -1.150400 -1.150900 -7.327800 
0.552000 -1.739800 -3.900400 -0.646800 -0.952400 -1.411200 -2.668100 -1.813800 -1.983500 -2.288000 -6.249400 -10.071800 
0.554000 -1.434600 -1.325000 -0.409400 -0.981900 -0.563900 -1.279200 -1.952800 -3.063000 -2.813000 -0.909600 -5.907400 
0.556000 -0.653300 -0.862900 -0.353300 -0.659600 -1.734800 -1.775100 -2.850800 -3.217100 -2.920800 -1.007300 -2.561600 
0.558000 -1.115400 -2.293900 -1.277500 -0.656200 -3.503900 -0.439100 -4.605900 -4.977800 -10.162100 -2.644200 -5.357000 
0.560000 -0.639200 -0.371700 -1.056300 -1.676900 -0.815300 -1.844600 -0.725300 -3.661900 -1.041600 -7.647600 -1.961400 
0.562000 -2.263400 -1.079700 -0.556500 -1.600900 -1.403000 -0.798500 -1.128600 -1.003300 -1.070200 -0.590300 -13.135300 
0.564000 -0.389100 -1.187500 -0.386700 -0.445900 -0.372400 -3.022300 -1.696000 -1.550800 -1.792300 -0.668800 -16.374900 
0.566000 -0.645200 -1.175400 -2.707700 -2.927700 -0.240800 -1.404700 -1.984700 -0.606400 -5.754200 -5.540400 -5.890400 
0.568000 -0.711200 -0.856100 -1.306200 -0.607600 -3.097400 -1.350600 -0.751900 -5.149400 -0.357200 -0.524600 -4.523400 
0.570000 -1.852600 -0.961700 -1.104100 -1.666800 -0.794000 -1.768300 -1.557000 -1.237400 -0.785100 -3.173600 -0.690400 
0.572000 -0.841600 -0.917700 -0.494200 -0.739200 -0.768600 -1.591400 -1.059900 -0.464000 -1.137100 -6.388000 -6.023600 
0.574000 -1.483600 -0.516400 -1.177200 -2.357800 -1.566700 -1.365300 -0.789500 -1.716400 -2.000100 -4.741900 -3.989200 
0.576000 -0.905300 -0.879300 -2.219200 -2.014500 -2.275000 -1.511500 -1.540900 -2.162700 -0.748900 -10.470400 -1.106900 
0.578000 -1.419300 -1.153300 -1.789900 -0.972000 -0.528800 -1.640600 -4.915700 -5.286200 -1.771700 -6.620100 -4.134400 
0.580000 -0.980100 -1.857000 -2.179700 -0.881600 -1.470600 -3.708200 -2.402600 -4.777800 -0.912300 -1.188000 -3.327500 
0.582000 -1.297400 -0.736000 -1.790100 -0.492600 -0.656600 -1.300500 -0.636800 -2.013800 -2.902200 -1.346700 -6.990400 
0.584000 -2.021900 -2.131200 -1.220300 -0.756200 -0.519200 -2.117100 -0.653600 -2.031100 -1.546400 -7.640500 -0.641200 
0.586000 -1.113000 -0.949600 -0.876000 -3.296400 -0.889900 -0.694200 -2.039500 -2.582300 -0.300600 -3.873500 -5.112100 
0.588000 -0.430800 -1.573700 -1.587500 -1.311700 -1.147200 -2.586700 -1.061300 -1.566700 -4.986200 -6.261400 -1.371400 
0.590000 -2.032600 -1.408800 -0.733400 -2.497800 -0.955600 -1.415000 -4.156600 -3.077600 -0.589800 -3.935400 -5.680400 
0.592000 -0.697200 -1.353700 -1.430200 -0.700300 -1.623200 -1.506600 -3.730100 -3.310500 -0.454800 -2.789700 -8.531200 
0.594000 -1.699700 -1.787300 -0.565800 -3.288900 -1.548800 -0.645000 -7.942000 -1.526200 -3.005000 -1.475800 -0.921900 
0.596000 -0.926200 -0.697200 -0.447200 -0.575300 -1.639200 -0.680200 -3.078400 -0.547500 -2.301100 -0.724100 -2.042900 
0.598000 -0.709000 -0.537700 -1.527900 -1.281500 -1.107100 -0.352500 -2.592500 -3.858000 -4.617800 -1.893200 -5.360900 
0.600000 -0.338200 -0.293500 -1.175400 -2.822300 -1.310100 -1.998500 -0.531800 -0.853500 -6.579100 -1.744600 -12.091600 
0.602000 -1.872000 -1.520500 -0.633300 -1.186900 -1.513400 -1.684300 -2.135600 -1.343400 -3.920600 -4.692200 -7.791800 
0.604000 -2.989700 -1.518600 -1.305500 -3.019700 -1.885700 -0.586000 -0.467000 -3.597000 -0.803500 -17.202800 -3.305500 
0.606000 -2.260400 -0.517700 -2.005700 -1.752100 -1.655300 -2.450900 -1.186900 -0.533400 -1.011800 -2.438400 -17.697200 
0.608000 -2.052600 -0.510300 -2.208500 -2.870300 -1.235300 -1.550500 -3.926400 -0.837000 -0.910600 -19.376000 -4.174600 
0.610000 -0.463800 -0.974500 -0.708000 -1.140700 -1.008000 -2.210600 -2.553900 -1.583500 -2.612100 -1.670400 -4.037500 
0.612000 -0.576300 -0.934000 -1.049900 -1.051100 -1.892900 -0.484900 -1.508500 -2.535000 -1.005400 -6.702600 -7.317000 
0.614000 -1.327800 -0.452200 -0.734600 -0.986900 -3.022100 -1.060500 -1.721600 -2.772000 -2.988500 -1.214100 -4.119400 
0.616000 -0.806200 -1.085200 -0.969500 -1.654100 -3.244300 -0.631100 -1.550600 -2.604600 -2.871000 -1.488100 -2.206100 
0.618000 -0.628500 -0.759300 -2.140100 -2.369000 -4.242300 -0.648900 -0.216400 -0.556300 -2.464400 -1.397800 -1.805400 
0.620000 -0.796300 -0.832600 -1.291800 -0.625000 -2.429500 -1.607600 -1.883400 -2.340200 -0.639500 -2.279300 -9.303300 
0.622000 -1.017400 -3.376900 -1.529200 -1.172700 -1.667600 -1.059800 -1.491200 -1.005900 -3.932200 -1.943800 -1.923300 
0.624000 -0.694700 -0.357900 -0.365400 -1.572500 -2.425500 -1.311400 -1.344900 -3.166400 -1.624700 -3.775400 -1.304700 
0.626000 -1.394400 -0.707100 -1.197400 -0.210400 -1.261500 -0.993100 -2.748800 -0.824500 -1.117700 -0.885000 -1.969900 
0.628000 -0.849100 -0.221200 -0.951200 -0.756300 -1.098400 -0.482600 -0.694600 -0.395800 -0.861300 -1.912500 -1.220100 
0.630000 -0.935200 -0.322400 -1.308000 -1.407300 -1.150900 -2.370100 -0.639500 -1.647400 -1.445000 -1.617100 -0.110700 
0.632000 -2.156800 -1.124000 -2.241000 -1.858300 -1.382200 -2.062600 -3.299200 -4.891400 -0.518600 -1.918300 -1.618800 
0.634000 -0.475400 -0.429700 -0.429900 -1.270700 -1.445800 -0.897200 -2.295600 -0.626800 -0.957200 -0.286900 -2.359700 
0.636000 -1.822300 -0.784500 -0.821200 -1.234500 -0.074900 -0.520700 -1.199300 -2.670300 -1.556500 -0.935400 -3.544400 
0.638000 -0.367500 -0.931000 -0.427900 -0.701000 -0.929100 -1.026700 -1.461500 -3.040600 -2.145800 -3.600900 -1.009100 
0.640000 -1.388700 -0.654500 -1.042100 -1.015300 -3.268000 -2.059200 -0.696100 -1.420400 -5.129700 -3.320000 -1.599000 
0.642000 -1.320200 -0.425500 -1.050500 -0.849900 -0.608100 -0.873900 -2.152600 -1.572600 -0.250700 -2.739800 -4.584000 
0.644000 -0.747600 -1.417500 -0.939000 -1.674600 -1.619600 -2.209600 -0.482800 -1.948800 -1.385300 -1.999900 -11.819000 
0.646000 -0.475200 -2.576300 -2.340600 -2.241000 -1.665900 -1.437300 -4.192400 -2.676200 -6.794500 -1.126300 -13.563200 
0.648000 -0.505200 -0.659400 -1.085100 -0.812500 -1.827300 -0.984100 -0.657900 -3.532900 -0.213400 -1.345800 -2.232700 
0.650000 -3.598800 -1.176500 -0.889800 -0.311200 -1.626800 -1.498700 -0.993400 -1.604400 -1.035400 -2.394900 -6.248900 
0.652000 -0.444000 -1.607100 -0.684900 -0.978100 -0.688600 -1.130400 -4.641000 -1.690500 -0.752900 -1.691400 -5.794800 
0.654000 -1.246400 -1.371700 -1.792700 -1.777500 -1.792600 -0.413500 -1.851700 -2.350000 -0.390600 -2.328600 -3.917700 
0.656000 -0.886000 -0.642200 -1.125500 -2.355000 -2.773100 -1.922700 -2.210600 -1.995100 -5.397800 -3.779700 -1.667500 
0.658000 -2.097700 -2.283500 -2.071100 -0.896500 -1.222900 -1.720300 -2.504200 -2.010000 -1.481000 -1.430200 -1.038400 
0.660000 -0.620900 -1.649600 -1.968000 -0.706100 -0.711400 -1.129200 -2.165600 -1.966500 -7.245100 -2.910100 -2.119500 
0.662000 -0.858800 -0.688800 -1.331900 -0.867200 -1.807700 -2.047300 -2.707600 -0.715800 -1.221600 -2.353500 -9.754700 
0.664000 -0.569800 -1.114100 -1.618100 -0.976000 -2.640200 -3.562500 -2.720000 -2.146900 -0.910200 -4.380400 -2.687000 
0.666000 -1.468400 -0.562800 -0.681500 -0.189400 -0.625000 -0.843500 -2.538000 -2.776200 -1.887000 -0.718100 -5.415100 
0.668000 -0.661500 -1.352300 -2.017800 -1.748900 -1.631600 -0.584200 -1.314700 -1.255000 -1.728800 -0.334800 -13.219500 
0.670000 -0.881800 -0.835600 -1.175400 -3.133200 -0.518100 -1.181300 -0.480000 -4.837200 -1.028700 -0.636500 -5.329400 
0.672000 -0.832500 -1.147300 -1.358900 -0.658700 -1.058200 -2.064900 -0.524000 -0.968000 -2.174000 -3.336100 -6.610800 
0.674000 -1.284200 -0.749800 -2.389500 -1.586400 -0.933500 -1.438000 -0.850600 -3.196900 -1.571700 -2.941500 -3.885600 
0.676000 -2.080500 -1.357300 -2.812200 -1.080800 -1.833000 -0.508700 -2.440900 -1.355300 -1.131200 -3.066400 -5.935400 
0.678000 -0.746000 -0.948200 -2.019000 -0.819200 -2.565800 -0.556200 -1.072200 -3.028900 -1.225100 -5.190700 -8.367600 
0.680000 -0.772900 -1.174600 -1.136000 -1.277000 -1.214400 -2.820700 -1.032400 -2.508300 -2.537100 -4.042000 -4.211700 
0.682000 -1.136400 -1.129100 -2.111700 -0.666600 -0.588700 -0.409000 -0.492300 -1.018900 -2.517800 -2.844500 -2.700300 
0.684000 -2.358000 -1.148000 -0.903300 -1.054700 -2.401000 -0.915700 -1.293000 -0.089300 -1.209100 -0.517500 -1.321000 
0.686000 -0.665600 -0.293900 -0.830200 -1.164400 -2.278400 -1.185500 -0.617100 -1.378200 -2.196000 -4.670800 -21.871900 
0.688000 -1.552100 -1.228500 -0.251400 -0.930400 -1.487500 -1.270600 -5.169300 -0.545100 -1.294600 -3.302500 -10.971900 
0.690000 -0.701600 -1.091600 -0.862600 -0.934100 -0.262300 -0.597300 -1.192100 -0.673800 -3.570200 -0.918600 -6.930400 
0.692000 -0.948400 -0.380700 -0.532800 -1.596800 -0.488500 -0.319700 -2.329300 -3.194500 -2.512900 -1.914200 -5.805400 
0.694000 -0.885500 -1.202400 -0.342200 -1.540300 -1.604100 -1.155700 -2.861000 -2.161300 -3.166800 -2.649700 -7.220700 
0.696000 -1.310500 -1.239700 -0.707200 -0.534800 -2.298200 -1.127800 -1.036500 -1.192500 -1.066000 -0.519700 -5.218100 
0.698000 -1.030900 -0.494100 -1.258200 -0.592700 -0.594000 -4.195100 -1.972800 -1.994500 -2.992800 -4.382200 -7.008200 
0.700000 -1.171600 -1.056100 -1.343000 -0.598500 -0.098600 -0.560200 -0.922900 -0.721200 -1.955200 -1.072800 -6.458000 
0.702000 -1.473700 -1.838400 -1.008200 -1.850100 -1.710000 -1.468000 -1.357300 -2.428400 -0.394400 -2.197000 -2.876000 
0.704000 -0.553100 -0.486900 -1.010800 -1.045200 -0.586100 -1.180000 -0.667800 -4.291100 -1.043900 -2.212700 -7.569600 
0.706000 -0.707500 -0.347200 -0.314200 -0.859400 -1.500600 -0.596700 -0.326000 -1.299100 -1.824000 -2.388200 -7.429200 
0.708000 -1.238200 -0.628000 -0.564100 -0.641900 -0.832800 -1.608300 -1.768600 -2.921900 -1.551100 -1.480500 -1.587500 
0.710000 -0.386100 -0.677900 -1.001700 -0.956700 -0.437300 -2.275100 -0.682700 -1.769400 -2.260600 -1.925300 -4.926200 
0.712000 -1.996800 -2.860300 -1.228800 -1.352100 -2.428600 -0.554200 -0.282200 -2.054200 -0.845100 -1.931900 -4.248300 
0.714000 -2.302700 -0.993300 -1.509600 -5.549800 -0.520000 -1.384500 -0.965000 -1.039500 -0.729800 -1.447700 -4.720500 
0.716000 -1.665500 -1.138500 -0.623900 -1.291200 -0.920900 -1.463500 -2.142600 -2.796100 -1.095400 -1.548200 -0.773100 
0.718000 -0.400700 -0.756200 -2.297500 -1.035400 -2.414400 -2.126400 -1.750800 -0.819500 -2.225700 -1.403100 -5.593400 
0.720000 -0.590000 -0.581200 -1.630500 -0.360800 -2.943100 -2.850400 -1.592400 -1.257200 -0.821900 -6.408200 -1.621500 
0.722000 -2.064700 -0.600900 -0.933000 -0.556500 -0.645600 -1.919700 -1.280800 -1.176000 -2.762400 -2.773600 -10.272900 
0.724000 -0.915000 -0.615200 -2.769400 -2.104400 -0.943700 -3.672600 -1.963300 -1.961900 -3.830000 -1.315200 -13.610300 
0.726000 -1.074900 -1.199900 -0.778900 -1.478500 -1.669900 -1.967800 -0.960200 -3.644400 -0.902300 -1.392300 -4.122300 
0.728000 -0.666400 -0.542200 -0.370800 -0.577500 -1.760400 -0.585500 -2.003300 -1.477100 -0.848600 -3.226300 -1.804100 
0.730000 -0.703900 -1.909500 -2.348900 -0.995400 -1.489200 -0.996900 -2.475600 -2.161400 -5.298100 -11.526600 -2.462300 
0.732000 -0.942500 -0.522200 -1.194200 -1.098700 -0.190300 -2.040200 -1.349400 -2.257600 -0.753600 -1.681900 -8.814200 
0.734000 -3.351300 -1.207500 -0.415000 -0.327400 -0.464400 -1.162200 -4.210400 -2.684200 -2.831500 -7.544900 -7.789300 
0.736000 -0.986600 -0.576200 -1.603200 -1.459500 -0.759900 -4.496000 -0.646400 -0.154900 -2.120500 -3.841600 -17.958500 
0.738000 -0.823100 -0.919500 -0.756400 -2.003100 -1.774400 -1.012400 -1.454900 -2.304000 -2.105200 -3.553700 -39.181800 
0.740000 -0.276100 -2.776500 -0.869700 -2.570000 -0.632200 -1.127000 -0.924000 -4.254400 -1.693900 -1.310800 -8.906300 
0.742000 -1.189400 -1.581200 -1.504600 -1.310900 -0.491400 -0.506200 -0.560400 -0.936300 -3.996300 -6.630200 -3.943100 
0.744000 -1.151300 -0.783800 -5.219800 -0.615200 -1.772600 -2.186400 -1.706600 -2.237500 -1.983000 -3.322100 -5.441200 
0.746000 -0.841400 -1.056700 -2.730300 -0.420400 -1.161800 -5.223500 -2.621000 -2.784700 -2.489800 -2.867000 -2.493300 
0.748000 -1.071200 -0.966100 -0.935400 -0.523700 -0.820500 -1.428700 -1.628400 -1.710300 -0.812100 -3.026600 -11.203900 
0.750000 -1.040000 -3.742500 -1.648900 -0.656200 -1.219700 -2.350800 -0.657100 -1.117100 -3.197200 -4.793900 -15.478800 
0.752000 -0.833300 -0.202900 -0.780700 -0.801600 -0.694300 -1.010200 -1.005300 -2.965300 -1.844600 -1.253300 -16.090300 
0.754000 -0.944200 -2.481700 -0.542700 -1.309700 -0.914000 -0.286800 -2.302800 -1.882000 -4.712400 -1.047300 -3.146200 
0.756000 -1.769800 -1.742200 -1.089900 -1.076000 -1.460800 -2.220500 -0.554400 -3.224400 -0.742400 -2.162800 -21.242900 
0.758000 -1.544100 -1.793400 -2.302000 -1.035600 -1.794100 -0.813600 -1.092800 -0.367100 -1.159400 -2.787600 -5.568000 
0.760000 -2.515100 -0.474200 -0.972000 -3.690000 -0.607900 -1.826300 -4.094500 -1.976300 -4.985100 -5.669500 -7.143700 
0.762000 -0.370900 -2.191400 -2.684600 -0.165500 -1.883400 -0.597200 -1.090100 -2.655200 -3.431300 -1.365300 -11.443600 
0.764000 -0.777300 -0.538800 -1.238600 -1.925900 -1.578100 -1.055300 -0.216600 -0.843300 -1.113200 -1.590300 -7.720400 
0.766000 -0.627800 -0.734100 -1.271000 -1.009400 -1.171600 -1.412200 -4.973900 -3.793400 -1.809100 -1.480500 -8.574700 
0.768000 -0.615800 -1.449200 -0.940900 -1.180300 -1.102000 -1.062300 -2.160400 -1.981000 -1.642200 -2.168900 -2.679400 
0.770000 -0.313200 -0.489100 -1.550900 -0.778700 -0.698400 -1.348800 -1.150000 -0.998700 -1.694200 -7.718500 -2.380200 
0.772000 -1.030600 -2.190000 -1.957800 -1.017500 -2.037400 -1.419100 -2.374100 -0.586200 -2.076600 -1.105700 -50.023900 
0.774000 -1.176400 -2.732300 -0.480100 -0.595400 -1.332800 -0.730600 -0.815700 -0.873900 -2.562400 -2.884300 -34.736500 
0.776000 -0.426300 -1.220400 -2.740700 -3.713500 -0.154300 -0.090700 -3.992000 -1.388900 -1.423700 -0.747800 -7.584900 
0.778000 -0.305100 -1.168900 -1.602900 -0.753000 -1.009100 -0.395700 -0.506300 -1.695500 -2.464900 -2.994800 -13.911200 
0.780000 -0.943400 -0.661400 -1.394200 -1.879500 -1.996500 -1.849800 -5.340900 -3.361800 -1.693000 -2.985700 -4.806800 
0.782000 -0.623200 -1.484700 -1.496500 -1.463800 -1.729900 -1.957400 -2.338900 -1.902400 -0.947800 -6.768000 -24.686400 
0.784000 -0.721400 -1.089700 -0.650800 -1.405100 -1.555800 -1.728900 -1.109700 -2.132500 -2.513100 -13.277600 -21.245300 
0.786000 -0.754100 -2.239500 -2.205000 -1.474200 -2.742300 -1.737200 -1.589100 -0.991600 -1.709100 -3.881300 -27.257100 
0.788000 -0.389800 -0.795800 -0.830500 -1.234800 -1.555700 -0.601300 -1.224200 -3.976400 -2.198300 -2.889800 -13.793800 
0.790000 -0.328900 -0.828600 -0.674600 -0.824600 -0.620100 -3.111800 -0.546200 -1.417700 -3.191400 -0.958400 -6.510200 
0.792000 -1.534000 -0.647300 -0.951800 -1.459300 -1.032700 -0.938300 -0.974500 -0.658900 -4.139700 -1.376000 -6.052000 
0.794000 -0.518900 -0.378400 -1.483700 -1.078300 -1.251100 -2.668200 -0.450800 -2.268300 -2.358700 -0.917700 -16.468600 
0.796000 -0.422800 -1.746800 -0.810000 -1.517900 -0.494900 -0.817300 -1.117100 -3.838400 -2.880500 -3.097500 -4.555600 
0.798000 -0.158300 -1.066900 -1.605600 -1.758400 -1.426100 -1.806400 -0.931100 -2.720600 -1.606400 -1.686200 -7.153300 
0.800000 -1.912600 -0.137100 -0.397200 -2.168800 -1.632600 -0.513800 -0.729000 -0.998100 -1.024400 -8.702700 -17.599700 
0.802000 -2.446300 -1.034100 -0.741700 -1.159900 -1.859700 -2.001900 -1.637900 -1.575400 -3.262600 -0.869400 -11.097200 
0.804000 -0.794200 -2.394500 -0.736000 -0.926900 -2.558100 -1.740400 -2.343300 -1.919000 -2.445100 -2.552500 -8.056200 
0.806000 -1.086800 -0.432300 -1.190400 -1.938100 -1.105000 -1.985800 -1.430500 -0.819700 -6.221800 -1.498700 -24.153200 
0.808000 -0.364500 -2.246000 -0.933900 -0.907000 -1.256800 -2.463800 -0.427800 -3.781100 -4.860600 -4.439300 -13.382400 
0.810000 -0.539800 -0.748400 -0.891000 -1.218400 -2.742200 -2.452600 -2.841500 -2.733600 -1.677300 -3.637900 -10.774600 
0.812000 -0.371700 -1.107300 -2.091800 -1.325300 -2.038100 -1.744300 -2.114400 -0.687900 -3.783400 -1.244700 -6.597300 
0.814000 -0.379400 -0.978700 -1.142700 -1.195000 -2.162400 -0.551700 -2.193700 -1.690200 -1.656900 -3.139200 -11.596700 
0.816000 -2.353800 -0.990100 -0.962200 -0.470800 -0.653900 -1.318600 -6.295800 -2.001400 -1.344300 -2.117700 -9.519300 
0.818000 -0.710600 -0.982300 -1.005700 -1.578600 -1.881500 -1.495200 -1.725800 -1.041100 -2.610100 -1.147300 -4.682200 
0.820000 -1.186500 -0.464900 -0.397000 -0.892900 -1.046200 -0.478400 -1.596500 -1.229800 -1.761300 -4.665800 -9.255600 
0.822000 -0.436000 -0.669200 -1.125100 -1.143600 -1.140500 -0.328700 -1.679100 -0.443300 -0.980700 -2.824900 -12.783200 
0.824000 -0.423700 -0.883600 -0.855300 -1.120300 -1.571900 -3.663800 -1.610000 -2.426100 -5.346400 -2.521500 -15.850900 
0.826000 -1.763400 -1.189900 -0.653600 -0.565900 -2.182500 -2.991700 -0.855500 -3.802100 -4.614300 -2.008400 -6.750300 
0.828000 -1.033300 -1.059500 -1.327800 -1.394200 -1.059000 -1.388000 -0.957500 -0.994600 -4.090500 -1.497900 -9.059700 
0.830000 -0.727100 -1.248400 -0.779900 -4.175900 -0.953200 -1.126900 -1.442000 -3.522500 -5.333000 -2.803500 -2.530000 
0.832000 -0.559400 -1.536100 -1.112400 -3.300200 -2.164700 -1.721400 -0.543800 -1.848100 -1.824200 -0.342300 -8.016300 
0.834000 -0.702300 -1.801200 -0.905700 -0.852400 -0.916700 -1.858200 -0.493200 -1.687700 -3.479100 -7.315100 -2.345200 
0.836000 -0.718200 -0.705000 -0.600600 -2.117000 -1.404500 -1.147300 -2.033000 -0.964100 -3.678800 -1.422500 -1.538600 
0.838000 -0.837600 -1.343600 -0.912000 -1.608700 -0.636900 -0.347600 -2.946400 -2.624500 -1.717600 -1.908000 -5.407400 
0.840000 -1.313200 -1.349100 -1.372500 -4.313800 -0.613700 -0.976200 -1.640900 -2.246000 -0.460200 -2.070000 -5.344300 
0.842000 -0.371400 -0.676900 -0.352800 -2.003900 -0.745700 -0.634200 -1.131000 -2.466100 -5.012600 -1.670100 -20.406600 
0.844000 -0.393300 -1.209800 -2.582300 -1.942800 -0.580100 -1.621200 -1.890300 -1.159200 -1.176200 -5.155900 -23.593100 
0.846000 -1.501900 -0.640800 -0.723600 -1.845500 -0.734100 -0.719500 -0.672700 -0.726900 -1.926600 -1.205700 -26.685400 
0.848000 -0.648600 -0.390200 -0.357000 -2.668500 -1.763700 -2.026200 -1.522100 -1.857800 -5.921800 -1.123800 -10.530400 
0.850000 -0.569000 -1.740400 -0.701600 -2.350300 -2.261800 -1.575800 -1.082800 -2.844500 -2.898000 -2.175200 -2.244900 
0.852000 -1.121900 -1.366000 -0.394100 -0.646900 -1.093200 -3.885800 -0.609100 -1.926200 -3.665700 -2.104200 -4.610800 
0.854000 -1.795800 -1.168100 -0.633200 -0.928600 -1.279300 -1.996800 -1.953500 -0.745400 -1.038800 -1.415100 -25.349500 
0.856000 -0.825400 -1.029600 -0.683400 -1.274500 -2.135200 -0.746300 -0.969200 -0.531100 -1.621000 -3.042900 -22.133100 
0.858000 -0.491100 -0.646200 -0.902200 -2.486900 -1.923000 -0.959700 -1.903800 -2.237700 -2.252200 -0.369600 -6.334600 
0.860000 -0.631100 -0.658400 -1.561900 -2.103500 -1.320700 -2.303800 -1.585200 -1.460800 -1.915100 -22.307500 -30.136500 
0.862000 -0.560600 -0.448800 -1.410600 -2.090300 -1.297900 -1.497500 -1.316900 -1.949300 -4.946100 -7.239000 -10.297100 
0.864000 -0.600100 -0.999200 -0.373900 -2.093000 -2.313500 -1.694800 -1.185100 -1.992000 -0.625500 -3.209500 -34.574100 
0.866000 -1.506700 -0.591600 -2.581900 -2.152500 -1.130000 -0.768500 -0.494600 -1.178500 -2.597800 -1.048100 -37.727900 
0.868000 -1.082900 -1.635100 -1.108100 -2.722000 -0.468600 -1.215500 -2.430700 -1.893000 -1.209000 -3.324200 -6.368800 
0.870000 -1.548300 -1.366900 -1.007200 -2.337400 -1.737600 -0.390200 -0.615500 -0.497600 -1.494100 -3.470400 -13.684000 
0.872000 -1.236300 -1.524200 -1.073900 -2.527300 -1.876900 -0.769500 -0.801800 -3.458300 -3.747900 -3.733600 -13.098100 
0.874000 -2.190000 -0.833300 -0.762000 -2.574200 -1.262100 -0.238400 -2.796900 -1.818400 -3.231800 -2.452700 -4.286500 
0.876000 -1.960900 -0.587900 -0.576200 -1.020300 -1.045200 -1.419900 -0.248300 -1.327200 -2.928700 -6.211300 -6.448400 
0.878000 -1.003200 -1.140000 -0.320200 -2.107500 -1.561200 -0.866800 -6.429000 -2.378400 -2.965700 -3.112200 -4.885600 
0.880000 -0.895700 -0.889500 -2.172900 -1.577300 -1.162900 -1.568400 -1.451300 -2.945600 -0.958800 -1.498000 -6.985000 
0.882000 -1.574500 -1.179800 -2.002600 -1.166300 -0.994300 -0.997400 -2.111800 -1.659100 -1.377200 -2.337700 -6.087000 
0.884000 -1.564100 -0.811300 -2.955100 -2.861800 -0.615400 -0.375100 -1.191000 -2.555700 -0.770100 -0.534000 -8.245400 
0.886000 -0.482700 -1.561400 -0.634100 -1.237300 -0.969500 -1.030600 -1.039400 -1.682000 -0.546800 -2.150800 -6.626100 
0.888000 -1.927700 -0.768800 -1.299100 -1.624100 -0.538600 -1.627000 -2.641500 -1.138500 -6.336300 -3.233000 -8.513300 
0.890000 -0.559400 -0.520200 -0.791300 -4.007400 -2.055100 -1.531300 -2.715500 -1.775400 -1.960400 -3.084100 -8.031100 
0.892000 -2.126200 -2.166200 -0.873500 -1.435100 -1.311600 -2.044700 -1.926300 -0.771700 -1.054700 -2.280300 -14.944800 
0.894000 -1.068900 -0.188600 -0.794500 -1.527300 -2.469300 -2.156700 -0.928200 -4.599600 -2.085100 -3.244800 -6.567000 
0.896000 -1.186800 -2.387700 -2.325800 -2.583800 -1.565800 -1.821500 -1.237400 -3.897000 -2.445300 -5.093600 -4.778300 
0.898000 -0.892000 -1.755400 -1.407000 -0.987500 -0.233200 -1.135300 -1.497800 -1.609000 -0.805800 -2.950800 -4.040000 
0.900000 -0.359100 -1.429000 -1.389200 -2.093900 -1.613300 -0.400900 -1.785500 -0.250500 -2.000300 -1.903200 -2.676000 
0.902000 -0.403700 -0.852500 -2.397500 -3.407600 -1.314100 -1.901100 -1.492100 -1.489800 -1.609200 -1.519300 -5.301400 
0.904000 -1.152700 -0.903300 -1.342600 -2.900000 -1.776400 -3.721600 -2.125100 -1.440000 -2.861300 -1.731900 -1.553400 
0.906000 -1.123400 -0.731100 -0.671700 -0.828600 -1.067700 -0.985500 -1.969400 -2.248100 -1.060500 -14.336000 -6.491700 
0.908000 -1.951400 -1.354300 -1.631900 -0.638600 -1.890000 -0.969400 -1.354000 -2.836100 -1.966900 -1.798700 -25.586800 
0.910000 -0.701200 -1.725400 -2.095200 -1.838100 -1.061100 -1.012000 -1.745700 -1.536500 -1.238100 -3.458600 -8.198200 
0.912000 -0.639000 -1.328400 -0.451900 -1.439900 -0.344200 -1.814600 -3.613200 -0.361200 -2.222500 -2.236800 -2.571200 
0.914000 -1.643000 -1.574800 -1.582800 -0.919500 -2.371900 -0.258200 -0.997800 -3.220500 -1.848700 -4.709700 -1.082300 
0.916000 -0.661700 -0.782300 -0.922800 -1.564100 -0.457200 -0.429000 -1.446400 -0.997800 -1.208800 -4.098200 -4.544900 
0.918000 -0.810400 -2.584300 -0.907900 -0.943200 -0.337100 -0.936100 -1.362700 -0.447300 -5.807400 -6.822900 -3.203200 
0.920000 -0.463700 -0.898600 -0.534000 -1.349000 -2.472800 -1.047600 -2.641000 -1.492600 -4.297700 -3.660800 -3.239700 
0.922000 -2.404900 -0.535100 -0.431700 -1.269800 -0.579100 -2.794700 -0.907700 -0.462600 -1.049700 -5.087700 -8.733600 
0.924000 -0.552100 -1.320700 -0.442700 -0.693600 -0.227900 -1.942500 -0.679800 -2.739200 -0.758100 -2.165100 -5.629600 
0.926000 -1.121500 -0.857200 -0.699200 -0.287100 -1.557500 -2.152000 -1.728500 -0.858800 -1.941700 -3.165200 -6.997200 
0.928000 -1.891600 -0.552800 -0.669500 -2.040300 -2.352700 -0.841500 -1.211200 -0.676900 -3.380800 -4.440400 -14.829500 
0.930000 -2.129900 -1.152700 -0.857600 -1.400900 -1.879400 -0.671300 -3.097500 -1.724600 -1.449800 -3.829400 -15.175400 
0.932000 -1.334000 -1.285400 -1.865300 -2.399700 -1.495600 -0.864600 -1.612300 -3.611300 -3.555200 -3.928500 -36.841000 
0.934000 -1.322800 -1.196100 -1.095500 -1.757900 -1.227000 -3.177100 -5.707000 -0.897600 -4.065500 -2.717900 -14.198800 
0.936000 -0.393300 -0.880100 -0.261200 -0.821900 -2.609800 -1.805700 -1.849500 -0.459500 -2.862600 -5.903100 -7.901800 
0.938000 -0.485700 -1.588800 -1.298500 -0.846100 -0.485100 -1.826100 -4.941400 -0.787000 -6.356900 -2.519700 -5.587900 
0.940000 -1.724100 -1.445700 -0.336400 -0.992200 -1.823400 -2.519400 -0.640900 -1.336400 -3.641300 -2.746900 -6.481600 
0.942000 -0.843900 -0.417400 -1.031400 -2.232300 -0.500000 -0.427500 -0.468100 -1.177900 -1.127900 -2.833200 -20.261900 
0.944000 -0.526200 -1.667700 -1.149000 -1.202000 -1.008300 -0.394500 -1.634200 -1.421300 -2.030200 -1.501600 -6.434000 
0.946000 -1.156100 -1.021200 -0.964900 -3.195500 -1.529600 -0.450400 -0.386900 -1.727100 -1.792900 -2.151600 -6.039000 
0.948000 -0.781500 -1.227900 -1.930500 -1.164600 -2.211300 -2.488100 -0.437900 -0.528700 -1.021100 -3.080600 -8.603800 
0.950000 -2.019700 -0.924800 -1.475100 -1.980500 -2.807500 -2.461800 -1.480600 -0.958000 -9.569500 -1.568500 -3.036500 
0.952000 -1.304900 -1.773200 -0.401900 -2.494500 -1.015400 -0.413100 -0.745600 -3.574700 -4.379000 -4.810200 -8.394700 
0.954000 -1.030900 -1.451900 -1.778300 -0.724700 -0.914300 -0.729800 -1.871500 -3.778100 -0.411400 -3.056700 -6.956000 
0.956000 -1.060500 -1.121200 -1.296800 -2.173800 -1.484500 -1.333900 -0.411600 -2.106700 -1.400300 -1.776900 -7.945800 
0.958000 -0.733900 -0.722400 -0.875500 -1.264000 -1.170100 -1.434400 -1.392000 -0.114700 -1.632600 -2.424600 -3.790100 
0.960000 -1.094000 -0.762700 -1.040400 -2.678600 -2.335200 -1.465200 -0.649700 -3.215800 -2.592900 -11.633600 -22.070600 
0.962000 -0.618400 -0.463500 -0.357700 -0.834300 -0.152500 -1.956000 -3.022700 -0.955300 -1.493600 -1.740800 -6.808100 
0.964000 -2.116300 -1.161000 -0.517000 -1.862100 -1.400500 -2.097300 -1.495000 -3.068700 -1.129600 -1.589500 -16.860700 
0.966000 -1.512700 -0.638800 -0.793100 -1.068500 -0.864800 -1.068000 -1.033800 -3.086500 -1.112000 -2.659600 -8.518900 
0.968000 -1.961700 -2.552500 -0.210800 -2.303400 -2.554500 -1.412700 -2.334700 -1.918400 -4.001900 -1.356800 -9.353500 
0.970000 -2.595100 -0.095400 -0.354800 -1.002200 -0.232900 -0.447300 -0.538900 -1.913700 -2.439700 -1.250200 -8.468200 
0.972000 -2.704800 -1.389900 -3.516000 -1.363200 -1.320400 -4.044500 -2.364200 -0.864700 -1.322500 -2.348700 -10.200500 
0.974000 -0.705900 -0.637900 -1.727100 -0.491700 -0.330000 -1.089300 -2.660100 -0.565900 -1.218700 -5.297600 -10.936100 
0.976000 -0.600700 -1.102500 -0.470300 -1.378700 -0.379800 -1.425600 -1.498200 -4.899900 -3.647500 -2.155400 -6.901400 
0.978000 -1.640000 -0.794300 -0.838600 -0.800300 -1.077900 -1.725500 -2.537100 -4.252500 -1.432700 -2.306800 -6.109700 
0.980000 -0.442000 -1.268900 -1.352700 -0.373900 -0.385100 -1.080500 -1.490700 -3.095700 -3.511200 -6.557700 -13.021700 
0.982000 -1.191600 -0.493800 -0.215000 -2.312200 -2.843400 -1.333000 -1.656200 -6.111000 -2.504600 -2.898400 -4.006500 
0.984000 -2.136200 -1.163500 -1.078200 -1.263200 -1.569100 -0.637600 -1.640700 -1.796200 -0.590700 -1.739900 -30.161400 
0.986000 -0.258000 -1.547300 -0.447800 -2.471000 -0.927000 -2.008600 -0.693200 -1.029700 -3.517400 -1.231300 -6.994600 
0.988000 -1.144900 -3.758400 -0.227100 -2.044900 -1.051800 -1.241100 -0.621800 -2.200400 -1.304100 -4.886800 -7.442500 
0.990000 -0.630400 -1.522500 -1.488800 -3.076800 -1.017200 -1.087700 -1.682700 -0.979600 -0.870000 -2.313400 -6.781800 
0.992000 -1.525100 -1.695300 -2.246600 -0.702200 -2.079100 -0.693500 -1.453100 -2.897500 -2.036300 -4.094000 -3.917200 
0.994000 -0.714800 -0.593400 -0.543000 -0.108000 -2.449600 -1.101400 -2.992200 -1.592800 -1.209500 -9.094800 -3.547900 
0.996000 -0.130300 -0.373600 -1.334900 -2.807200 -0.541700 -0.874300 -0.900500 -3.686600 -3.333500 -5.999700 -5.745400 
0.998000 -2.150800 -0.315000 -1.460500 -1.514900 -1.296300 -1.206000 -4.469100 -2.279800 -2.304300 -7.661800 -5.572000 
