# gradients (DV/DL) for lambdas: 0.0 0.1 0.2 0.3 0.4 0.5 0.6 0.7 0.8 0.9 1.0
0.000000 -0.362300 -2.066800 -1.517600 -0.866300 -1.082700 -1.327500 -7.680600 -3.115900 -4.461700 -7.990900 -13.186500 
0.002000 -1.695800 -0.708100 -3.991700 -3.877600 -2.565300 -3.048600 -1.880600 -3.896700 -7.851400 -5.157500 -2.683600 
0.004000 -1.851900 -1.006000 -1.576900 -0.812100 -1.986300 -1.451800 -4.501900 -2.026800 -3.461300 -5.318100 -12.144300 
0.006000 -1.793100 -0.795600 -3.143400 -2.689600 -5.901100 -1.267700 -6.759500 -3.298100 -5.232900 -5.817400 -5.217200 
0.008000 -0.678700 -0.480500 -0.556900 -0.239000 -3.211900 -0.955300 -3.193700 -2.271800 -3.722700 -13.310300 -10.649500 
0.010000 -1.138100 -0.305300 -1.749800 -1.711000 -1.763900 -4.442900 -2.340200 -2.763900 -4.504100 -1.909900 -11.993800 
0.012000 -1.012400 -2.997800 -2.084100 -2.878000 -1.006500 -1.342900 -1.953100 -4.281900 -3.268100 -3.704800 -5.085900 
0.014000 -0.974300 -0.540300 -0.636100 -0.826700 -0.190000 -1.043500 -2.951500 -6.070100 -4.236100 -1.281900 -4.671300 
0.016000 -1.579600 -2.275900 -1.416700 -0.697800 -2.511400 -1.684600 -2.241900 -2.024900 -3.009100 -7.352400 -11.464600 
0.018000 -0.723900 -1.978000 -3.040500 -2.833900 -0.786800 -1.759000 -1.919100 -4.635100 -1.854400 -10.034600 -1.510800 
0.020000 -1.566200 -0.578800 -1.400200 -2.312700 -0.675500 -1.872100 -1.118100 -2.180000 -3.396400 -10.243600 -6.261600 
0.022000 -0.724500 -2.583100 -1.139000 -1.369400 -2.082300 -4.135400 -2.786700 -2.079300 -5.141300 -2.062000 -3.405800 
0.024000 -5.097600 -0.595400 -1.040900 -2.530500 -1.148500 -3.177200 -5.911200 -1.928700 -1.302400 -6.923800 -7.173800 
0.026000 -0.627700 -1.237600 -1.139300 -1.635000 -3.666900 -2.336000 -1.090800 -0.805800 -3.689400 -8.411200 -3.872900 
0.028000 -0.425500 -0.064300 -4.850300 -0.957100 -1.407000 -0.780100 -1.546000 -0.997500 -3.114100 -2.584100 -12.794800 
0.030000 -1.876300 -1.869300 -3.762400 -3.045000 -0.901600 -4.143900 -2.242300 -0.882500 -4.882100 -4.599500 -5.187600 
0.032000 -0.899000 -1.147800 -1.850100 -1.698700 -2.413700 -2.749700 -2.142700 -4.328500 -2.604300 -5.815400 -11.108100 
0.034000 -2.257000 -3.296400 -1.782900 -1.352100 -2.330200 -2.259400 -3.807100 -0.616200 -3.274200 -12.249600 -11.139500 
0.036000 -2.417200 -1.256800 -1.773400 -0.736000 -2.311900 -3.463000 -1.771700 -5.002100 -4.483300 -0.718700 -5.721900 
0.038000 -1.356900 -1.887100 -1.803100 -1.442400 -0.445500 -1.182400 -1.649300 -1.383000 -2.691500 -1.779200 -10.262000 
0.040000 -2.670300 -1.540700 -5.274200 -1.650000 -0.580600 -1.609700 -4.929800 -2.608000 -5.994800 -2.268000 -6.264800 
0.042000 -0.824000 -1.267900 -2.434400 -0.647500 -0.506200 -4.778500 -0.924000 -6.361000 -2.748600 -3.153600 -8.326300 
0.044000 -2.300200 -3.842600 -1.606500 -2.715500 -0.841000 -0.684700 -2.157300 -3.617500 -2.747800 -5.564300 -19.842500 
0.046000 -2.116600 -0.249000 -4.100500 -2.008400 -5.329200 -2.019900 -3.453400 -2.864200 -1.756700 -7.250100 -5.981500 
0.048000 -1.696400 -0.727800 -4.418900 -1.892700 -0.302200 -1.173400 -1.400600 -3.478200 -8.233200 -7.703700 -4.073800 
0.050000 -3.216400 -1.255900 -0.985100 -0.804700 -2.288900 -0.784900 -1.201700 -0.994800 -2.185500 -2.566800 -13.977000 
0.052000 -0.701600 -1.217200 -0.936700 -1.241900 -0.677300 -1.145200 -3.246300 -2.430700 -1.044800 -3.684500 -5.705200 
0.054000 -2.724200 -0.904300 -2.251700 -1.277500 -1.452000 -2.595900 -0.688900 -9.205100 -2.271900 -3.079900 -3.711600 
0.056000 -1.311800 -1.898400 -0.769400 -0.401700 -0.955600 -2.139400 -1.573600 -1.340600 -2.840700 -7.222000 -3.653700 
0.058000 -1.097600 -0.424400 -1.098700 -1.168600 -1.560600 -1.113900 -0.988800 -4.117600 -1.042300 -4.186500 -5.766500 
0.060000 -0.580900 -0.740800 -1.965700 -2.611500 -0.729800 -1.195500 -0.962500 -1.309600 -6.767300 -14.646900 -10.111300 
0.062000 -1.594300 -3.042300 -1.594800 -2.577200 -0.475500 -0.439400 -0.584900 -1.119800 -0.975400 -5.192600 -12.467400 
0.064000 -0.951800 -1.462400 -1.907500 -1.439700 -3.257500 -1.599600 -1.867500 -6.640600 -5.217200 -3.446400 -3.000300 
0.066000 -0.390000 -3.800800 -1.641800 -2.094600 -1.201000 -3.070000 -6.979300 -1.514700 -1.469500 -2.965600 -11.374900 
0.068000 -1.157800 -1.467400 -1.270800 -2.802700 -0.793200 -3.551100 -2.412100 -2.258700 -4.304000 -5.231800 -7.698700 
0.070000 -1.093600 -3.461600 -2.298700 -1.645000 -2.004800 -2.569800 -6.435200 -1.935900 -4.028300 -2.266200 -4.087900 
0.072000 -1.113900 -0.926900 -1.731200 -1.188900 -1.214600 -0.887700 -3.134100 -1.416200 -9.173200 -1.290700 -26.700000 
0.074000 -1.712800 -1.516400 -1.275600 -2.325600 -2.425500 -1.567500 -2.763200 -2.128500 -7.700700 -2.028900 -1.850100 
0.076000 -0.458200 -1.415800 -2.072100 -0.842600 -0.976600 -1.732900 -5.574600 -2.104600 -3.429900 -2.419200 -13.341500 
0.078000 -0.715400 -0.701700 -1.017600 -0.996200 -3.027000 -0.726800 -2.963800 -0.620100 -2.650900 -5.498800 -11.864100 
0.080000 -0.712400 -1.497500 -0.776800 -0.813600 -1.000300 -2.412400 -3.692500 -4.865100 -1.568900 -6.334900 -13.002300 
0.082000 -1.559900 -0.558000 -3.231200 -2.091600 -1.879100 -2.966200 -2.211500 -4.060700 -2.750800 -3.552800 -19.611800 
0.084000 -0.835200 -1.325500 -1.625200 -1.599600 -1.531300 -1.936900 -5.344500 -5.344300 -1.141200 -7.565900 -2.029100 
0.086000 -1.749000 -0.804100 -0.898700 -2.776600 -2.679100 -3.247900 -3.458800 -1.419100 -6.654200 -1.821800 -9.049300 
0.088000 -0.463200 -1.638600 -1.363300 -2.420400 -0.610300 -2.050600 -2.563800 -2.705600 -2.527000 -2.603800 -5.678100 
0.090000 -4.776400 -0.321000 -0.462000 -3.769900 -2.485200 -0.544800 -1.541400 -0.881300 -5.510400 -2.518900 -13.277000 
0.092000 -1.574300 -1.789400 -0.909100 -2.127200 -1.164000 -4.074100 -1.499700 -2.109800 -2.011200 -10.934000 -16.250500 
0.094000 -0.759700 -2.283400 -3.200300 -3.449600 -1.126400 -1.323100 -3.954600 -2.237600 -2.215800 -9.672000 -7.252300 
0.096000 -0.812700 -1.381200 -0.999600 -0.711000 -1.229800 -1.886000 -3.597300 -2.938300 -8.261800 -24.592500 -3.253100 
0.098000 -1.092200 -2.334100 -0.961100 -5.312600 -1.768900 -3.352300 -1.333400 -1.954400 -3.304500 -14.157000 -8.350000 
0.100000 -1.495800 -5.069000 -1.093100 -2.427500 -5.045400 -1.330300 -4.025800 -1.422400 -4.959800 -1.917200 -14.599100 
0.102000 -0.727200 -2.107400 -1.547100 -1.616300 -1.757000 -1.015700 -3.866200 -3.513100 -2.380300 -13.890900 -5.049800 
0.104000 -3.835800 -0.590100 -2.407600 -4.305200 -1.902100 -0.966900 -2.642300 -2.523200 -5.767200 -7.145800 -8.978400 
0.106000 -2.820800 -1.404900 -1.121300 -3.006900 -1.550300 -1.739800 -1.349600 -2.995900 -2.172500 -12.425100 -4.442300 
0.108000 -0.948400 -1.599100 -2.388400 -0.250300 -2.532900 -1.025700 -2.303300 -1.238100 -2.397900 -8.166300 -21.601600 
0.110000 -2.754400 -1.070500 -1.622900 -3.088500 -2.046400 -1.037900 -1.819200 -7.312600 -5.891300 -6.796800 -2.465100 
0.112000 -0.954000 -1.188700 -2.027400 -1.375900 -2.564500 -6.892100 -1.436400 -1.866700 -2.724400 -9.334500 -5.595000 
0.114000 -2.462400 -1.448200 -0.571200 -1.171000 -0.818800 -2.024600 -4.701500 -1.067400 -1.016100 -3.439100 -8.021500 
0.116000 -0.191100 -0.541600 -3.606600 -1.045700 -2.725700 -0.316100 -2.262700 -2.919400 -4.430000 -5.797200 -2.815000 
0.118000 -1.365900 -1.026000 -2.460800 -1.284900 -0.837200 -2.464300 -2.562000 -9.162700 -4.349200 -10.938400 -3.686100 
0.120000 -1.012800 -1.060000 -1.396900 -1.182600 -1.463500 -3.135900 -5.879600 -2.067800 -1.969900 -10.209700 -12.173700 
0.122000 -0.349400 -1.628400 -2.713300 -1.318500 -2.449100 -0.557700 -0.878400 -1.756500 -3.416200 -1.857800 -2.991800 
0.124000 -0.864700 -2.119200 -3.704700 -2.635200 -1.118500 -1.635100 -1.084900 -3.799200 -3.113200 -1.940600 -7.162000 
0.126000 -3.057400 -2.954700 -0.676000 -1.502200 -2.704800 -0.370300 -0.287400 -1.963800 -3.095900 -5.813400 -3.209700 
0.128000 -0.454900 -0.399500 -0.519600 -0.957200 -1.150600 -2.679900 -0.673900 -1.792300 -5.721500 -2.340700 -8.834400 
0.130000 -0.752200 -0.398200 -1.162400 -1.056400 -0.827500 -0.596700 -1.604600 -2.614500 -0.399400 -2.433000 -3.606400 
0.132000 -1.106300 -0.940900 -2.477000 -1.150900 -0.959100 -1.006400 -3.411000 -3.077600 -1.513000 -3.495800 -6.001600 
0.134000 -1.228900 -1.086600 -0.842200 -1.861700 -2.024500 -1.942700 -3.499700 -4.865500 -2.261800 -3.251800 -6.210700 
0.136000 -1.153100 -0.596800 -3.141500 -1.387400 -1.543300 -2.647400 -1.904300 -2.936600 -0.476800 -4.215600 -7.209600 
0.138000 -0.514300 -0.235100 -1.192500 -4.206800 -2.656100 -1.992600 -4.182600 -1.402800 -3.859000 -9.721200 -5.802200 
0.140000 -1.036700 -2.257200 -0.831100 -1.142600 -5.346700 -0.501000 -2.358400 -1.241400 -4.787900 -11.360300 -7.079300 
0.142000 -2.537200 -3.142500 -0.997300 -0.623500 -1.265700 -3.713400 -2.827400 -3.201900 -0.636400 -5.622900 -8.344800 
0.144000 -0.731000 -0.639400 -1.371000 -0.653700 -0.620900 -0.907300 -5.501700 -2.733700 -4.849100 -1.511100 -6.159100 
0.146000 -0.942800 -2.610300 -0.802800 -1.968600 -0.887600 -0.135500 -1.403600 -3.205500 -3.084300 -11.316000 -5.186400 
0.148000 -1.890300 -2.874400 -1.271000 -1.871100 -3.951200 -1.056000 -3.203000 -0.627400 -3.115500 -4.956500 -5.103400 
0.150000 -1.202600 -0.919400 -3.906900 -1.748000 -1.176200 -1.182700 -2.233300 -2.489700 -6.499300 -5.362800 -4.105600 
0.152000 -1.756400 -1.163200 -2.923700 -2.128100 -1.258200 -2.825100 -7.122200 -2.545700 -1.544400 -5.386300 -6.128400 
0.154000 -0.440200 -1.795400 -1.759400 -2.080700 -1.329900 -0.484900 -1.140900 -2.591500 -6.120400 -4.368000 -7.126400 
0.156000 -1.469200 -0.674900 -0.291400 -0.616000 -0.717000 -1.309500 -1.694100 -4.074700 -1.654000 -8.309600 -3.940500 
0.158000 -1.026900 -1.315800 -4.029700 -1.814000 -2.608800 -1.317700 -1.933700 -1.910300 -2.785900 -1.889500 -6.860700 
0.160000 -1.219200 -1.033400 -2.697100 -1.287800 -4.292100 -1.828200 -2.053600 -1.685800 -5.977100 -12.763400 -5.739300 
0.162000 -1.870800 -1.180000 -1.963400 -2.194700 -1.548700 -2.316600 -3.176700 -1.545600 -2.065100 -9.730300 -10.255700 
0.164000 -1.280900 -1.324300 -3.651600 -0.647300 -1.171500 -0.830000 -1.177400 -2.976000 -3.210400 -2.847600 -3.203200 
0.166000 -2.357900 -2.182500 -1.403200 -0.732200 -3.211700 -1.779700 -0.610600 -3.967000 -2.043300 -2.834400 -4.205900 
0.168000 -1.684000 -0.345500 -0.504400 -0.749700 -0.472000 -1.663100 -2.539700 -2.253300 -2.467900 -2.673400 -9.199100 
0.170000 -1.240300 -0.922400 -1.888100 -1.636900 -1.078300 -1.429200 -4.778800 -1.576500 -11.282000 -3.206000 -3.830500 
0.172000 -1.594600 -1.289600 -4.042600 -1.438900 -2.815100 -2.975100 -1.842700 -3.173100 -4.825000 -4.814000 -6.944000 
0.174000 -2.900400 -2.995400 -1.182500 -1.091500 -3.123800 -1.583700 -3.828900 -4.139600 -4.719800 -4.754100 -3.443800 
0.176000 -0.857800 -3.520400 -0.868300 -1.786500 -1.928800 -1.421900 -4.471700 -3.666600 -2.998400 -6.690700 -11.969900 
0.178000 -4.130600 -1.768500 -1.868800 -2.268400 -2.901900 -2.392100 -1.472700 -2.899000 -2.819500 -0.336800 -7.165500 
0.180000 -1.002400 -0.059100 -3.448300 -1.738700 -1.113400 -2.226700 -1.448400 -0.997600 -2.483600 -2.772100 -1.176100 
0.182000 -0.929600 -1.099000 -1.283200 -1.316600 -1.151300 -1.954000 -1.486300 -3.449200 -4.664100 -2.346700 -2.479700 
0.184000 -1.208200 -1.782300 -1.146200 -1.190300 -1.504700 -1.803200 -1.390400 -3.572600 -1.811700 -1.458000 -4.937100 
0.186000 -1.267400 -0.719300 -1.470400 -1.232200 -1.422600 -2.488900 -1.659000 -0.761700 -5.901700 -1.863300 -3.958700 
0.188000 -1.361400 -1.497200 -0.849900 -2.403000 -2.161800 -2.818700 -1.116800 -2.962100 -5.353700 -1.932000 -9.547000 
0.190000 -0.957000 -1.166200 -0.520500 -1.522200 -2.359700 -2.272400 -1.223500 -5.974600 -2.580400 -11.010400 -6.633100 
0.192000 -1.015200 -1.450900 -1.178900 -0.927400 -2.426600 -0.903700 -2.990800 -8.817200 -5.105700 -3.192000 -5.860200 
0.194000 -1.034500 -1.538400 -0.428300 -1.123900 -0.692400 -3.963600 -2.763900 -4.963100 -4.327800 -9.685600 -1.245000 
0.196000 -1.137700 -0.452900 -1.446500 -0.694500 -0.398500 -3.210700 -1.272500 -2.166700 -2.581800 -5.069000 -5.075100 
0.198000 -2.243600 -0.778900 -0.253600 -1.836400 -1.046300 -2.468400 -3.970200 -1.704800 -4.290100 -2.835100 -1.467300 
0.200000 -1.852400 -1.782400 -0.600300 -2.107200 -2.665200 -0.618100 -1.960100 -3.204100 -6.667700 -2.724700 -7.232200 
0.202000 -1.889900 -1.715100 -0.909400 -0.636600 -2.623500 -0.614900 -1.443100 -3.548100 -4.562700 -1.776500 -6.819100 
0.204000 -3.135500 -1.242800 -1.325400 -1.155000 -2.310200 -1.154500 -6.653100 -4.289800 -2.212200 -4.115400 -13.744700 
0.206000 -1.175500 -1.805300 -1.961600 -2.164300 -1.931300 -0.382200 -2.397200 -3.935700 -3.279100 -5.215400 -4.043800 
0.208000 -1.281900 -0.325000 -1.867500 -0.906800 -4.197000 -4.010400 -0.485100 -0.859200 -3.665700 -3.054800 -13.177500 
0.210000 -0.248800 -1.227000 -0.181600 -0.762300 -2.595400 -2.360500 -2.897400 -4.439800 -5.587400 -1.140600 -1.052400 
0.212000 -1.871300 -2.395000 -1.055800 -0.774000 -4.962500 -1.530700 -1.162300 -1.798600 -4.194500 -8.848800 -11.253500 
0.214000 -1.348500 -1.455700 -1.979100 -1.478400 -0.381500 -0.662400 -1.511100 -3.532400 -7.018700 -4.838400 -13.422800 
0.216000 -0.594000 -0.256800 -2.559800 -0.897500 -1.132900 -2.269100 -0.823400 -5.587100 -4.839900 -1.952600 -13.774600 
0.218000 -0.908500 -0.661200 -0.339900 -0.640200 -3.836200 -0.193300 -3.271500 -1.946800 -4.339200 -2.724400 -6.394500 
0.220000 -1.235800 -1.497200 -2.373600 -3.082100 -1.325000 -2.207600 -3.384100 -1.873500 -2.153800 -6.905400 -4.926900 
0.222000 -2.476600 -0.881300 -0.852400 -2.345100 -2.358200 -1.624400 -1.748700 -4.268100 -3.323800 -8.349000 -2.655200 
0.224000 -2.070800 -0.615700 -1.149800 -0.794400 -0.486300 -1.225400 -5.505100 -3.008300 -2.588900 -2.027100 -11.605700 
0.226000 -1.913800 -1.153500 -1.454100 -2.483700 -1.326300 -2.147300 -1.708800 -4.137200 -0.498400 -6.041600 -4.620600 
0.228000 -1.372500 -1.546200 -1.033700 -0.373000 -2.913000 -2.061300 -1.919700 -1.561200 -3.599700 -4.235200 -8.285500 
0.230000 -2.154300 -1.469100 -1.624100 -1.157800 -0.774300 -5.599800 -3.036400 -2.025500 -6.264500 -6.852900 -2.496200 
0.232000 -0.553900 -0.810100 -0.963200 -0.775100 -0.668000 -2.539900 -4.113000 -1.089000 -0.835200 -2.828700 -4.204000 
0.234000 -1.743300 -2.278100 -0.195600 -1.549100 -1.172700 -0.797500 -6.038200 -1.077300 -1.349700 -1.400700 -1.376700 
0.236000 -1.044400 -0.695400 -1.340800 -0.976500 -0.789500 -2.476200 -2.758500 -1.345900 -3.006200 -4.311400 -3.533000 
0.238000 -1.567800 -2.001600 -0.655200 -0.140000 -2.304100 -0.692300 -1.201900 -1.199800 -1.852300 -1.283500 -12.724600 
0.240000 -1.454500 -3.306100 -4.797600 -0.295100 -1.775600 -0.903800 -2.324600 -2.010800 -2.832000 -6.979600 -2.159100 
0.242000 -0.763100 -0.882300 -0.739400 -1.874600 -0.606500 -0.925200 -2.411200 -1.222500 -2.240200 -3.697200 -9.492600 
0.244000 -0.739200 -1.149000 -0.870400 -2.930700 -1.466500 -1.153400 -0.349500 -5.008300 -0.674600 -2.770800 -4.806900 
0.246000 -1.944600 -0.913900 -1.231900 -1.744100 -2.086500 -1.028000 -4.409600 -2.251900 -2.025700 -4.361800 -5.226100 
0.248000 -1.089700 -0.784000 -1.305200 -1.247600 -1.521000 -2.020900 -3.155000 -3.012000 -4.909300 -1.061100 -8.780900 
0.250000 -1.445200 -0.816300 -0.740100 -1.809400 -1.361900 -2.017200 -2.724300 -1.925700 -6.226500 -2.646700 -9.386400 
0.252000 -2.044400 -2.493400 -1.781500 -1.358100 -1.470700 -0.875100 -1.696600 -3.028800 -2.645900 -6.183000 -18.137600 
0.254000 -0.848400 -4.043000 -1.333200 -1.449100 -1.254500 -1.349100 -1.299400 -3.606600 -3.102900 -1.023900 -8.838800 
0.256000 -1.081300 -0.667000 -1.401200 -0.779200 -2.026900 -2.191400 -1.413700 -1.768700 -3.327000 -5.991800 -1.330800 
0.258000 -1.794500 -0.607200 -1.574800 -2.075300 -2.354200 -2.851800 -0.623000 -2.985900 -5.016500 -3.123900 -3.266700 
0.260000 -2.138300 -1.312900 -1.913800 -2.466400 -1.341400 -6.441200 -3.273600 -7.666300 -5.388600 -0.392700 -8.145100 
0.262000 -0.937000 -1.616600 -1.992300 -2.351700 -2.715700 -0.928400 -1.036700 -3.233400 -4.554700 -6.125400 -2.993300 
0.264000 -1.825400 -0.976600 -0.883000 -2.074300 -0.966600 -3.050600 -5.839500 -3.631900 -6.166800 -2.700200 -5.442900 
0.266000 -3.294500 -0.407500 -1.389900 -0.596600 -3.070700 -2.363100 -3.627100 -1.346600 -0.812200 -13.649100 -5.677400 
0.268000 -0.780700 -2.103000 -1.826100 -0.861200 -1.427500 -3.366900 -4.300300 -2.605800 -3.678800 -4.621600 -5.986500 
0.270000 -1.385800 -1.530800 -0.677900 -1.813600 -1.671600 -2.462400 -1.761400 -6.394300 -5.322700 -6.648500 -2.154000 
0.272000 -1.593700 -1.104200 -2.078400 -3.921400 -4.002700 -1.007000 -2.194600 -2.011800 -2.654000 -6.219100 -4.631700 
0.274000 -0.704300 -1.746500 -0.963000 -1.179600 -2.071600 -4.729200 -1.368600 -2.365500 -1.692800 -2.857900 -13.903800 
0.276000 -0.518600 -1.829900 -1.054800 -2.024400 -2.883100 -5.180100 -1.858100 -5.622700 -8.148500 -7.480100 -10.537500 
0.278000 -2.292400 -1.478900 -0.357500 -0.545200 -1.247300 -2.147500 -3.048900 -0.274100 -4.223200 -6.242400 -10.042300 
0.280000 -1.531300 -0.917800 -0.844800 -0.976400 -4.031100 -1.182000 -1.298400 -1.364500 -4.681300 -6.631700 -12.930600 
0.282000 -2.209100 -1.276000 -3.159200 -1.415500 -0.823100 -1.993500 -1.425800 -3.099700 -4.501200 -10.976000 -3.014600 
0.284000 -1.799400 -0.547000 -1.584000 -0.137200 -4.381200 -1.713600 -4.708000 -2.727700 -3.193300 -1.320200 -10.950400 
0.286000 -1.834200 -2.593600 -1.120900 -1.417600 -1.799300 -2.144100 -2.750000 -2.688700 -17.374200 -7.841900 -2.317000 
0.288000 -0.351000 -1.244100 -0.921300 -1.190800 -2.599700 -0.526100 -1.553300 -1.019400 -3.848500 -3.352100 -2.552600 
0.290000 -2.342900 -1.168600 -1.462700 -1.450800 -2.089700 -3.270700 -1.698400 -1.615900 -3.598700 -9.525600 -2.933100 
0.292000 -2.213100 -2.012300 -1.124300 -0.729300 -0.811400 -0.999800 -1.915300 -2.710400 -4.901300 -8.895800 -6.172300 
0.294000 -0.722000 -2.396100 -2.047800 -1.433000 -2.216800 -3.113700 -2.108300 -1.926700 -3.826300 -1.843800 -3.357600 
0.296000 -0.508300 -1.314100 -1.831200 -1.078500 -2.049100 -3.727800 -1.265200 -1.597500 -0.644900 -7.382800 -7.209300 
0.298000 -1.950600 -1.020400 -1.219700 -0.577900 -0.817700 -1.299900 -3.194300 -9.803900 -0.138500 -8.456300 -6.022800 
0.300000 -1.654900 -0.585500 -1.950500 -2.417900 -0.697600 -0.850700 -2.036500 -7.912900 -0.532900 -2.373500 -0.979600 
0.302000 -0.764500 -0.583500 -1.115000 -2.960400 -2.835100 -1.077300 -3.211800 -2.606500 -8.653200 -9.019700 -8.650200 
0.304000 -1.102700 -1.690200 -2.378000 -2.241500 -2.943800 -1.486300 -2.827900 -5.915800 -4.317400 -1.912200 -11.368800 
0.306000 -0.939500 -1.566800 -2.493700 -1.022000 -2.930300 -2.724400 -6.989600 -2.668900 -0.581600 -4.295000 -4.226600 
0.308000 -5.587700 -0.713000 -0.820200 -1.253800 -2.696300 -1.194900 -1.717200 -1.360600 -1.619300 -2.145000 -9.580300 
0.310000 -4.180600 -0.978700 -1.640300 -1.558400 -0.413900 -2.809200 -5.494400 -1.152200 -0.678700 -1.992600 -3.303400 
0.312000 -0.569800 -2.003100 -2.391800 -2.598700 -1.804200 -1.787600 -3.375000 -1.840300 -2.790100 -2.105700 -2.882900 
0.314000 -1.776900 -0.361600 -1.700100 -1.774500 -0.368300 -1.964400 -3.865700 -1.788800 -0.894100 -3.004700 -8.458300 
0.316000 -1.644700 -1.418800 -2.817600 -3.847700 -1.328000 -2.220700 -1.903600 -2.705400 -3.563200 -3.878800 -17.116100 
0.318000 -1.390700 -1.169200 -0.600600 -1.524800 -0.920900 -2.145200 -2.405500 -0.674600 -3.222500 -6.086300 -1.491800 
0.320000 -2.041300 -0.826500 -1.351800 -1.059600 -1.556200 -2.657400 -3.859300 -1.298100 -0.796500 -6.265100 -5.782300 
0.322000 -2.399200 -0.868300 -3.287100 -0.728000 -1.354500 -2.949200 -3.699900 -3.180100 -0.843100 -3.204500 -3.311500 
0.324000 -1.513000 -2.721300 -0.987500 -1.250600 -0.446600 -1.369800 -0.971700 -4.177600 -4.040400 -3.357100 -6.881100 
0.326000 -0.714600 -3.337700 -1.235700 -1.841300 -2.890600 -1.288800 -0.328900 -1.292600 -6.802400 -3.045600 -10.522200 
0.328000 -2.008400 -0.857800 -1.675400 -2.320400 -1.255100 -3.767600 -1.386000 -6.214200 -11.322100 -5.416100 -6.506800 
0.330000 -0.754000 -0.494800 -0.691800 -1.037000 -1.523500 -2.803700 -1.343300 -1.739500 -5.775100 -3.362200 -9.067600 
0.332000 -1.459600 -0.674600 -0.579100 -0.647900 -5.308800 -0.559400 -2.332000 -3.410800 -2.696100 -7.698500 -2.434700 
0.334000 -0.778400 -1.824800 -1.016900 -1.041800 -2.232400 -1.623300 -2.500300 -6.864100 -4.449500 -8.306700 -2.406300 
0.336000 -0.707700 -0.914000 -1.030000 -1.692600 -0.805800 -2.101200 -1.794900 -7.185700 -1.698800 -3.625900 -1.874100 
0.338000 -1.441300 -1.040500 -0.229600 -2.211800 -1.105600 -1.744700 -3.952300 -2.201000 -2.949200 -15.170400 -2.170200 
0.340000 -1.458900 -1.882100 -2.141500 -1.531500 -4.077900 -1.418000 -1.944300 -4.064200 -2.993000 -23.635600 -9.398000 
0.342000 -0.815200 -0.544300 -1.424200 -1.008000 -1.976100 -1.175500 -1.597400 -4.972400 -4.781400 -4.102500 -10.519600 
0.344000 -1.035200 -1.095100 -1.660300 -1.937000 -2.039600 -1.720000 -2.877700 -0.941500 -2.833800 -4.030100 -2.050800 
0.346000 -1.332600 -0.806200 -2.249400 -1.598500 -1.088700 -1.631600 -0.391700 -6.499700 -0.740100 -5.278700 -5.099200 
0.348000 -0.696800 -0.860500 -2.003900 -1.693200 -2.551100 -0.444700 -3.198400 -3.324700 -1.485600 -6.931800 -1.006000 
0.350000 -1.694800 -2.293500 -3.564200 -3.345700 -1.238500 -1.598100 -5.704000 -4.636100 -1.895500 -3.555700 -7.082700 
0.352000 -1.373200 -0.284900 -1.174200 -1.052000 -4.351200 -1.373500 -4.313300 -0.872700 -1.911300 -4.038800 -3.078900 
0.354000 -1.676400 -0.816800 -1.859600 -0.954200 -0.734700 -1.411700 -5.443600 -1.428000 -3.947600 -4.871700 -6.439000 
0.356000 -1.190600 -1.202800 -3.718700 -1.410500 -0.826500 -2.555500 -2.396600 -1.011000 -2.088100 -3.432500 -4.545700 
0.358000 -0.858000 -2.130900 -0.462500 -2.686900 -1.298100 -1.761300 -3.851600 -4.254100 -0.877600 -6.336500 -5.872600 
0.360000 -0.709600 -0.628000 -5.458300 -1.292200 -1.487400 -0.952400 -2.108000 -2.341200 -3.728600 -6.083700 -7.123800 
0.362000 -0.705300 -0.832300 -1.460000 -1.787600 -1.437200 -2.409300 -1.713100 -4.643700 -2.212700 -4.896800 -1.169500 
0.364000 -1.418700 -2.301700 -1.290800 -2.181100 -1.200600 -0.774900 -3.213300 -3.961900 -5.877800 -4.979500 -1.661100 
0.366000 -1.519200 -0.676500 -1.168000 -1.438000 -2.514900 -0.444700 -2.590300 -3.745400 -5.747200 -7.193600 -2.749500 
0.368000 -2.555800 -3.755300 -0.641400 -1.949900 -0.917300 -2.327200 -3.344100 -0.287600 -7.942000 -2.245100 -4.452100 
0.370000 -1.186000 -1.826800 -1.902700 -1.205800 -2.610300 -0.900300 -1.752500 -1.637700 -5.136100 -17.823400 -4.291700 
0.372000 -1.522600 -1.786700 -0.697700 -1.797300 -1.543000 -2.304900 -2.265900 -3.475900 -2.198300 -1.836000 -4.593800 
0.374000 -0.502100 -0.838900 -3.161700 -2.191400 -1.287900 -2.296800 -1.872200 -3.962800 -3.365700 -4.669700 -7.231700 
0.376000 -1.262800 -0.277700 -1.264600 -3.225700 -1.628600 -3.043700 -7.779900 -1.779500 -1.058200 -15.071300 -18.037700 
0.378000 -0.647700 -0.558600 -0.640300 -1.503700 -3.465500 -1.974200 -2.968900 -2.461800 -2.773600 -2.297900 -18.822800 
0.380000 -0.448200 -1.129200 -1.218100 -0.490500 -2.681500 -1.470700 -2.731800 -1.708000 -2.789700 -4.084800 -5.745500 
0.382000 -1.315800 -1.335100 -0.999600 -2.145400 -4.130100 -0.781900 -2.788500 -3.410100 -1.870800 -4.266800 -7.707400 
0.384000 -1.392300 -0.994600 -0.729200 -1.129600 -1.806800 -3.224400 -3.265100 -3.458500 -1.221000 -3.798700 -10.318600 
0.386000 -1.057300 -0.622700 -1.263400 -2.477600 -1.666300 -1.952400 -3.757100 -1.077200 -1.866100 -2.124300 -8.210500 
0.388000 -1.700300 -1.965900 -0.549800 -1.338700 -1.408000 -0.773400 -5.190400 -4.774300 -2.484300 -3.044300 -5.191200 
0.390000 -0.269400 -1.415300 -1.444800 -1.654300 -4.867700 -3.119800 -1.680200 -3.716600 -1.112100 -1.531600 -16.787600 
0.392000 -1.612200 -0.228000 -0.741800 -1.157400 -1.738500 -3.434100 -2.710400 -0.693000 -7.525700 -6.629300 -16.010900 
0.394000 -2.825100 -1.065700 -0.676800 -1.589700 -0.878100 -1.571100 -3.025700 -3.485500 -5.773600 -8.781800 -16.107600 
0.396000 -1.263400 -0.393400 -0.191600 -1.429300 -0.880400 -2.893400 -3.015600 -6.183200 -5.231900 -2.008200 -7.083600 
0.398000 -1.944100 -0.642700 -0.382400 -0.810000 -1.815900 -1.681400 -1.349400 -4.993600 -3.576700 -1.810900 -9.243200 
0.400000 -0.343600 -1.376700 -3.932400 -1.491800 -1.181900 -1.656600 -6.517400 -2.559900 -1.017800 -8.430500 -12.397700 
0.402000 -0.682400 -1.179200 -1.073100 -0.732500 -0.575300 -1.955800 -3.423000 -1.742000 -3.894500 -3.256600 -10.753400 
0.404000 -2.894800 -1.502800 -1.012700 -2.011200 -0.228700 -3.466800 -1.405600 -2.203900 -3.542600 -2.677100 -12.768300 
0.406000 -0.940600 -1.768600 -1.343400 -1.675900 -1.955000 -1.856500 -1.637400 -3.795700 -1.149000 -7.526000 -12.855700 
0.408000 -1.065400 -0.996600 -2.755600 -1.677700 -1.772800 -2.117500 -4.019000 -0.374200 -4.452400 -1.597600 -10.847200 
0.410000 -0.318000 -0.506700 -0.819100 -0.672600 -1.400700 -3.547300 -1.738300 -3.074000 -4.145300 -2.077400 -26.356700 
0.412000 -0.350400 -0.848400 -3.098500 -1.877500 -1.757500 -1.083200 -3.391100 -0.976500 -4.535900 -1.038400 -6.213400 
0.414000 -0.952200 -0.554700 -2.356500 -2.134500 -1.604500 -5.663300 -0.663600 -1.128600 -1.760500 -2.438300 -17.612500 
0.416000 -0.885700 -1.388800 -1.197100 -2.363100 -1.596100 -3.266200 -1.298600 -1.465000 -0.984200 -4.791300 -2.433400 
0.418000 -1.809400 -0.812500 -1.693000 -1.603100 -1.597900 -1.830600 -2.340500 -2.426200 -2.476300 -4.807100 -16.998100 
0.420000 -1.232300 -1.729000 -2.358000 -1.433600 -1.936500 -3.563500 -2.520200 -2.152600 -4.334900 -0.851500 -21.395600 
0.422000 -0.536800 -1.140600 -1.958600 -1.832100 -1.563800 -3.560100 -1.517400 -2.439700 -3.237500 -1.103900 -5.140300 
0.424000 -1.274200 -1.563300 -1.327300 -1.918900 -2.609100 -1.523400 -5.994900 -4.127400 -5.772800 -0.576800 -4.435000 
0.426000 -2.392600 -4.899100 -0.669400 -1.591500 -3.131400 -2.418100 -0.928400 -1.167100 -4.506400 -4.549500 -7.379800 
0.428000 -2.173600 -2.763600 -1.288400 -0.861000 -1.221500 -0.982600 -0.993800 -4.884400 -2.191800 -0.500200 -10.837600 
0.430000 -0.271700 -2.079500 -2.668400 -1.800700 -1.843300 -1.413600 -1.801500 -7.131400 -1.244400 -6.718700 -4.727400 
0.432000 -1.341400 -1.136300 -1.105400 -5.341100 -2.025000 -3.180600 -0.519700 -7.346600 -1.034700 -3.460800 -9.434000 
0.434000 -0.693300 -1.113100 -1.149100 -2.433900 -1.539200 -2.481700 -3.951900 -2.867300 -0.936300 -1.875700 -18.691000 
0.436000 -0.753000 -1.185800 -2.743300 -1.768400 -1.332400 -3.871500 -0.867700 -3.509900 -3.651400 -1.065700 -2.274700 
0.438000 -2.638000 -1.018200 -1.902600 -1.246000 -2.178400 -2.318500 -2.017900 -5.790900 -0.492800 -12.042600 -6.521600 
0.440000 -2.471000 -1.727000 -0.422100 -3.724100 -1.233800 -1.072200 -0.973500 -5.886100 -1.449800 -4.763100 -7.764300 
0.442000 -3.540800 -1.394200 -1.011200 -0.625500 -0.862200 -4.789500 -1.824200 -2.262000 -3.167200 -6.909700 -4.221600 
0.444000 -2.132200 -2.194600 -1.503000 -0.965200 -3.125200 -3.402000 -1.010000 -2.030100 -10.626500 -4.269900 -5.844200 
0.446000 -2.895300 -0.930400 -1.926900 -2.417300 -1.836600 -3.158400 -2.570000 -0.952500 -1.236500 -3.081500 -2.448300 
0.448000 -0.276100 -2.574300 -1.052200 -1.953400 -0.738900 -1.935200 -1.819300 -1.743700 -5.664000 -2.665300 -3.225900 
0.450000 -1.186100 -2.770200 -1.022800 -2.115500 -2.534300 -4.069400 -2.378600 -0.908400 -3.783000 -13.060400 -6.629500 
0.452000 -2.184900 -1.211500 -1.059000 -0.833500 -1.200100 -3.129000 -1.542900 -4.683400 -4.576600 -2.577300 -6.634700 
0.454000 -0.637200 -3.337200 -0.409400 -3.166300 -2.183200 -1.427500 -1.802600 -3.607000 -1.103200 -0.751000 -6.464500 
0.456000 -0.804200 -0.961900 -1.058700 -1.133200 -1.033000 -5.919900 -0.449300 -4.207700 -4.418900 -0.441700 -2.017700 
0.458000 -0.583100 -1.117800 -1.280500 -2.192400 -1.402000 -2.961400 -1.164500 -1.039900 -3.687300 -4.666100 -12.583100 
0.460000 -1.492000 -3.398000 -0.513500 -0.739200 -0.824200 -2.509000 -1.334100 -1.345600 -3.688500 -2.396900 -3.285000 
0.462000 -0.852300 -1.039500 -2.204700 -0.845400 -3.229800 -2.801200 -6.909800 -0.743900 -2.061700 -9.852600 -4.213200 
0.464000 -1.381900 -1.392900 -1.792200 -1.747500 -0.483400 -5.124500 -1.130400 -0.401800 -0.574900 -3.723400 -4.261500 
0.466000 -0.803400 -1.711100 -0.810100 -0.642800 -1.070400 -1.857500 -2.747300 -0.852300 -4.524200 -5.182400 -6.583300 
0.468000 -2.483900 -0.799200 -1.786100 -2.363600 -1.345500 -0.547900 -4.927800 -7.587000 -4.311200 -2.363400 -5.897000 
0.470000 -0.941000 -1.299800 -1.435700 -2.847300 -4.231500 -2.805400 -4.540200 -6.454800 -4.295900 -3.002900 -6.335900 
0.472000 -1.239100 -1.174000 -2.146700 -2.910700 -3.604100 -3.172900 -1.335000 -0.763800 -0.795300 -9.329500 -7.797200 
0.474000 -0.253100 -1.820000 -1.864500 -2.683400 -2.161700 -2.752300 -1.753100 -2.643700 -1.975400 -8.015300 -5.082600 
0.476000 -1.288300 -0.782100 -1.096000 -3.526600 -2.436300 -0.426100 -7.003500 -3.651600 -5.403000 -8.987400 -1.599200 
0.478000 -0.702200 -0.319200 -1.254900 -3.012600 -0.871000 -2.195400 -2.090900 -2.544300 -2.213200 -15.372900 -4.628700 
0.480000 -1.316700 -0.970800 -0.771700 -0.901800 -3.122800 -0.533000 -0.963300 -3.452300 -1.920200 -4.031800 -5.383600 
0.482000 -1.822500 -2.120500 -0.501200 -3.003600 -1.392900 -3.387400 -3.426400 -8.706400 -0.879900 -5.245800 -9.885400 
0.484000 -0.565400 -1.119800 -1.798800 -1.387300 -2.136000 -0.845200 -2.058800 -3.539000 -1.447800 -5.216400 -6.510200 
0.486000 -0.815700 -4.701100 -1.920000 -1.439700 -2.045400 -2.212500 -1.017800 -2.573600 -8.621000 -5.733700 -7.575700 
0.488000 -0.905700 -0.914800 -2.395200 -1.614900 -1.691800 -4.127600 -2.429600 -1.012400 -5.082600 -8.936500 -1.156900 
0.490000 -1.387700 -2.431800 -1.450000 -1.825400 -1.990600 -0.662400 -4.888500 -1.879000 -0.738600 -6.546600 -3.624700 
0.492000 -1.176600 -1.231000 -2.952000 -1.209600 -0.889900 -2.192500 -2.658900 -2.833500 -3.182400 -6.662600 -2.582400 
0.494000 -1.826400 -1.259600 -2.367500 -1.889300 -1.207000 -2.589000 -0.594700 -0.903000 -1.439200 -24.410500 -13.347800 
0.496000 -1.421000 -1.798900 -0.753200 -2.175300 -1.167400 -2.399500 -4.389300 -2.033500 -5.105500 -3.582000 -5.546500 
0.498000 -1.861600 -0.822600 -2.979100 -2.422100 -1.150200 -3.410700 -2.361000 -2.151500 -2.337000 -2.683400 -11.578700 
0.500000 -1.354900 -0.254700 -0.891600 -1.148600 -0.213900 -1.462000 -3.091400 -2.010900 -2.751900 -3.828500 -2.495400 
0.502000 -1.322100 -1.163100 -1.336700 -1.412500 -0.479800 -2.721500 -2.218500 -4.158700 -2.692200 -3.049400 -11.032800 
0.504000 -2.096500 -1.445000 -0.800100 -1.972900 -2.805900 -1.401900 -5.735800 -3.053400 -1.925400 -3.198800 -2.929000 
0.506000 -1.294400 -0.675900 -1.796800 -0.299600 -1.081300 -6.036600 -0.693900 -1.718800 -3.215800 -2.383100 -2.878100 
0.508000 -0.602500 -0.812300 -0.746400 -2.307000 -1.537300 -3.392000 -2.792400 -5.168400 -1.904100 -2.448200 -4.423200 
0.510000 -1.344800 -1.992800 -1.509200 -2.001600 -1.240400 -2.947900 -0.125100 -4.867900 -1.733900 -1.500800 -2.688800 
0.512000 -0.718500 -2.528600 -1.842500 -0.953900 -0.941100 -3.354200 -2.707500 -5.998700 -3.495900 -15.430300 -19.433700 
0.514000 -0.386700 -0.496100 -1.649600 -1.441300 -3.647000 -1.663600 -2.299500 -2.154700 -0.795700 -2.038700 -8.575900 
0.516000 -1.035100 -0.879200 -0.656100 -2.662700 -0.478700 -4.978300 -0.969500 -4.622200 -0.660100 -8.401000 -33.093700 
0.518000 -1.421100 -1.454700 -0.500800 -0.980500 -2.033600 -1.934200 -1.087800 -1.212000 -3.349900 -4.548600 -7.531800 
0.520000 -0.706800 -1.363400 -2.357500 -0.833500 -0.165100 -1.595300 -3.199600 -5.796600 -1.442700 -1.486300 -10.370800 
0.522000 -0.582800 -1.362900 -1.117500 -1.424100 -1.583000 -0.865500 -2.482100 -3.168000 -1.907700 -3.683100 -5.478500 
0.524000 -1.754000 -0.933700 -1.279600 -2.304600 -3.124800 -0.769600 -1.627400 -1.682300 -4.864900 -3.313300 -8.903200 
0.526000 -1.682300 -1.263700 -2.514200 -0.322100 -0.817200 -2.030900 -0.778700 -1.924800 -4.576000 -0.564100 -4.490500 
0.528000 -0.457200 -1.630900 -0.815900 -2.112200 -0.564700 -1.849900 -3.917800 -2.972000 -2.568300 -3.160000 -6.923200 
0.530000 -0.679600 -2.108300 -1.404600 -2.209600 -2.438100 -2.865400 -0.709900 -1.062300 -5.454000 -2.478800 -21.193300 
0.532000 -2.636600 -1.365300 -3.797400 -5.870400 -0.548400 -3.218200 -0.660800 -1.549000 -3.523600 -1.144900 -8.020300 
0.534000 -0.500400 -0.089200 -2.030000 -1.626800 -0.600000 -5.949500 -3.413700 -3.937600 -6.121400 -1.574400 -11.935600 
0.536000 -0.716800 -2.090100 -1.275700 -1.211700 -1.443800 -2.258800 -1.279100 -5.680800 -9.953000 -7.083800 -2.174000 
0.538000 -1.763100 -1.584300 -1.520300 -2.322500 -2.484600 -3.090400 -1.622100 -4.754600 -4.047200 -4.446800 -2.775400 
0.540000 -1.824900 -1.178800 -1.189400 -0.611000 -3.290700 -3.189100 -2.485000 -2.951700 -2.457700 -5.278000 -5.847100 
0.542000 -1.995100 -1.282400 -2.174900 -0.498200 -3.122500 -3.454300 -1.380500 -2.994000 -1.825900 -5.859600 -2.759200 
0.544000 -1.276300 -2.426100 -1.545400 -0.969800 -0.897600 -2.145400 -2.225900 -3.272300 -2.664300 -1.651100 -4.933700 
0.546000 -1.031300 -0.505900 -1.609000 -3.179200 -2.109700 -1.491900 -2.995400 -2.526800 -5.808100 -6.172300 -4.126100 
0.548000 -0.379500 -0.655100 -1.882800 -3.413500 -2.213700 -3.100500 -3.280600 -2.704900 -2.268500 -1.494200 -5.026500 
0.550000 -2.496400 -1.002100 -1.145600 -1.594300 -0.150200 -2.486700 -2.689700 -3.085300 -4.114300 -5.111900 -5.420500 
0.552000 -0.834800 -0.883700 -1.993700 -0.367600 -2.505500 -4.715700 -2.451200 -1.648000 -2.144900 -4.458200 -11.410800 
0.554000 -1.232200 -1.148100 -0.653300 -0.868200 -0.626800 -0.983200 -1.365800 -1.974000 -0.519700 -2.850600 -1.601600 
0.556000 -1.950900 -1.879100 -0.896500 -0.252000 -0.702300 -5.169300 -1.638800 -2.651800 -5.761800 -2.722400 -12.665500 
0.558000 -0.854100 -1.887600 -1.512800 -2.926200 -1.023500 -1.302900 -1.741100 -2.154200 -5.052000 -1.917100 -11.295000 
0.560000 -1.609800 -0.857800 -2.531000 -2.647700 -0.829500 -1.298600 -1.978200 -1.582400 -5.964600 -5.048700 -33.020600 
0.562000 -1.937700 -0.390600 -3.050100 -2.614000 -1.920800 -6.732500 -0.948800 -1.316600 -5.506700 -8.996400 -2.254700 
0.564000 -2.308600 -0.845700 -0.813400 -0.792700 -1.645400 -5.011600 -1.228600 -1.290000 -4.959800 -10.625500 -15.100700 
0.566000 -1.128100 -2.542500 -0.915400 -1.829900 -3.054900 -3.859000 -2.704800 -1.012200 -4.480000 -6.389200 -5.606000 
0.568000 -0.063400 -1.855200 -0.517700 -2.178000 -1.351700 -1.274800 -3.084700 -3.058000 -6.055700 -2.662900 -17.109900 
0.570000 -2.297500 -1.000800 -1.116000 -1.393600 -0.567100 -1.600800 -0.986900 -1.437900 -3.557300 -8.149700 -3.181100 
0.572000 -0.928400 -1.615800 -0.989000 -3.704300 -1.352200 -4.593800 -5.250700 -0.681200 -6.752000 -2.118900 -4.641200 
0.574000 -0.513500 -0.792100 -1.534600 -0.845200 -1.116900 -5.444500 -1.845400 -5.108000 -5.401900 -3.165500 -4.756400 
0.576000 -1.718600 -1.385900 -1.686800 -1.067000 -1.832700 -2.023200 -6.622300 -2.459700 -0.935600 -2.439800 -4.589300 
0.578000 -1.852500 -0.955800 -1.144000 -1.056700 -1.178700 -2.591400 -1.170700 -1.181100 -6.694000 -2.201900 -16.160500 
0.580000 -1.705900 -1.389000 -0.617500 -1.474600 -0.925900 -1.968800 -2.826600 -0.618700 -3.706000 -7.409800 -3.864500 
0.582000 -1.557900 -2.103500 -0.317100 -0.212300 -1.068100 -1.987000 -2.797500 -0.751800 -3.485500 -13.761500 -10.387100 
0.584000 -0.477200 -4.142100 -0.829800 -2.877300 -3.737100 -2.330200 -3.946100 -1.766700 -6.593600 -1.344700 -6.229200 
0.586000 -0.697000 -2.835700 -0.417100 -1.317000 -0.783800 -5.056500 -2.141700 -3.184600 -5.917400 -3.113200 -11.977000 
0.588000 -2.394500 -2.854100 -1.006900 -2.867300 -0.508600 -1.464400 -1.445000 -3.036400 -3.673100 -2.078400 -13.327200 
0.590000 -0.511200 -1.508100 -1.953200 -2.006000 -0.719600 -2.995900 -1.829600 -3.459900 -3.682300 -13.337500 -16.815700 
0.592000 -1.816400 -1.353000 -0.928900 -0.633000 -1.665800 -3.394500 -3.809900 -2.864600 -3.599700 -7.612300 -20.390300 
0.594000 -1.604100 -0.872100 -1.403100 -1.077900 -1.567100 -2.894200 -1.067700 -3.926400 -2.452400 -9.546800 -5.034000 
0.596000 -0.903100 -1.217400 -2.783900 -0.217200 -0.391400 -3.564100 -2.054200 -0.930700 -4.695500 -8.416100 -4.710300 
0.598000 -1.621500 -1.070900 -0.942400 -2.829000 -1.841200 -2.623300 -3.443600 -0.369600 -2.945000 -8.326100 -9.173300 
0.600000 -1.765300 -1.311300 -0.809800 -3.171400 -2.127300 -4.951700 -2.732100 -0.418200 -4.077800 -0.467500 -9.026100 
0.602000 -1.863200 -4.220600 -2.723000 -2.071800 -1.823800 -4.850000 -1.125500 -6.924500 -2.391800 -8.945800 -12.475600 
0.604000 -1.122500 -2.677000 -1.942500 -1.541900 -1.579000 -5.830600 -2.658200 -6.644100 -1.037000 -6.983900 -22.979500 
0.606000 -1.351300 -2.468500 -1.397600 -1.360700 -0.800900 -6.039900 -2.621900 -2.019800 -5.911800 -6.141800 -21.424300 
0.608000 -0.576000 -0.467200 -2.073900 -0.916400 -0.661400 -1.430500 -4.069200 -1.890300 -4.981400 -5.258000 -23.112800 
0.610000 -1.188100 -2.074800 -0.444100 -1.080200 -1.090100 -3.073800 -1.166800 -1.302900 -2.186000 -4.385000 -17.091600 
0.612000 -1.736400 -0.966400 -0.623900 -0.977500 -2.233200 -6.378300 -1.325500 -5.372800 -1.259500 -1.212600 -15.669800 
0.614000 -2.068500 -2.057500 -2.873700 -1.127900 -1.789000 -5.038600 -1.014900 -2.626800 -5.485300 -6.002500 -17.135100 
0.616000 -3.319000 -0.972500 -1.073500 -0.574000 -0.545600 -4.297000 -1.212600 -1.161400 -2.009600 -2.066400 -2.611600 
0.618000 -3.059100 -1.560500 -1.963500 -2.205700 -1.471200 -3.052500 -3.476800 -3.046000 -2.864400 -2.613900 -8.089100 
0.620000 -3.031700 -0.701100 -0.804200 -1.309700 -2.225000 -1.268400 -2.643900 -6.519100 -9.502600 -3.681100 -2.138300 
0.622000 -4.639300 -2.936800 -2.603500 -2.043300 -0.598200 -2.648100 -3.208600 -4.070700 -0.925400 -1.123200 -12.186500 
0.624000 -1.700500 -0.836600 -1.593100 -1.315500 -0.973900 -3.008100 -4.559000 -1.774200 -6.237800 -0.521500 -8.141200 
0.626000 -2.420000 -1.320900 -1.498400 -0.827100 -2.468400 -1.339100 -1.248600 -0.812000 -2.544300 -5.060100 -16.294400 
0.628000 -2.065000 -2.072700 -1.154700 -2.392600 -4.567800 -2.143200 -0.830400 -3.551600 -2.270800 -3.162500 -3.209600 
0.630000 -2.927300 -2.308100 -0.638600 -1.834800 -1.374300 -1.905600 -3.407200 -3.853600 -3.842000 -2.803300 -5.154800 
0.632000 -0.492000 -1.915300 -2.429700 -3.579500 -1.372400 -3.899200 -1.771300 -1.768400 -3.107800 -0.702000 -8.888400 
0.634000 -1.021400 -2.718900 -1.145300 -2.920600 -1.667700 -2.691900 -0.744900 -1.919000 -9.572000 -2.757000 -18.253800 
0.636000 -1.206300 -1.167700 -0.822000 -2.161200 -1.682300 -2.495800 -2.663200 -3.203500 -3.346900 -2.966800 -10.700900 
0.638000 -1.835400 -1.321200 -1.167700 -0.885100 -2.618300 -2.046700 -1.515300 -2.543200 -4.110200 -8.313100 -5.841300 
0.640000 -2.669400 -0.579800 -1.069400 -3.758800 -1.513400 -1.939700 -1.447100 -5.213000 -2.244100 -2.798200 -5.813300 
0.642000 -0.500400 -1.981700 -2.355800 -1.097700 -1.836500 -1.041300 -5.698800 -2.100200 -2.829200 -5.461800 -3.027300 
0.644000 -1.744000 -1.957200 -1.499900 -2.231800 -2.223700 -6.809200 -5.717300 -5.411400 -4.376100 -2.681000 -14.753400 
0.646000 -0.776800 -1.245200 -1.333800 -1.922300 -2.201100 -2.446600 -1.530300 -1.579600 -3.088400 -6.113700 -10.645600 
0.648000 -1.488500 -1.471100 -3.159200 -3.016000 -1.909900 -2.610900 -2.999700 -0.903200 -7.059200 -5.088700 -4.905300 
0.650000 -1.969300 -1.883000 -2.328000 -1.632400 -1.336300 -3.564600 -4.852200 -2.514400 -3.140800 -1.921900 -7.455800 
0.652000 -3.025700 -1.333200 -0.582900 -1.996200 -1.525200 -2.742000 -5.372900 -1.089700 -2.131000 -3.564400 -4.282200 
0.654000 -0.352500 -0.480300 -0.662400 -4.429500 -0.855900 -5.283700 -0.436200 -0.559300 -4.936800 -2.177600 -2.338000 
0.656000 -1.633200 -1.019700 -1.830300 -1.726600 -2.167200 -2.836300 -1.302900 -0.796200 -6.141200 -6.688400 -10.014600 
0.658000 -1.002000 -2.394100 -1.320900 -0.495000 -3.451900 -3.310300 -2.015100 -3.930400 -1.530300 -3.982800 -3.812000 
0.660000 -0.914400 -1.178900 -2.750800 -0.954100 -1.137000 -4.683500 -1.396900 -3.464800 -1.426100 -2.635100 -0.817400 
0.662000 -1.175600 -0.559600 -0.790100 -2.262800 -1.318100 -2.926000 -1.149500 -2.869000 -2.561700 -13.859000 -11.859100 
0.664000 -2.870400 -0.916400 -1.988700 -1.571500 -1.141000 -4.146300 -1.486300 -7.708600 -2.760200 -7.389800 -1.301700 
0.666000 -1.525700 -2.668000 -0.767700 -0.901300 -1.569100 -2.950300 -1.843900 -9.127200 -3.000100 -5.103700 -6.995900 
0.668000 -1.929000 -0.970900 -0.782500 -0.428200 -1.017500 -3.894300 -3.660600 -4.325000 -2.705800 -8.287300 -2.821900 
0.670000 -0.557700 -0.284200 -1.519800 -1.098100 -0.379600 -1.568400 -3.656200 -1.592700 -9.132500 -2.663300 -10.696600 
0.672000 -1.063100 -0.726900 -2.818600 -1.374100 -1.751700 -3.447800 -2.774100 -6.673100 -3.174200 -8.345700 -6.801900 
0.674000 -0.381100 -1.951700 -1.301700 -1.157100 -3.669800 -3.151900 -2.553200 -3.943900 -2.520200 -10.579400 -12.525200 
0.676000 -2.416800 -1.259900 -1.135900 -1.153300 -0.805200 -4.313700 -3.092200 -5.572700 -1.381700 -2.513100 -10.134600 
0.678000 -2.994600 -1.589000 -1.863400 -3.254000 -1.947700 -4.084100 -1.915600 -4.977400 -3.256700 -1.282000 -8.978800 
0.680000 -1.663800 -1.085100 -2.500800 -1.026000 -0.967500 -5.180400 -1.710100 -4.552400 -4.332400 -5.601200 -7.195200 
0.682000 -3.867800 -1.159700 -1.293800 -1.353200 -0.906700 -4.169700 -2.468300 -5.556500 -7.810700 -4.156300 -13.387600 
0.684000 -4.442300 -3.636700 -0.863700 -0.563400 -1.818200 -4.344300 -2.337400 -4.736600 -12.118800 -2.424100 -9.573100 
0.686000 -1.425900 -3.605000 -1.276100 -1.640800 -1.765700 -2.394200 -1.455300 -1.870800 -3.599200 -2.128800 -5.511200 
0.688000 -1.525500 -1.098600 -2.041100 -3.315700 -2.378500 -4.682900 -0.462900 -3.562600 -2.479900 -3.534300 -27.222700 
0.690000 -1.874500 -1.372400 -1.942400 -2.981300 -0.907400 -2.033500 -3.693900 -4.453000 -3.925900 -8.456000 -8.826600 
0.692000 -0.879100 -0.613800 -1.965400 -0.637000 -0.884200 -1.793700 -1.361800 -2.535600 -7.604800 -8.584200 -27.918700 
0.694000 -0.798400 -1.101000 -2.024900 -1.243300 -1.296900 -0.991200 -0.368400 -3.519800 -4.173800 -3.456600 -23.524800 
0.696000 -1.198000 -2.580700 -0.677900 -2.834500 -0.773400 -1.544600 -5.215700 -2.678900 -1.594300 -2.644000 -18.755900 
0.698000 -1.201000 -1.386300 -1.069500 -1.069900 -1.465100 -3.137100 -2.809000 -2.740100 -4.383200 -3.116800 -8.319900 
0.700000 -1.642100 -0.541600 -1.702600 -0.973400 -1.041600 -1.361100 -2.544600 -4.290700 -0.681900 -3.808200 -23.682200 
0.702000 -1.696300 -2.337200 -1.385200 -1.461500 -2.695800 -3.845300 -2.114100 -2.247500 -0.623000 -5.710000 -16.781500 
0.704000 -1.321800 -0.350600 -1.847700 -2.621200 -0.821600 -1.857600 -1.893000 -1.940600 -1.835400 -0.951100 -10.673600 
0.706000 -0.427900 -1.453000 -1.080100 -0.555100 -0.834600 -5.606300 -1.850600 -2.885600 -4.004700 -6.141000 -9.040400 
0.708000 -2.819300 -1.427900 -1.119100 -0.712300 -1.688400 -3.889100 -2.098000 -1.980100 -1.632000 -1.908600 -18.374100 
0.710000 -2.588700 -0.715300 -1.153700 -0.294800 -0.293100 -1.171200 -3.237700 -4.091800 -2.825900 -3.703300 -16.395900 
0.712000 -0.677900 -0.760400 -1.052300 -1.328800 -3.571200 -1.827900 -0.641900 -1.714500 -0.778500 -2.265300 -4.340400 
0.714000 -0.804900 -1.729100 -1.438900 -2.513600 -3.719700 -3.324400 -1.011600 -2.016300 -2.362300 -3.597700 -16.794500 
0.716000 -1.624700 -1.024400 -0.904400 -1.928000 -1.555500 -4.221400 -2.979400 -2.337800 -0.340900 -2.040700 -20.813800 
0.718000 -1.065300 -0.729700 -3.690700 -2.848800 -0.620500 -5.300400 -1.878800 -6.976900 -3.440400 -5.112600 -23.878800 
0.720000 -2.466600 -2.552900 -1.258700 -1.414500 -4.432700 -2.502400 -3.188100 -7.274900 -2.747900 -1.558300 -3.228600 
0.722000 -1.062300 -3.330700 -1.244000 -2.600400 -4.299200 -6.696000 -2.974600 -1.844800 -1.345700 -4.022800 -6.559200 
0.724000 -1.300200 -0.521900 -2.317400 -0.917100 -1.086000 -6.535100 -3.270800 -2.025700 -5.363000 -7.608900 -19.850700 
0.726000 -1.158900 -0.358900 -1.203200 -1.187300 -1.140300 -4.842000 -3.085900 -3.160500 -3.746100 -3.029000 -21.799200 
0.728000 -0.433900 -1.270300 -1.047000 -0.368400 -0.555500 -3.644200 -5.744400 -2.764000 -5.228300 -1.279900 -10.946800 
0.730000 -1.622100 -0.305400 -0.872500 -1.408700 -2.222400 -0.805000 -1.334500 -1.577800 -1.045700 -3.056400 -11.932800 
0.732000 -1.755100 -1.232000 -1.490200 -0.329100 -2.043300 -2.087100 -1.405200 -3.675900 -2.202500 -1.365100 -12.197500 
0.734000 -0.218200 -0.455900 -2.215500 -3.295600 -0.632500 -1.071300 -1.247600 -2.183400 -3.266000 -1.545100 -7.041100 
0.736000 -0.545500 -0.741800 -0.394000 -1.267700 -0.980900 -3.789900 -1.073700 -7.792200 -2.720600 -6.442100 -5.081800 
0.738000 -1.855000 -0.899800 -0.146500 -1.384800 -1.140600 -3.951800 -0.883800 -2.360000 -4.615400 -2.070000 -17.096900 
0.740000 -2.513100 -0.881000 -1.678900 -1.773800 -1.252700 -3.554200 -0.737000 -1.502300 -2.702100 -2.700100 -8.137300 
0.742000 -0.880800 -0.201000 -1.641200 -0.447200 -2.635600 -2.240300 -2.524200 -2.855100 -0.585600 -2.765200 -4.972200 
0.744000 -1.155500 -0.666200 -1.165100 -3.619100 -3.621800 -2.778100 -4.463600 -2.059100 -4.391700 -4.365100 -2.455300 
0.746000 -3.325400 -1.067400 -3.797400 -0.835600 -1.505700 -1.257900 -1.807700 -3.181600 -3.561700 -4.221200 -7.479500 
0.748000 -1.346300 -0.852000 -1.215300 -3.980000 -3.064100 -2.083400 -1.059000 -0.377500 -9.105000 -12.317200 -12.053700 
0.750000 -0.332600 -0.843200 -0.538100 -1.860800 -1.646000 -4.410900 -2.567300 -5.284200 -5.103200 -2.256100 -4.072500 
0.752000 -1.152400 -1.249100 -2.640800 -2.031800 -3.370800 -5.820100 -1.028200 -8.675600 -2.873800 -1.670300 -13.285900 
0.754000 -0.501500 -1.600100 -1.448000 -3.735600 -1.441500 -3.258600 -1.194200 -6.023500 -7.427000 -1.066100 -5.076000 
0.756000 -0.990000 -1.350300 -1.740000 -1.763300 -0.520900 -1.104300 -3.460300 -3.493900 -8.603100 -2.207200 -9.019500 
0.758000 -1.122900 -2.115600 -1.911200 -1.816000 -2.866500 -1.398000 -1.917800 -4.935100 -5.764100 -5.205800 -6.075400 
0.760000 -0.530100 -1.067800 -0.792100 -1.526800 -1.899100 -3.638700 -1.975900 -0.970400 -6.108300 -3.411600 -6.852900 
0.762000 -1.355400 -0.497100 -1.322200 -1.518200 -0.990800 -1.526000 -3.674200 -0.679700 -0.448000 -1.201800 -4.487300 
0.764000 -0.953500 -1.896800 -0.878400 -2.078000 -1.566800 -1.138900 -1.952700 -2.379800 -10.695900 -9.457400 -11.385900 
0.766000 -1.048800 -0.738300 -1.617000 -0.690000 -1.778700 -3.968900 -1.528400 -1.409400 -4.789800 -3.475100 -12.589500 
0.768000 -2.219500 -2.363200 -0.550800 -0.457800 -1.546200 -4.119600 -6.077100 -3.782100 -1.575500 -4.671600 -6.874200 
0.770000 -1.063200 -1.295200 -1.438300 -1.848800 -3.081800 -0.431500 -4.602800 -4.898500 -6.584200 -4.370100 -8.242100 
0.772000 -0.906200 -1.862300 -0.491300 -0.842200 -1.751900 -2.873400 -4.712200 -3.157700 -5.569300 -13.217000 -4.927000 
0.774000 -0.375400 -0.491900 -0.620200 -1.069000 -1.887200 -5.333800 -0.990700 -3.897800 -1.798000 -2.137100 -6.068900 
0.776000 -2.392200 -0.758800 -1.910700 -1.013000 -0.885500 -2.149700 -3.527800 -1.388000 -0.807300 -5.203400 -4.392900 
0.778000 -1.117900 -0.869700 -1.726800 -0.364100 -0.420900 -0.949500 -1.075400 -8.613300 -5.669600 -2.714600 -8.589600 
0.780000 -1.695400 -0.575500 -1.597100 -1.910100 -3.593000 -0.739700 -4.786300 -0.672500 -3.216400 -1.970800 -14.235300 
0.782000 -2.477800 -1.373000 -2.045300 -2.099900 -3.125700 -2.624000 -4.165400 -2.156800 -3.748900 -1.499800 -13.293000 
0.784000 -1.231100 -2.832900 -0.420100 -1.766600 -2.568600 -3.079900 -2.279500 -3.894700 -3.639100 -2.482400 -3.008200 
0.786000 -1.479200 -1.426300 -1.131200 -1.753100 -3.441400 -2.576500 -2.125600 -3.016300 -2.636000 -2.345700 -8.893600 
0.788000 -1.425600 -1.594000 -0.662100 -0.582900 -3.638100 -0.356200 -9.400000 -3.433300 -2.250000 -2.196900 -19.245500 
0.790000 -2.404300 -0.857700 -2.151200 -0.774600 -4.458800 -2.469500 -4.336900 -1.902500 -1.540300 -1.555000 -12.407900 
0.792000 -1.648200 -0.494800 -1.264100 -2.044800 -3.829300 -0.929900 -2.580900 -2.953200 -0.612900 -1.754300 -13.115800 
0.794000 -2.651300 -0.547000 -0.984900 -2.438000 -1.655500 -0.660100 -2.373500 -6.447700 -1.935900 -1.657200 -7.440600 
0.796000 -1.717400 -2.536800 -0.267700 -1.409500 -0.968400 -3.868600 -2.391500 -3.033000 -1.649000 -2.401900 -8.328500 
0.798000 -2.312100 -0.859700 -0.819200 -1.467500 -1.708600 -0.938300 -3.117900 -1.542000 -3.815800 -1.675300 -11.002500 
0.800000 -2.087600 -0.728400 -1.872800 -0.728600 -1.844600 -1.012500 -0.975800 -4.761900 -2.530400 -2.728400 -15.797700 
0.802000 -1.539400 -0.724000 -0.775700 -1.673200 -0.809100 -1.085500 -1.786500 -1.662400 -7.701200 -2.727700 -11.599800 
0.804000 -0.958500 -3.010800 -0.865200 -1.292900 -3.047300 -2.144800 -2.400500 -7.825200 -2.831600 -7.380200 -1.753300 
0.806000 -1.682300 -0.714700 -1.901600 -1.257000 -2.928800 -3.695900 -3.223200 -1.969400 -1.888000 -7.489700 -15.520200 
0.808000 -0.625800 -1.285900 -1.771000 -1.545600 -1.641500 -3.144600 -1.202600 -7.835400 -5.622800 -2.547300 -18.833900 
0.810000 -2.178600 -0.702300 -1.504500 -1.855600 -2.566400 -2.564900 -1.395200 -1.406900 -1.156300 -1.638000 -7.440200 
0.812000 -2.618900 -1.826400 -1.142300 -0.447600 -2.500300 -2.302000 -4.063800 -3.348400 -1.229300 -3.995300 -5.474600 
0.814000 -1.519300 -0.258500 -0.396700 -0.597900 -2.120700 -2.212600 -8.253100 -2.412400 -2.462400 -2.478700 -8.910000 
0.816000 -1.156100 -1.446100 -0.304700 -1.906500 -2.574500 -4.811300 -2.598900 -1.642200 -2.684700 -1.481300 -18.205100 
0.818000 -1.860600 -0.831900 -1.033700 -0.850000 -2.555700 -1.256300 -4.700000 -3.349300 -0.953700 -3.099500 -27.241700 
0.820000 -0.820600 -0.910500 -2.714000 -1.616300 -1.569100 -2.322500 -1.911500 -2.955800 -3.512900 -3.088700 -21.683700 
0.822000 -1.225900 -0.458800 -0.233900 -1.045700 -1.397900 -0.888900 -8.257200 -3.927000 -1.463100 -2.646700 -33.915800 
0.824000 -1.120300 -2.094900 -1.386700 -2.931500 -4.784800 -3.707200 -1.194000 -4.818200 -3.557700 -2.914800 -23.981400 
0.826000 -0.905600 -0.625100 -2.278800 -0.863500 -1.264900 -1.796800 -0.726400 -7.473000 -4.704500 -9.009600 -21.527800 
0.828000 -1.885500 -1.766300 -0.679600 -1.804500 -1.826200 -3.216700 -1.049500 -6.179100 -5.193200 -0.339800 -8.796700 
0.830000 -1.966600 -0.671600 -0.344200 -2.227900 -1.888500 -1.334600 -2.385200 -6.033700 -8.599900 -2.751600 -11.017700 
0.832000 -2.206300 -1.482700 -2.186200 -2.330400 -1.633600 -0.514600 -0.949400 -2.264900 -7.171600 -2.358100 -4.246800 
0.834000 -1.794500 -2.362700 -1.564600 -1.117500 -1.402300 -0.800300 -4.403900 -2.428800 -2.602100 -1.269600 -1.869700 
0.836000 -1.014900 -1.944200 -1.586500 -1.602000 -1.935200 -2.618800 -2.683800 -1.071400 -2.518800 -1.842400 -19.962100 
0.838000 -0.929900 -2.028900 -0.870600 -1.724800 -1.161400 -2.286400 -0.522200 -0.381100 -0.969900 -2.972300 -10.317500 
0.840000 -1.016500 -1.367600 -0.596800 -2.497000 -2.976200 -2.277500 -3.798600 -1.585700 -3.172000 -7.564100 -9.760800 
0.842000 -0.325700 -1.260100 -1.206800 -1.555700 -1.478400 -2.238800 -3.597900 -2.669500 -4.736600 -0.490200 -6.358500 
0.844000 -1.011200 -3.682800 -0.223600 -0.971000 -1.035600 -3.261900 -1.319600 -8.061000 -1.454300 -4.822100 -1.435900 
0.846000 -0.555000 -1.777600 -1.837700 -1.820100 -1.361100 -0.705300 -2.788000 -0.994200 -6.484800 -2.107400 -14.091300 
0.848000 -2.180100 -0.823500 -0.615800 -2.094500 -2.763300 -2.349600 -2.026500 -0.849500 -1.455700 -13.776000 -14.569500 
0.850000 -1.054900 -0.957800 -2.307600 -0.709600 -1.087900 -2.666800 -2.014100 -3.352900 -3.500800 -12.555200 -9.750900 
0.852000 -0.876200 -1.785600 -1.206100 -1.796500 -1.580200 -2.872300 -0.775700 -4.025400 -4.089000 -15.493500 -9.083300 
0.854000 -1.191500 -1.266400 -2.666800 -1.034900 -0.594300 -5.773200 -2.145100 -4.653900 -7.340100 -12.776400 -8.480600 
0.856000 -1.140900 -1.491100 -0.998600 -0.915500 -1.437700 -6.014700 -5.644900 -2.450600 -2.587700 -6.677000 -26.439400 
0.858000 -3.142100 -0.579600 -2.275500 -1.221800 -0.359200 -1.488600 -2.333600 -2.834700 -10.104800 -3.980900 -24.120700 
0.860000 -1.752100 -2.027500 -2.922800 -0.583900 -1.565800 -2.259300 -5.730100 -4.296600 -0.480100 -10.629200 -15.674500 
0.862000 -2.040900 -1.294000 -2.007500 -1.971800 -0.745600 -2.111100 -3.851900 -1.160200 -5.011200 -4.125500 -20.513700 
0.864000 -2.549700 -0.581400 -1.754700 -1.880600 -1.520300 -5.545600 -3.166600 -6.080000 -4.135500 -11.713800 -14.663300 
0.866000 -1.576500 -0.722900 -0.307000 -0.572300 -1.146100 -1.294600 -3.269600 -1.826100 -3.079000 -5.644400 -7.443800 
0.868000 -2.360100 -1.871600 -0.708700 -1.037600 -3.065400 -1.306100 -2.479900 -2.649200 -1.350600 -4.816100 -5.968200 
0.870000 -1.385600 -2.185000 -2.298700 -0.578900 -0.488500 -2.835800 -1.940100 -4.240300 -2.767600 -6.495500 -4.841100 
0.872000 -1.014600 -3.168100 -1.180900 -1.166900 -0.719800 -1.883100 -1.089000 -3.222000 -3.599200 -11.722900 -5.133900 
0.874000 -0.779200 -1.389000 -0.701900 -3.133500 -2.468500 -3.323200 -2.359300 -2.500200 -4.741600 -2.330500 -9.885900 
0.876000 -2.464900 -1.610300 -1.362400 -0.092300 -3.173400 -1.401600 -7.599300 -3.246200 -2.998900 -3.014400 -8.906100 
0.878000 -1.657300 -0.711100 -0.393700 -1.846800 -2.168400 -3.628900 -1.619000 -6.140700 -5.662300 -2.472800 -7.314300 
0.880000 -1.874300 -0.646900 -1.301400 -2.784400 -2.757800 -1.054700 -1.577200 -2.838500 -1.278300 -4.321600 -8.763100 
0.882000 -1.798000 -0.998800 -1.415500 -1.839600 -1.031900 -1.580400 -1.214500 -2.401900 -3.949400 -2.870900 -12.233000 
0.884000 -1.604900 -1.788000 -2.096800 -0.743400 -2.898800 -1.018800 -3.054300 -2.021200 -5.160200 -3.214300 -5.183400 
0.886000 -2.498500 -1.056200 -1.093200 -1.060800 -2.139700 -4.591500 -2.153800 -0.828100 -1.834400 -3.941200 -13.542500 
0.888000 -1.367400 -1.466900 -0.910900 -0.905100 -1.261800 -2.287900 -0.197400 -2.212900 -2.129800 -1.010600 -23.489300 
0.890000 -0.776300 -2.572100 -1.226200 -1.205600 -3.773900 -1.777800 -2.758100 -2.971300 -4.355400 -4.457400 -17.441600 
0.892000 -0.498000 -1.598600 -0.978200 -1.742700 -1.020100 -1.253900 -2.020600 -0.966200 -8.781100 -4.238300 -14.029700 
0.894000 -0.835400 -2.347000 -0.992500 -1.653500 -3.417700 -2.610100 -2.279300 -1.385100 -4.531400 -2.687600 -23.634000 
0.896000 -1.704000 -0.858400 -0.482600 -3.850300 -1.495700 -2.212400 -2.219200 -2.313700 -4.013700 -1.130800 -12.783900 
0.898000 -0.873400 -1.205600 -0.748100 -1.025100 -1.202500 -0.874000 -4.034500 -2.347700 -9.143000 -2.888300 -3.829300 
0.900000 -0.844500 -1.885800 -1.270200 -2.481400 -0.451100 -3.858300 -4.438600 -2.081100 -5.275400 -7.057800 -3.309800 
0.902000 -1.331500 -3.761400 -3.149500 -1.809400 -1.625100 -0.932100 -2.306700 -3.740900 -2.947200 -14.145500 -5.894700 
0.904000 -0.921600 -0.232600 -1.210100 -2.158700 -4.664000 -1.914200 -0.532100 -10.108500 -6.594500 -8.942800 -3.030500 
0.906000 -0.589300 -1.371600 -0.832100 -2.038700 -1.724400 -0.450900 -4.734700 -1.808800 -0.881500 -10.272900 -3.472500 
0.908000 -0.838500 -2.061100 -1.550300 -0.950500 -1.666600 -1.798200 -4.493000 -1.584000 -3.069000 -6.534600 -20.481000 
0.910000 -0.661300 -2.132300 -0.262100 -1.043200 -3.103500 -4.146500 -4.080500 -0.323700 -3.563800 -2.225200 -11.696300 
0.912000 -2.741600 -1.260900 -1.781500 -0.786600 -0.749300 -3.636300 -0.907100 -1.352300 -10.080300 -7.971000 -5.181700 
0.914000 -2.300000 -0.729200 -0.817100 -2.702700 -1.418900 -2.208900 -3.584000 -1.634500 -3.435500 -8.281500 -9.061200 
0.916000 -1.476200 -0.772400 -0.712400 -1.239800 -2.943600 -4.209200 -0.092900 -1.596400 -4.283500 -2.100800 -21.647000 
0.918000 -1.093500 -3.748800 -1.503200 -2.220000 -1.771300 -1.690400 -1.396400 -4.277200 -4.824600 -4.820600 -13.280100 
0.920000 -0.738500 -1.083600 -1.201600 -0.884000 -0.653900 -0.897400 -1.012200 -1.934000 -1.281000 -2.170100 -19.552000 
0.922000 -1.378900 -1.173600 -2.111400 -1.659500 -0.436600 -1.803500 -1.536900 -2.642200 -4.928600 -6.426300 -16.137900 
0.924000 -1.563900 -1.296900 -3.768100 -1.026900 -5.627800 -3.669400 -0.307100 -1.043500 -2.080800 -6.348400 -25.534400 
0.926000 -3.308100 -0.406700 -0.559000 -1.017600 -0.580300 -1.373200 -1.219400 -1.290300 -3.514100 -7.320500 -3.892500 
0.928000 -1.061000 -2.550900 -1.104300 -3.693200 -2.753400 -1.102300 -1.636400 -1.727800 -6.121400 -3.570800 -6.829900 
0.930000 -1.843300 -2.485900 -2.067400 -0.290400 -0.444400 -1.221100 -3.371200 -3.049500 -1.682900 -7.295400 -10.344500 
0.932000 -0.182400 -0.624800 -1.369900 -1.602500 -0.844100 -2.317500 -0.845700 -5.148600 -1.529100 -4.304100 -6.775400 
0.934000 -0.594500 -0.868100 -1.512700 -1.506100 -1.764100 -3.154100 -0.374300 -6.174900 -7.224900 -4.716400 -10.481000 
0.936000 -0.450100 -1.480100 -1.620400 -1.330600 -1.980700 -6.108000 -0.807700 -2.813000 -1.492400 -3.035400 -9.064100 
0.938000 -0.986700 -0.809200 -1.566900 -1.698200 -0.713300 -0.895600 -0.938800 -1.542400 -2.251000 -2.441900 -26.663500 
0.940000 -0.884700 -3.240500 -2.010700 -1.703000 -0.647700 -3.597200 -2.017300 -3.335500 -2.697600 -4.442500 -13.710000 
0.942000 -2.319200 -0.764900 -1.585600 -1.510300 -2.985600 -3.077700 -2.260800 -2.217800 -1.167500 -3.898300 -11.167400 
0.944000 -0.706100 -2.575000 -1.885200 -2.572900 -2.338900 -2.060300 -0.772200 -1.824200 -4.656200 -1.271400 -6.538100 
0.946000 -1.241000 -0.791700 -2.195200 -2.596800 -1.677100 -1.620000 -2.227700 -2.214300 -3.860900 -2.428400 -4.424000 
0.948000 -1.135400 -0.635800 -1.219900 -0.916900 -0.709300 -3.139900 -1.154900 -7.090100 -4.489600 -2.920500 -13.658500 
0.950000 -0.943000 -1.322000 -0.845300 -1.901500 -1.335900 -1.582600 -1.904100 -4.987700 -5.983500 -2.569300 -18.952500 
0.952000 -0.999200 -0.748700 -1.523200 -1.232400 -2.039300 -0.953400 -1.762500 -4.526200 -4.574200 -0.651000 -14.753300 
0.954000 -1.884700 -1.971200 -1.794300 -1.529000 -1.885200 -0.359900 -1.137200 -5.042900 -4.126500 -1.826900 -17.293500 
0.956000 -1.426900 -0.532900 -2.939500 -1.792100 -0.505800 -0.690400 -0.220600 -3.547600 -7.270600 -3.704400 -9.989700 
0.958000 -1.581100 -1.691700 -0.970000 -4.324200 -0.589900 -1.746300 -2.329000 -5.943600 -3.179900 -12.036400 -5.138700 
0.960000 -0.550400 -0.864200 -1.363600 -2.157000 -1.759700 -4.585200 -1.325500 -3.236600 -1.271600 -2.470100 -28.621700 
0.962000 -0.401900 -0.555300 -1.904500 -0.459400 -1.219100 -1.514700 -3.842300 -5.312200 -10.178000 -4.527600 -13.160200 
0.964000 -1.172100 -1.282400 -1.074400 -2.008900 -2.383700 -2.245800 -5.328400 -2.682600 -5.400700 -2.068600 -18.320900 
0.966000 -0.884200 -0.825600 -0.658800 -0.709800 -0.662400 -3.985400 -1.501200 -1.966200 -5.322300 -3.439300 -3.152300 
0.968000 -1.495400 -1.253300 -2.078400 -3.296000 -5.827300 -1.971500 -1.694300 -0.883100 -1.759500 -6.010600 -4.972800 
0.970000 -1.073900 -0.729300 -2.738200 -1.807000 -1.154400 -0.713600 -1.143100 -4.679700 -3.648900 -1.891100 -18.904300 
0.972000 -3.322100 -1.220100 -0.967100 -4.350300 -1.188100 -1.101900 -2.760200 -1.683200 -2.435800 -10.991600 -3.909100 
0.974000 -2.614800 -0.572100 -2.683300 -1.004500 -1.790000 -2.381800 -4.831900 -1.668500 -4.777800 -1.392800 -3.422100 
0.976000 -1.083900 -3.596000 -1.584900 -4.138700 -1.156400 -0.696200 -5.519800 -1.344100 -5.153500 -3.734500 -25.088800 
0.978000 -0.768000 -1.885900 -2.404000 -0.901600 -1.153200 -0.455100 -1.266400 -4.373200 -2.797900 -5.568300 -10.766700 
0.980000 -0.695300 -1.633500 -0.481000 -1.072300 -2.359800 -1.744900 -3.265100 -3.415200 -1.658500 -6.587900 -7.065700 
0.982000 -0.734800 -0.519400 -1.574800 -2.555600 -2.181700 -2.681500 -5.262700 -2.459500 -2.332900 -2.253800 -11.047200 
0.984000 -2.083200 -0.422700 -2.806900 -0.374000 -3.049200 -3.826000 -1.897300 -1.832600 -6.790900 -2.890500 -10.436000 
0.986000 -2.655600 -1.192500 -1.596300 -1.177500 -1.439500 -2.605000 -0.616800 -6.452000 -3.551000 -9.185600 -4.486700 
0.988000 -1.116400 -2.668700 -0.915000 -0.338500 -3.602300 -0.959900 -1.646100 -3.759900 -8.849200 -2.930000 -15.778500 
0.990000 -0.724100 -0.761600 -0.861500 -1.469800 -1.743100 -1.692300 -1.597500 -3.906200 -3.163400 -2.998400 -3.742000 
0.992000 -0.411800 -1.252700 -1.704400 -1.012500 -2.965800 -2.155300 -1.157000 -4.600600 -8.731600 -1.755100 -7.062500 
0.994000 -0.870900 -0.683000 -1.735500 -1.435500 -1.709100 -2.138900 -2.804700 -2.067900 -4.207500 -14.814200 -2.301500 
0.996000 -1.496600 -1.334000 -2.277000 -1.188000 -1.755900 -1.318000 -1.384700 -4.910500 -3.516100 -5.012000 -13.441900 
0.998000 -0.583600 -0.389900 -2.273300 -2.838300 -2.466500 -1.939000 -2.727900 -3.422700 -5.189200 -3.322900 -18.232700 
