# gradients (DV/DL) for lambdas: 0.0 0.1 0.2 0.3 0.4 0.5 0.6 0.7 0.8 0.9 1.0
0.000000 -1.515500 -1.036100 -0.468700 -0.417500 -1.162800 -1.731600 -1.262300 -0.720400 -0.607300 -3.003000 -2.573500 
0.002000 -0.648900 -0.642500 -1.381400 -1.971000 -4.453400 -1.608200 -4.019500 -0.934000 -1.160600 -4.408900 -11.655700 
0.004000 -1.577100 -0.568300 -1.990900 -0.504900 -1.337100 -1.142900 -3.260800 -0.588700 -0.748000 -2.989700 -11.296700 
0.006000 -1.577700 -0.838900 -2.307200 -0.815100 -1.664700 -2.143500 -1.916300 -1.719200 -3.279100 -3.594700 -2.605000 
0.008000 -1.228500 -1.904000 -0.912600 -3.235500 -1.982300 -0.937300 -2.388700 -0.876100 -2.522500 -2.992500 -1.747600 
0.010000 -0.777400 -1.873200 -1.013200 -2.039900 -1.434500 -1.744200 -0.977100 -2.269300 -1.400300 -5.649800 -2.745400 
0.012000 -0.968500 -0.487000 -1.272000 -0.558500 -1.808100 -2.547900 -0.732900 -1.350600 -4.229800 -2.914500 -3.544700 
0.014000 -1.113200 -1.067700 -1.645200 -1.741500 -3.222700 -1.714500 -1.436000 -2.322700 -1.093100 -11.740500 -4.238900 
0.016000 -0.227500 -2.665600 -2.616500 -0.879000 -2.197900 -0.740300 -1.697300 -1.198100 -3.407200 -1.562000 -2.419100 
0.018000 -0.626500 -0.656300 -1.839500 -2.081800 -1.872300 -1.388200 -2.559600 -4.071800 -2.801200 -4.251200 -4.862700 
0.020000 -1.575700 -0.141200 -0.924700 -0.502200 -1.599900 -0.492400 -4.336200 -1.721500 -4.798500 -3.231200 -11.256800 
0.022000 -1.629600 -1.461200 -3.158200 -1.186000 -3.273000 -2.645100 -2.640300 -0.293700 -6.961600 -4.945400 -1.062000 
0.024000 -1.457300 -0.807300 -1.287500 -1.745200 -2.345400 -0.921900 -2.207800 -2.735500 -1.714400 -2.672300 -3.281200 
0.026000 -0.964700 -1.656200 -0.796900 -2.845600 -0.839300 -0.912500 -1.480700 -1.730500 -0.781500 -5.590600 -3.091600 
0.028000 -1.226600 -2.114400 -2.189900 -2.141700 -2.351700 -2.593200 -3.696900 -6.759200 -6.186000 -0.477900 -16.742800 
0.030000 -0.274500 -2.456600 -2.250400 -2.600200 -0.649600 -3.271400 -0.822000 -3.071800 -2.072600 -3.885200 -2.306600 
0.032000 -0.681700 -1.306500 -1.673300 -2.143100 -0.406100 -0.947400 -4.527500 -0.868200 -3.962200 -0.604000 -3.407300 
0.034000 -0.847300 -1.059200 -2.365300 -3.761300 -0.593300 -0.627500 -1.442100 -1.231700 -6.628200 -2.022500 -7.924600 
0.036000 -0.448800 -1.134400 -1.751500 -2.310000 -4.288300 -2.816500 -1.500900 -0.579200 -5.964200 -4.519200 -7.209800 
0.038000 -0.401400 -0.929800 -0.390000 -1.715700 -2.147800 -2.780600 -0.382200 -2.213000 -5.891300 -3.068700 -5.848700 
0.040000 -2.210300 -0.482600 -1.285600 -3.603400 -0.943700 -1.706700 -0.467100 -3.448000 -1.428500 -3.815300 -8.375300 
0.042000 -2.171300 -1.426800 -0.650200 -2.335300 -1.162800 -1.063700 -2.233700 -2.518900 -5.110600 -3.046800 -9.250700 
0.044000 -1.161800 -0.341900 -1.874400 -2.184200 -2.900200 -1.436600 -0.893500 -2.420800 -2.651200 -4.743700 -6.168000 
0.046000 -0.715800 -1.026700 -0.790800 -5.204900 -0.444800 -0.756600 -1.840400 -2.646700 -3.885400 -2.368700 -8.857600 
0.048000 -0.697100 -0.778800 -0.798800 -4.354300 -0.895800 -1.282800 -5.509000 -2.901000 -2.684500 -2.274900 -6.794500 
0.050000 -0.688200 -1.620200 -1.331800 -3.794600 -0.249500 -2.279400 -2.927400 -1.758100 -2.276900 -2.853300 -3.816400 
0.052000 -1.657100 -0.946100 -2.848500 -2.187700 -0.390600 -2.382300 -2.512600 -3.002900 -1.952100 -1.556100 -11.384300 
0.054000 -2.700000 -1.823200 -0.481100 -2.090700 -1.002800 -1.747700 -2.669900 -3.912500 -1.286200 -4.541800 -2.553100 
0.056000 -1.459800 -1.016200 -0.918100 -4.879100 -1.003900 -2.297800 -1.466700 -5.447200 -2.745400 -2.342700 -9.456700 
0.058000 -1.612800 -0.843300 -1.309900 -6.168600 -1.863300 -2.542200 -1.000800 -3.295500 -5.054200 -3.983300 -6.604400 
0.060000 -1.975900 -0.308500 -0.825500 -2.771300 -1.847900 -1.121600 -3.142800 -3.333800 -4.062400 -3.481500 -9.425000 
0.062000 -1.397000 -0.925500 -1.725400 -1.561400 -1.777400 -1.880600 -1.683300 -2.559100 -3.234500 -2.094300 -10.899000 
0.064000 -1.027000 -1.297100 -2.699800 -4.251600 -1.109700 -1.709500 -2.343400 -2.496100 -4.803000 -0.579900 -3.243900 
0.066000 -2.199300 -0.909200 -1.489600 -3.344300 -1.278900 -2.981000 -2.648900 -0.781300 -3.561500 -4.382000 -8.299200 
0.068000 -3.369100 -1.597900 -1.456100 -5.566800 -1.459800 -1.744400 -1.686700 -2.583500 -9.777300 -4.491400 -6.062400 
0.070000 -2.353900 -0.919800 -2.216300 -2.846300 -1.496200 -1.038200 -3.555200 -1.869800 -3.385900 -2.719200 -10.991200 
0.072000 -1.633700 -1.766600 -0.546700 -1.200900 -1.879200 -2.932900 -1.641800 -0.426300 -3.337500 -2.091100 -3.849100 
0.074000 -1.035600 -0.672900 -1.429300 -2.837800 -1.460800 -2.019900 -1.425000 -3.708700 -3.839000 -4.008200 -6.604600 
0.076000 -2.497900 -1.090800 -2.279100 -3.159900 -1.092500 -2.779400 -2.054200 -0.397600 -7.905500 -1.060800 -4.937800 
0.078000 -2.338900 -0.908100 -0.448100 -1.908400 -3.288400 -1.866300 -1.678900 -1.198600 -3.579900 -2.632000 -4.374800 
0.080000 -2.629500 -0.577400 -1.058700 -2.401000 -3.232500 -3.950300 -0.655500 -1.475400 -6.052000 -0.915500 -2.774100 
0.082000 -0.968400 -0.900400 -1.192200 -1.236200 -0.330700 -2.186000 -1.082000 -2.990100 -2.703600 -2.812600 -5.640800 
0.084000 -3.030600 -0.129700 -1.509100 -2.285500 -1.074700 -4.581200 -1.525000 -0.817100 -2.492500 -1.467000 -6.946800 
0.086000 -1.523900 -0.981000 -0.620900 -1.746500 -4.591800 -4.300700 -0.787100 -1.219200 -2.119000 -4.430600 -2.765400 
0.088000 -1.806500 -2.292500 -0.833700 -1.387500 -0.984300 -1.790900 -3.508400 -1.180400 -2.289600 -3.466000 -3.625100 
0.090000 -1.707400 -1.046100 -1.932900 -1.385100 -2.053600 -1.182700 -1.613600 -0.748400 -1.846400 -12.441000 -6.079000 
0.092000 -2.401700 -0.206400 -0.740500 -2.910100 -0.886300 -1.532500 -3.479500 -3.110900 -8.246500 -3.082700 -4.111400 
0.094000 -1.886200 -1.801500 -1.248000 -0.721700 -1.557800 -0.607800 -1.422900 -0.740000 -2.431700 -2.433200 -6.723700 
0.096000 -0.744400 -0.816500 -0.790100 -0.430700 -3.447700 -1.096500 -5.464100 -3.491100 -12.780000 -5.133000 -2.779600 
0.098000 -0.943600 -1.877500 -2.788400 -3.034400 -1.485700 -3.005000 -2.612200 -1.972700 -2.607400 -3.484600 -2.962900 
0.100000 -0.402900 -0.467800 -0.469700 -2.356300 -0.394200 -2.287000 -2.150100 -2.723500 -2.808200 -2.305300 -1.249600 
0.102000 -3.440900 -0.847000 -0.882900 -0.566100 -1.225400 -2.835900 -2.224200 -2.663300 -6.205800 -5.914900 -3.324000 
0.104000 -3.441400 -1.006500 -1.005200 -2.126100 -2.868300 -2.633900 -2.264000 -1.661100 -5.723700 -2.408300 -3.226600 
0.106000 -4.735900 -0.558700 -0.482100 -1.766400 -1.651700 -2.143900 -1.419400 -2.121000 -2.284100 -2.383600 -2.508900 
0.108000 -2.872200 -0.878900 -2.582600 -3.865000 -1.694000 -4.191300 -2.086300 -5.753800 -1.723100 -1.380500 -3.483200 
0.110000 -1.422400 -1.270800 -0.809000 -2.636100 -5.477100 -1.614600 -2.002300 -1.639300 -4.932600 -0.940000 -4.385800 
0.112000 -0.780100 -1.867700 -1.160100 -1.532600 -2.230300 -3.189600 -2.783100 -4.280300 -1.160000 -1.152500 -6.518600 
0.114000 -0.987900 -1.048800 -1.366000 -2.842200 -1.889500 -2.074100 -3.169000 -2.995400 -0.851000 -3.251500 -3.858800 
0.116000 -1.514500 -1.065200 -1.226100 -1.334000 -2.183200 -2.694300 -3.781400 -3.719700 -4.051200 -3.381000 -6.259100 
0.118000 -1.721700 -0.922200 -2.516000 -0.219600 -3.371500 -1.634900 -0.942600 -4.660700 -8.179600 -6.851700 -3.372900 
0.120000 -1.261400 -0.379300 -1.808700 -1.256500 -2.161500 -3.801900 -3.264300 -8.409300 -4.508000 -4.934600 -2.348800 
0.122000 -2.606700 -1.276900 -1.260300 -2.411100 -1.014700 -3.299600 -1.174500 -1.694500 -4.616000 -2.543300 -1.683200 
0.124000 -2.269100 -1.113100 -1.394200 -0.855400 -0.418500 -0.989800 -1.029900 -1.925500 -0.741200 -2.077400 -0.952800 
0.126000 -1.831800 -1.641500 -0.907700 -2.133400 -4.561200 -1.171500 -2.533200 -1.396900 -3.795900 -2.125600 -10.211100 
0.128000 -2.745800 -1.302300 -1.667400 -1.115000 -4.317400 -1.965000 -1.093900 -3.781600 -6.261900 -3.797400 -3.873300 
0.130000 -1.646500 -2.015200 -0.994100 -2.028400 -2.653600 -3.173800 -2.358300 -2.493400 -3.903400 -2.447600 -15.985100 
0.132000 -0.509000 -1.331100 -3.560300 -1.711700 -0.788800 -3.424100 -0.679300 -1.987000 -2.401800 -0.955900 -6.973700 
0.134000 -0.399000 -2.271300 -0.806000 -1.720600 -1.496700 -2.932500 -1.825200 -3.167600 -2.698800 -5.989900 -3.951300 
0.136000 -0.881300 -2.651100 -2.183300 -2.686900 -2.422200 -2.523900 -0.515100 -6.893300 -1.972400 -0.829000 -4.313200 
0.138000 -1.405600 -1.496800 -0.794400 -2.776700 -3.439000 -1.995500 -2.350400 -1.778200 -3.162700 -4.066000 -3.481600 
0.140000 -2.271900 -1.923700 -1.538300 -1.547300 -0.983400 -2.701500 -3.398200 -3.903000 -1.206700 -5.707400 -3.000000 
0.142000 -0.886300 -2.414300 -0.587300 -1.350200 -1.354900 -2.305000 -3.285100 -4.374700 -4.507900 -1.170100 -12.052200 
0.144000 -1.701700 -1.743700 -2.419000 -0.697900 -1.071700 -3.485700 -1.275000 -1.360800 -5.378500 -1.991000 -5.651800 
0.146000 -1.827400 -2.139200 -1.840600 -2.074100 -2.117300 -0.858600 -2.927100 -11.433400 -6.046300 -2.466200 -6.210000 
0.148000 -1.246400 -3.523800 -1.587900 -1.700100 -2.581800 -2.320400 -0.960900 -0.885300 -7.838300 -3.335800 -5.051800 
0.150000 -1.320200 -1.324400 -0.530300 -2.952600 -2.594400 -1.176100 -2.279800 -3.465800 -4.638500 -2.658400 -8.659600 
0.152000 -1.985000 -3.027000 -0.654700 -2.348100 -2.129700 -0.651000 -0.236600 -8.142400 -4.138000 -10.873400 -16.331500 
0.154000 -1.497300 -0.957200 -1.806100 -2.240900 -0.734700 -3.996800 -2.112000 -5.096700 -4.895100 -0.921700 -5.610200 
0.156000 -0.603200 -1.772200 -1.481700 -1.638700 -1.042600 -0.180100 -0.904600 -1.012900 -3.057700 -6.607200 -1.660400 
0.158000 -0.720900 -1.770700 -0.290400 -2.861300 -1.592600 -3.239800 -1.733400 -0.241400 -6.858600 -1.657600 -3.476600 
0.160000 -1.234300 -1.307000 -0.675100 -2.406300 -0.914800 -0.209100 -1.427800 -0.591700 -3.425500 -1.475200 -2.782100 
0.162000 -2.110400 -3.281000 -1.241700 -1.877700 -2.148000 -0.743600 -2.764100 -13.871200 -5.612100 -4.947400 -4.312300 
0.164000 -1.054100 -1.735400 -1.198000 -2.169300 -1.259400 -0.528100 -0.756900 -1.214900 -4.385100 -7.531500 -4.397000 
0.166000 -4.751600 -2.904800 -1.027000 -2.693200 -1.659900 -0.825300 -2.199000 -9.960800 -2.053500 -3.564000 -4.776900 
0.168000 -1.270200 -3.163600 -0.929800 -1.526600 -1.300300 -1.525700 -0.790100 -7.198300 -4.279500 -8.420800 -3.145300 
0.170000 -0.979400 -1.469000 -1.488500 -0.739800 -0.641200 -2.647600 -1.032500 -1.004400 -6.140000 -4.140300 -4.829700 
0.172000 -1.433200 -0.584500 -0.813800 -1.740900 -0.573300 -2.669400 -4.708800 -1.530400 -7.231400 -6.662600 -3.099700 
0.174000 -1.239400 -1.500400 -0.446100 -0.435100 -1.942200 -1.614400 -5.341000 -3.058600 -3.207400 -9.004700 -10.625800 
0.176000 -0.814400 -3.221500 -3.783500 -1.050100 -1.699100 -3.448300 -0.981300 -2.396600 -3.454900 -8.263800 -13.862500 
0.178000 -0.356800 -1.014200 -4.153700 -1.725600 -0.829900 -2.819300 -1.639300 -3.224400 -2.499000 -5.148200 -10.731600 
0.180000 -2.260500 -1.757700 -0.447300 -3.384700 -2.615100 -3.706600 -2.906400 -1.660600 -1.224900 -3.173600 -6.864500 
0.182000 -1.749500 -1.178300 -2.053700 -0.719000 -0.852700 -1.503400 -3.187100 -1.634400 -2.527500 -5.413700 -5.752200 
0.184000 -1.408600 -2.573900 -2.517000 -1.209500 -1.703800 -3.155800 -1.870800 -0.896500 -1.890900 -2.854400 -3.220000 
0.186000 -1.989300 -1.436800 -0.135700 -1.917100 -2.384700 -1.605000 -2.201400 -1.406300 -2.668800 -2.026600 -8.555500 
0.188000 -2.167200 -1.806300 -0.597400 -0.359900 -3.321500 -1.648200 -2.070500 -1.151800 -2.270100 -1.153600 -1.475800 
0.190000 -1.608700 -5.448300 -0.606500 -1.517900 -1.338000 -1.131600 -0.817400 -5.484300 -2.366500 -5.070800 -2.334500 
0.192000 -1.039200 -3.007100 -0.500800 -4.818800 -3.666000 -1.672700 -1.106000 -0.885500 -3.235800 -1.253900 -3.050000 
0.194000 -1.221400 -3.263000 -0.378400 -4.695500 -1.326400 -1.083500 -2.593900 -2.509100 -2.489500 -3.923500 -3.719400 
0.196000 -1.169900 -2.274400 -0.490600 -2.854400 -1.885100 -1.667000 -2.340600 -3.098500 -2.670300 -4.425200 -6.998300 
0.198000 -0.596900 -3.184200 -2.032600 -4.746300 -2.127900 -0.443300 -3.703100 -2.061200 -0.689500 -1.766100 -6.403700 
0.200000 -0.441300 -2.206500 -1.244900 -1.209800 -3.081900 -1.100600 -1.033400 -4.108800 -2.553400 -3.162700 -6.234200 
0.202000 -0.739300 -2.340700 -0.473700 -1.495800 -0.375200 -0.324900 -1.089800 -3.825600 -0.388000 -4.002500 -11.388200 
0.204000 -0.827800 -3.270300 -0.671300 -3.736100 -0.565100 -0.554100 -1.283700 -3.762000 -4.948200 -1.232100 -5.325900 
0.206000 -1.097100 -0.616200 -1.771000 -2.250800 -1.417000 -3.829400 -3.311300 -2.414900 -1.879100 -1.021500 -4.054100 
0.208000 -0.883000 -3.054800 -2.047100 -2.485500 -1.326500 -1.158100 -0.893800 -0.716700 -4.253200 -3.711300 -12.395400 
0.210000 -1.144300 -0.803500 -0.994000 -1.259800 -1.741500 -2.725400 -1.316900 -2.173500 -0.454800 -1.997400 -0.437300 
0.212000 -2.554900 -2.099100 -1.302900 -3.239300 -1.585700 -1.098300 -5.496200 -0.931900 -2.680000 -6.202600 -8.625100 
0.214000 -1.932000 -2.448500 -0.887600 -2.828500 -2.427800 -1.534000 -2.738000 -1.783200 -4.895500 -9.600000 -2.023900 
0.216000 -0.901500 -2.478300 -2.033400 -1.396900 -1.801600 -0.483500 -0.723300 -3.193600 -2.732900 -4.307200 -7.228900 
0.218000 -1.248400 -1.495100 -1.919800 -1.230600 -1.902800 -2.082200 -0.766500 -3.005800 -4.583300 -6.669600 -1.614700 
0.220000 -0.768800 -1.548600 -3.027300 -0.311300 -1.860900 -3.076400 -2.140300 -3.218800 -3.405900 -7.321500 -1.476600 
0.222000 -1.676000 -2.462700 -1.197600 -0.246900 -0.545600 -1.760100 -3.305300 -5.943600 -3.461400 -4.579900 -2.568400 
0.224000 -0.509600 -0.829900 -3.141000 -0.447100 -0.697900 -1.253900 -4.460000 -4.549400 -3.606000 -3.524400 -2.279900 
0.226000 -1.981700 -2.583100 -1.257700 -1.507000 -0.754900 -0.609400 -1.236400 -2.140300 -2.192900 -1.609400 -8.057700 
0.228000 -1.058500 -1.880000 -1.148300 -0.547900 -1.741400 -0.025900 -1.413300 -1.721700 -2.444600 -1.253300 -2.676600 
0.230000 -0.784200 -0.775400 -0.963800 -1.647200 -2.169500 -1.506300 -1.893200 -3.311900 -7.388300 -1.674100 -3.219300 
0.232000 -0.926600 -1.182100 -1.186800 -2.656700 -1.614600 -1.838600 -1.623900 -1.191700 -7.720300 -0.844600 -2.711500 
0.234000 -0.549200 -0.754400 -0.786300 -2.476400 -1.760800 -1.700200 -0.597200 -0.403300 -9.424800 -0.261700 -2.235300 
0.236000 -1.406200 -1.257900 -1.354800 -0.854100 -3.033600 -1.829500 -2.836400 -2.733900 -2.900300 -1.369000 -3.344200 
0.238000 -2.468100 -1.815500 -1.341800 -0.966500 -2.103000 -2.009500 -6.136400 -1.672600 -16.601600 -1.673000 -5.986400 
0.240000 -1.052500 -0.277600 -0.924700 -3.422600 -0.997100 -1.906800 -1.022600 -3.165900 -3.218700 -1.721100 -7.618100 
0.242000 -1.389600 -0.656700 -1.746300 -0.892400 -1.583300 -2.104400 -0.892500 -2.992900 -6.299800 -2.974300 -1.290000 
0.244000 -1.745200 -0.569900 -2.618500 -1.051700 -1.080100 -1.481700 -1.396700 -3.716200 -4.364100 -1.393100 -4.364400 
0.246000 -1.306000 -0.625700 -1.552200 -0.837400 -1.419700 -1.323000 -1.443100 -4.726200 -4.518400 -2.342100 -2.315300 
0.248000 -1.565800 -0.411700 -0.942500 -0.393000 -1.409300 -0.969500 -0.787900 -2.085600 -1.713700 -1.042800 -4.761300 
0.250000 -0.968100 -0.553700 -1.104500 -2.744300 -0.958900 -1.738200 -1.118100 -5.581200 -6.412400 -3.288700 -3.387300 
0.252000 -1.539900 -0.351900 -1.095200 -0.350000 -0.705100 -1.084900 -2.771000 -4.964400 -1.268100 -3.911800 -2.580600 
0.254000 -1.349600 -0.739300 -0.399800 -1.501200 -2.030200 -0.592000 -0.572100 -3.088800 -8.493000 -2.181200 -0.979600 
0.256000 -1.016100 -1.235700 -3.413600 -0.539000 -2.289400 -2.201700 -3.247700 -7.604400 -5.274600 -7.194900 -8.340900 
0.258000 -2.292800 -0.360000 -1.281800 -2.594600 -1.350900 -4.808600 -1.262600 -1.007700 -5.516700 -3.079400 -1.574900 
0.260000 -0.851500 -0.820600 -2.182000 -1.596900 -3.572400 -2.087200 -3.366500 -1.712100 -2.791000 -4.069400 -2.946900 
0.262000 -1.457900 -0.635100 -1.917600 -0.994800 -1.077700 -1.296900 -2.035200 -3.435900 -2.625300 -4.210300 -4.061400 
0.264000 -1.775300 -1.479400 -0.905800 -1.373800 -1.798500 -2.066200 -2.984500 -1.461000 -1.607800 -3.584400 -5.203200 
0.266000 -0.417700 -2.295900 -1.999000 -0.686000 -0.977200 -1.543200 -0.699100 -0.559200 -3.347700 -2.796700 -0.992500 
0.268000 -1.497900 -2.899500 -1.642000 -0.932400 -1.353100 -0.663100 -1.045000 -0.986400 -5.467300 -4.002300 -12.911900 
0.270000 -1.624600 -1.243900 -0.979200 -2.037400 -2.588600 -1.137500 -1.734100 -1.723600 -7.893500 -1.489700 -1.729900 
0.272000 -0.900500 -3.887500 -0.419900 -1.133300 -3.256400 -1.408100 -4.333400 -3.362400 -5.754200 -2.601200 -6.834800 
0.274000 -0.544400 -0.747500 -0.585600 -1.822300 -1.264300 -0.466000 -4.021300 -4.247400 -2.778400 -1.335000 -5.327100 
0.276000 -0.749900 -0.884500 -1.656000 -1.282900 -0.478000 -0.512800 -2.364100 -2.376200 -4.559100 -1.106800 -12.062800 
0.278000 -1.069800 -1.061800 -0.754800 -0.784300 -2.806700 -0.823800 -1.483900 -3.410000 -1.898500 -1.710700 -4.222800 
0.280000 -3.070100 -1.316100 -1.073500 -0.737800 -1.710300 -2.452600 -3.865200 -3.124600 -4.833500 -5.204200 -1.304300 
0.282000 -2.298900 -0.368900 -2.896000 -0.408800 -1.950100 -1.213300 -4.823700 -2.733200 -4.137800 -3.880400 -2.123700 
0.284000 -1.697300 -1.612300 -0.733400 -0.568600 -1.764900 -1.115200 -2.439800 -2.448200 -9.945900 -7.956700 -3.428500 
0.286000 -0.276200 -0.636100 -0.477300 -2.561300 -0.413500 -0.480300 -2.376700 -1.671600 -1.095200 -6.684100 -5.494600 
0.288000 -1.831800 -0.232100 -1.935300 -2.177600 -3.482600 -2.138800 -2.000400 -2.104900 -2.002600 -2.251000 -8.295500 
0.290000 -1.033900 -1.181000 -1.151500 -0.810600 -2.817600 -0.296600 -3.784600 -4.898100 -3.167900 -4.433300 -1.370300 
0.292000 -2.265100 -3.065900 -1.376800 -0.917600 -2.233400 -1.410300 -4.310900 -2.934400 -1.770500 -5.834000 -1.258400 
0.294000 -1.453100 -1.826900 -1.224900 -1.997800 -1.940700 -0.532000 -2.719700 -2.643400 -2.373800 -12.753200 -10.260800 
0.296000 -1.652400 -1.310100 -1.820000 -2.232500 -1.583900 -2.400800 -1.392500 -1.916000 -1.858700 -7.568400 -3.487300 
0.298000 -1.537100 -0.732400 -2.540300 -0.149000 -3.069800 -2.608500 -2.803200 -5.555400 -3.104200 -2.104200 -4.569000 
0.300000 -1.615700 -0.485600 -1.814200 -1.999600 -2.491100 -1.617800 -0.658000 -1.627000 -1.355500 -1.573000 -8.904000 
0.302000 -1.200700 -0.265500 -2.328700 -1.975300 -1.164800 -2.345000 -2.892200 -3.086500 -3.435100 -7.369600 -6.507500 
0.304000 -2.329600 -1.083800 -2.663500 -2.237600 -3.376600 -3.040700 -3.423200 -4.656900 -2.012400 -4.331200 -1.156900 
0.306000 -1.703500 -0.965600 -2.759800 -3.393700 -1.332400 -0.916500 -1.889900 -2.735000 -4.121200 -0.837100 -5.976700 
0.308000 -0.599700 -2.453900 -2.446300 -2.577900 -1.955900 -0.705900 -1.315200 -1.522400 -3.783100 -1.257100 -3.824300 
0.310000 -1.352900 -0.167800 -1.680800 -2.170700 -0.737000 -2.954700 -3.595500 -1.705200 -4.081100 -4.596100 -5.762500 
0.312000 -2.559200 -1.407700 -2.498200 -3.155900 -0.790300 -2.187400 -4.524100 -3.424400 -4.495800 -1.265100 -4.137400 
0.314000 -3.272200 -0.296500 -1.805500 -4.697000 -2.595000 -2.056800 -1.509200 -2.328700 -2.745200 -2.192200 -2.236900 
0.316000 -1.352900 -0.785700 -1.809000 -1.900700 -1.100400 -2.025600 -1.595700 -1.638400 -3.519400 -6.527500 -8.153600 
0.318000 -0.534100 -0.631300 -0.622400 -1.545600 -5.505200 -1.528700 -1.133900 -1.104100 -3.569300 -4.065400 -4.746700 
0.320000 -0.424200 -0.717600 -1.634400 -2.270300 -2.207000 -1.634200 -0.795100 -4.023200 -2.539200 -2.079900 -2.742100 
0.322000 -0.537400 -1.674100 -2.580500 -1.203400 -1.684700 -2.611500 -2.098900 -1.096400 -1.890100 -2.351700 -3.794100 
0.324000 -1.549500 -0.296600 -1.899100 -3.313400 -0.463900 -4.025000 -1.300900 -1.764100 -4.609500 -2.910600 -2.887800 
0.326000 -2.428400 -2.033600 -2.472900 -1.182800 -1.707900 -1.165000 -2.095100 -3.356500 -2.973600 -0.651200 -6.574500 
0.328000 -2.484100 -0.931600 -2.415000 -1.177100 -2.072300 -3.249600 -1.791000 -1.773000 -2.774500 -1.856100 -3.162000 
0.330000 -1.624200 -1.722800 -2.924900 -1.335100 -1.059400 -2.165200 -2.010600 -2.814000 -3.115600 -2.755300 -2.886100 
0.332000 -0.807700 -0.130400 -0.982000 -2.080000 -3.319500 -1.336700 -2.032300 -2.009500 -1.112800 -16.394500 -13.985700 
0.334000 -1.337000 -1.340300 -2.018900 -1.695000 -2.401300 -1.702500 -2.382500 -2.358500 -2.084900 -10.517400 -7.469000 
0.336000 -1.522600 -0.862300 -1.692000 -0.820700 -0.561000 -1.456900 -3.408300 -3.591600 -7.434500 -3.824200 -20.041100 
0.338000 -0.928700 -0.485100 -2.143000 -1.284700 -2.297600 -1.094400 -1.689100 -3.222800 -1.041700 -1.872600 -13.068900 
0.340000 -1.007200 -3.127900 -0.750100 -2.204000 -2.517500 -1.474300 -2.390300 -1.873300 -2.360800 -4.841500 -4.094300 
0.342000 -2.145100 -0.685500 -1.328700 -1.096500 -1.048900 -1.578200 -1.985000 -2.514800 -7.432700 -3.267800 -8.908200 
0.344000 -2.375400 -0.519200 -1.139500 -0.896400 -0.415700 -0.602700 -1.946500 -4.770000 -2.158400 -3.230900 -3.942600 
0.346000 -0.284900 -1.620900 -0.953000 -0.514900 -0.651400 -1.351400 -2.661700 -14.100300 -1.025200 -12.052000 -14.908400 
0.348000 -1.128000 -1.196500 -0.698500 -0.845000 -0.757900 -1.475100 -1.539400 -3.700000 -2.650100 -7.838000 -13.972800 
0.350000 -3.926600 -0.192700 -1.668100 -0.598300 -0.979900 -2.492400 -2.750500 -2.668000 -6.081000 -6.922000 -4.088300 
0.352000 -1.524200 -1.659100 -1.726200 -1.740800 -1.507100 -2.064800 -1.439600 -0.916700 -1.708800 -7.327300 -8.700100 
0.354000 -0.954200 -0.611100 -1.461700 -1.159200 -2.014500 -1.597500 -6.119200 -3.289800 -2.420200 -7.718600 -5.828900 
0.356000 -2.845600 -0.098700 -2.250200 -1.680900 -2.852100 -1.893900 -1.586700 -0.817700 -2.625600 -10.476600 -7.253700 
0.358000 -1.938200 -0.740800 -1.610500 -1.596400 -1.052000 -1.174800 -5.220000 -3.412800 -2.627200 -13.089000 -2.838800 
0.360000 -0.616200 -0.982500 -0.470200 -0.442200 -0.835500 -4.557800 -5.482500 -3.488900 -0.652800 -14.457500 -3.097700 
0.362000 -0.842500 -0.366900 -1.542000 -1.808000 -4.870600 -1.838200 -3.193800 -1.312500 -3.650300 -18.145500 -11.381300 
0.364000 -0.819400 -2.171900 -1.522700 -1.059700 -1.090800 -1.295500 -1.466200 -4.188900 -0.233200 -18.005800 -8.854300 
0.366000 -0.432800 -1.302400 -1.057900 -2.688500 -1.951800 -1.120400 -1.516900 -2.519800 -8.868200 -11.659900 -6.428900 
0.368000 -1.932400 -1.268300 -1.064000 -1.059100 -2.140800 -4.000800 -1.582700 -1.820700 -2.846500 -21.130500 -4.429200 
0.370000 -0.748700 -0.782800 -0.622000 -0.504800 -2.871200 -0.590900 -1.761300 -2.245800 -1.658700 -7.229300 -2.982500 
0.372000 -1.167600 -1.738900 -0.986100 -1.266300 -0.838400 -2.772700 -2.800000 -2.054400 -1.712000 -8.946300 -3.531100 
0.374000 -1.096900 -4.106300 -0.589200 -1.378000 -1.054900 -2.940500 -2.850300 -2.751100 -4.549900 -11.429800 -7.458900 
0.376000 -0.756300 -1.984400 -0.514000 -1.848300 -2.155700 -4.447100 -2.844800 -4.612800 -3.877800 -14.631700 -2.657500 
0.378000 -0.908700 -0.989500 -1.404800 -1.563500 -2.353900 -1.486300 -2.241200 -2.430900 -2.365600 -16.694800 -1.455300 
0.380000 -1.192600 -2.417600 -0.316800 -1.416700 -0.843100 -0.782000 -0.539500 -3.355700 -1.694900 -13.342500 -16.674700 
0.382000 -0.943500 -0.428000 -1.059300 -2.347000 -2.559700 -3.220000 -0.914000 -2.985200 -2.400600 -14.321200 -1.757200 
0.384000 -1.327300 -2.190300 -1.364200 -0.737100 -1.666300 -3.462500 -2.675200 -2.416100 -17.684400 -10.819200 -3.770600 
0.386000 -0.931700 -3.010200 -2.134100 -1.521300 -1.498400 -2.989200 -1.590600 -1.513200 -3.504100 -9.308000 -3.066800 
0.388000 -1.335400 -1.558200 -1.420400 -1.265300 -2.469500 -4.605400 -2.454300 -2.111100 -1.479800 -13.582000 -2.172800 
0.390000 -2.131800 -0.992500 -0.335900 -0.808200 -0.790700 -3.440200 -3.613600 -2.376300 -1.820400 -19.097700 -1.927000 
0.392000 -1.750300 -0.716300 -2.404200 -0.272600 -1.143500 -1.549300 -1.296600 -3.881000 -4.113600 -14.301200 -3.159500 
0.394000 -0.986400 -1.649600 -0.619300 -2.070100 -1.636200 -2.429400 -3.815600 -2.703300 -0.949700 -10.180900 -5.451300 
0.396000 -0.349800 -2.114200 -0.265200 -2.331200 -0.764500 -2.331200 -1.912800 -1.516300 -3.212900 -11.086500 -10.600400 
0.398000 -1.620500 -0.928000 -0.153400 -0.946900 -1.487300 -4.137400 -1.754000 -6.192700 -2.791200 -8.817900 -9.011900 
0.400000 -0.720800 -1.915500 -0.910100 -1.790800 -1.086700 -3.802800 -2.594300 -5.416100 -2.360000 -12.283900 -9.435000 
0.402000 -0.223100 -2.285800 -0.656400 -1.272000 -1.543700 -3.120400 -2.180000 -2.298100 -5.873400 -14.077100 -5.984300 
0.404000 -2.194400 -1.118100 -0.615100 -2.182400 -1.617900 -2.935300 -1.690900 -2.571400 -8.115500 -5.874500 -7.213700 
0.406000 -0.543800 -1.060700 -2.143700 -1.253300 -1.341900 -1.087300 -1.234300 -1.815200 -2.457100 -12.905800 -11.380300 
0.408000 -0.600600 -1.095200 -1.031300 -2.644000 -1.973800 -4.095700 -1.340200 -2.726300 -3.077100 -2.244400 -12.065100 
0.410000 -0.836500 -0.970500 -1.139900 -0.556800 -1.870300 -2.125400 -2.086000 -4.476400 -7.731500 -4.084500 -8.955800 
0.412000 -1.226600 -0.716800 -2.224800 -0.536100 -1.050900 -2.907400 -3.064600 -4.727500 -6.337200 -3.770100 -6.852300 
0.414000 -1.355400 -0.759400 -1.888600 -2.171900 -3.374000 -1.545100 -1.221000 -3.289500 -3.922000 -6.896300 -5.567000 
0.416000 -0.901800 -0.354200 -1.468200 -1.803200 -1.374300 -1.379100 -1.202900 -0.683500 -6.711000 -7.099900 -4.443900 
0.418000 -1.460500 -1.011900 -1.228200 -1.149100 -3.615900 -3.565100 -0.861400 -6.216600 -3.020100 -7.270400 -8.321400 
0.420000 -0.516800 -1.356500 -0.648200 -1.306800 -3.633900 -6.852300 -1.235900 -5.380400 -3.435900 -2.371200 -5.302200 
0.422000 -0.250100 -0.928500 -1.283400 -2.115800 -3.332700 -3.792200 -1.173400 -3.811100 -1.572800 -11.484500 -3.253800 
0.424000 -1.743400 -0.568900 -1.871900 -2.270800 -4.221400 -4.522500 -1.796100 -4.103600 -1.942400 -6.080600 -8.525200 
0.426000 -0.761400 -1.008600 -0.541900 -1.347700 -3.948600 -1.926600 -2.574300 -6.009200 -7.019800 -7.436300 -2.490200 
0.428000 -1.903200 -1.235100 -1.334700 -1.605600 -3.013300 -2.272300 -2.039100 -3.884100 -2.511500 -7.147500 -5.659100 
0.430000 -2.571900 -1.388700 -1.377300 -1.411700 -2.159200 -2.033400 -1.614400 -2.195400 -9.016500 -11.754000 -12.613200 
0.432000 -0.275200 -1.442500 -0.482800 -1.436300 -1.735500 -0.862800 -1.590100 -3.779400 -4.028500 -6.659100 -20.237800 
0.434000 -1.702900 -0.869400 -0.747500 -3.035000 -2.650800 -1.499800 -1.681100 -1.463500 -6.910100 -11.337200 -8.904200 
0.436000 -2.508900 -1.254300 -1.328500 -2.101500 -1.593900 -1.871200 -2.581600 -1.946300 -8.454400 -19.404200 -12.256800 
0.438000 -0.775900 -0.987700 -2.745700 -3.593100 -0.425200 -0.890400 -2.009500 -3.911500 -2.346800 -15.659100 -7.104500 
0.440000 -1.525300 -0.734000 -1.279300 -2.484300 -1.669100 -2.195600 -2.824100 -4.738100 -1.294200 -15.676800 -19.910900 
0.442000 -5.936700 -1.310700 -0.692200 -2.643700 -2.308100 -3.608700 -3.264500 -4.638800 -2.153900 -25.149100 -7.479500 
0.444000 -3.209500 -0.546600 -2.623600 -1.057500 -2.814300 -2.141600 -2.060900 -6.767200 -0.771800 -12.109800 -19.690200 
0.446000 -4.020100 -1.039400 -0.594300 -0.499500 -2.768400 -2.265100 -1.638200 -7.091200 -2.898800 -13.294800 -7.627200 
0.448000 -1.900800 -1.441700 -0.202700 -1.467200 -1.931300 -3.665100 -2.114900 -4.403600 -4.088800 -14.293300 -7.231200 
0.450000 -2.915500 -3.609600 -2.055900 -0.578500 -2.328500 -5.950400 -2.927800 -9.491400 -1.772200 -10.439200 -7.993800 
0.452000 -0.266700 -1.419500 -0.599400 -0.831500 -0.364700 -1.609600 -1.686400 -2.714700 -4.029800 -4.540100 -2.830300 
0.454000 -0.820500 -0.843200 -1.613900 -0.604700 -1.159100 -1.136000 -3.123300 -7.627500 -1.590700 -2.401600 -5.543100 
0.456000 -1.327100 -1.111000 -1.329100 -3.638600 -0.840100 -2.071200 -1.281100 -3.082200 -3.364800 -6.964600 -9.736400 
0.458000 -1.837700 -2.912400 -1.107500 -3.155600 -1.395200 -4.947000 -1.717600 -3.930700 -2.004300 -9.397600 -3.376000 
0.460000 -0.997200 -0.802000 -1.991200 -0.764400 -0.988900 -1.004900 -1.284200 -3.566400 -3.077600 -6.553700 -5.252400 
0.462000 -2.531900 -2.413400 -1.580000 -1.920000 -0.844900 -5.202900 -2.546800 -5.238500 -9.732000 -9.913100 -3.280500 
0.464000 -0.989800 -3.084600 -1.443600 -1.357600 -0.708300 -3.487000 -1.925900 -3.066000 -3.663200 -11.336500 -3.923200 
0.466000 -1.120300 -1.772400 -1.355900 -1.020900 -0.673100 -2.598500 -4.396300 -4.769700 -3.779700 -22.783200 -17.366700 
0.468000 -1.376200 -1.608500 -2.663800 -0.202000 -1.042000 -2.838400 -2.554200 -7.851000 -2.256700 -28.399100 -7.182700 
0.470000 -0.943500 -0.596300 -1.455000 -0.697400 -1.396800 -2.977000 -1.297000 -2.212000 -9.665200 -13.553700 -8.282700 
0.472000 -0.586100 -0.939900 -1.845200 -2.442800 -3.954400 -2.236800 -1.695400 -3.580200 -2.568700 -16.180900 -5.969100 
0.474000 -0.632300 -0.870900 -0.617000 -1.071300 -2.653900 -1.944200 -2.531400 -2.899000 -4.818300 -12.330600 -16.801800 
0.476000 -0.602000 -1.574100 -1.900100 -0.758000 -0.955200 -1.628000 -0.294600 -2.691100 -12.853300 -10.796500 -7.928900 
0.478000 -0.785700 -0.880200 -2.515700 -0.740800 -6.609400 -0.334500 -2.092700 -1.435800 -4.399700 -11.840500 -8.822200 
0.480000 -1.753900 -1.680300 -0.925600 -0.508700 -1.005500 -1.139900 -0.866800 -1.489500 -3.232900 -2.902200 -9.457600 
0.482000 -1.198000 -1.971500 -1.128500 -0.440100 -1.287400 -1.781500 -5.096900 -5.272600 -3.634900 -3.076200 -3.434000 
0.484000 -2.120000 -1.053000 -0.547900 -1.264900 -0.777100 -1.845600 -1.473600 -4.202500 -7.673600 -3.283200 -3.246200 
0.486000 -1.204200 -2.336400 -1.578900 -1.071200 -2.681900 -3.194000 -4.753600 -2.671500 -9.439100 -2.075000 -15.073700 
0.488000 -1.470700 -0.778400 -0.539500 -1.420800 -3.543100 -1.269500 -2.214600 -8.227200 -3.130000 -1.361600 -3.498100 
0.490000 -0.913300 -0.393200 -3.161300 -0.687400 -2.605400 -1.416100 -1.625900 -1.823400 -7.115200 -6.522100 -11.813900 
0.492000 -0.233100 -0.504700 -0.785200 -0.995100 -1.875200 -1.940400 -2.233400 -10.145100 -7.744100 -2.551900 -7.489200 
0.494000 -1.494000 -1.752800 -3.099200 -0.895600 -3.993900 -0.962800 -2.140000 -5.757900 -6.161400 -8.707700 -7.724400 
0.496000 -0.635900 -1.164900 -0.790500 -1.382600 -2.670600 -2.606500 -1.436400 -2.779200 -4.596900 -6.119600 -4.573200 
0.498000 -1.092800 -0.447700 -1.692000 -0.829300 -2.740200 -3.435800 -1.675500 -4.327800 -2.486200 -3.529900 -7.381200 
0.500000 -1.479500 -0.841000 -1.289400 -0.834700 -2.224100 -0.879100 -1.306700 -6.246700 -3.553700 -0.910900 -3.937100 
0.502000 -1.993900 -0.951400 -1.398100 -0.649800 -2.626700 -3.844300 -3.190500 -7.085800 -4.636100 -3.472700 -10.560100 
0.504000 -2.121100 -0.818200 -0.614400 -0.915400 -0.957700 -1.006600 -2.469800 -5.290400 -4.825700 -3.148100 -6.349900 
0.506000 -1.417600 -1.155900 -1.554000 -1.485400 -0.757600 -1.322100 -0.754100 -3.343400 -9.937300 -9.614000 -4.983400 
0.508000 -0.242900 -0.997000 -0.932900 -1.301400 -1.255900 -2.568800 -1.266600 -0.879900 -4.281000 -1.941700 -6.668600 
0.510000 -1.745800 -0.322600 -1.708800 -2.923400 -3.309600 -1.391600 -0.754000 -1.890700 -6.670500 -4.476400 -6.844000 
0.512000 -1.125300 -0.529000 -1.277800 -1.747500 -2.193400 -1.865700 -1.700200 -1.360400 -6.318200 -3.176300 -4.373200 
0.514000 -0.298100 -0.795700 -2.216100 -1.941500 -0.731000 -2.479900 -1.333100 -5.271500 -6.614200 -3.439400 -7.049500 
0.516000 -0.786900 -0.541100 -2.001100 -0.894300 -1.326500 -1.549600 -2.461300 -2.554700 -8.436500 -4.969000 -5.697200 
0.518000 -1.408000 -1.717100 -3.172100 -0.205300 -1.809400 -1.949800 -0.361600 -2.158500 -2.344400 -1.767900 -5.983200 
0.520000 -1.236400 -0.802400 -0.817100 -1.572200 -0.835500 -1.989000 -0.538000 -2.987300 -9.977300 -2.607700 -12.524400 
0.522000 -0.695900 -0.831900 -1.260800 -0.618900 -3.142700 -1.735400 -2.761700 -2.567800 -5.239800 -5.095200 -4.982700 
0.524000 -1.256200 -0.591600 -1.079300 -2.221700 -5.360500 -1.713900 -2.202200 -0.714900 -3.987200 -8.816300 -5.729100 
0.526000 -0.444300 -1.026200 -3.794700 -0.698800 -1.283100 -1.075500 -1.652600 -3.732500 -4.012000 -6.171500 -6.858700 
0.528000 -1.542800 -0.419900 -1.259000 -2.073700 -1.719100 -3.384000 -1.353400 -5.773600 -2.029900 -4.415300 -14.974100 
0.530000 -0.089900 -1.307700 -2.054300 -2.054500 -3.289200 -2.260900 -1.259300 -3.795600 -4.766000 -2.634200 -8.540300 
0.532000 -1.154200 -0.705100 -1.405300 -1.527100 -5.147000 -1.359200 -1.846300 -3.666500 -1.434300 -2.315700 -6.198400 
0.534000 -1.961100 -1.542500 -1.851400 -1.496700 -3.906200 -1.375400 -3.659300 -5.802800 -5.755000 -5.100100 -2.979900 
0.536000 -1.353000 -2.699100 -0.387700 -3.165200 -3.056400 -4.629200 -3.062400 -2.669200 -2.641900 -7.427300 -31.348100 
0.538000 -1.545100 -1.451700 -0.492300 -2.894600 -1.620600 -2.409400 -2.561500 -3.329300 -2.410700 -6.470600 -12.662800 
0.540000 -1.012200 -1.622900 -0.485200 -0.734500 -1.122600 -1.340600 -2.235800 -4.126900 -4.543800 -3.681800 -4.825300 
0.542000 -1.261600 -0.434000 -0.473400 -2.035200 -0.871500 -0.846100 -3.357500 -1.152000 -6.441100 -12.952000 -43.136000 
0.544000 -1.507300 -0.519800 -1.691900 -1.474000 -2.188000 -0.552700 -2.924500 -2.102900 -3.402800 -5.334700 -27.191800 
0.546000 -0.401300 -0.927300 -1.481100 -0.621300 -1.895600 -2.477300 -2.371200 -2.291000 -7.291200 -4.513100 -6.139100 
0.548000 -0.399100 -1.794200 -0.755600 -1.372000 -1.742200 -1.057500 -1.820900 -2.230500 -5.532700 -5.942600 -7.207100 
0.550000 -1.638100 -0.887800 -0.828900 -1.480100 -1.879600 -1.480700 -2.173500 -2.512100 -5.386300 -9.508400 -18.900000 
0.552000 -1.234900 -3.554300 -1.010000 -0.750600 -1.647100 -3.790500 -2.311900 -4.892700 -1.417800 -2.549500 -7.708300 
0.554000 -0.369100 -0.291400 -1.993300 -1.488000 -0.410200 -1.503300 -2.469800 -7.457600 -2.084500 -3.062400 -9.100800 
0.556000 -0.931700 -0.577900 -1.035400 -1.939100 -0.950800 -2.672500 -4.345500 -1.038400 -10.503700 -2.906600 -11.664900 
0.558000 -0.522000 -2.450400 -0.916800 -2.532900 -2.894400 -2.347200 -2.352700 -2.951200 -10.334300 -11.548500 -3.184800 
0.560000 -1.563800 -0.878100 -1.177400 -1.229800 -2.178400 -4.134400 -0.962900 -2.721600 -6.294100 -5.264100 -5.429800 
0.562000 -0.377600 -0.333100 -1.148500 -0.832900 -3.896400 -4.928300 -1.966200 -1.366200 -1.588600 -6.511700 -32.905700 
0.564000 -0.841700 -0.681200 -2.920000 -0.542200 -1.595400 -2.807100 -1.738800 -2.453800 -2.279200 -10.671100 -15.204300 
0.566000 -1.441700 -1.913900 -2.816900 -2.603600 -0.604300 -0.953000 -2.841100 -5.188400 -0.218700 -4.195100 -9.474100 
0.568000 -1.865000 -1.681200 -0.624800 -0.416500 -1.364100 -3.806900 -0.916400 -5.200400 -4.109700 -2.390500 -11.969800 
0.570000 -1.220000 -1.127800 -2.149400 -1.520400 -2.266000 -2.607800 -0.390200 -8.703800 -3.120400 -6.897100 -16.936900 
0.572000 -1.114600 -0.260800 -2.329900 -2.252400 -2.710900 -3.044000 -2.142500 -5.844700 -3.442300 -8.383500 -9.547800 
0.574000 -0.810700 -1.611000 -3.077700 -2.857100 -1.927600 -0.296600 -1.732200 -5.602200 -1.786500 -5.965800 -12.427400 
0.576000 -1.633200 -0.681900 -0.617500 -1.927700 -4.010300 -4.095700 -0.636800 -2.066500 -3.798800 -4.226300 -4.258900 
0.578000 -2.071200 -2.109400 -2.884200 -0.573000 -3.258100 -4.702600 -1.870500 -3.222300 -3.828600 -4.023100 -8.478200 
0.580000 -0.741400 -1.368700 -1.329800 -0.796600 -2.659700 -2.248000 -2.197500 -8.913800 -4.767200 -3.624800 -5.441600 
0.582000 -1.405400 -1.099100 -3.480900 -0.975900 -3.527100 -3.231200 -2.433700 -3.146400 -4.470300 -4.648900 -8.818600 
0.584000 -0.254900 -1.008900 -1.379200 -1.147700 -0.669000 -3.508200 -0.437000 -7.055000 -1.219900 -1.092700 -10.807400 
0.586000 -0.845600 -2.621100 -2.953200 -1.216300 -1.648400 -1.147900 -2.771700 -4.964100 -3.760100 -2.608100 -4.458600 
0.588000 -0.314400 -1.946600 -1.859900 -0.644800 -3.471600 -2.812000 -2.323800 -3.038300 -2.188000 -2.053200 -3.757000 
0.590000 -0.153600 -1.754900 -1.686000 -0.855000 -2.623200 -2.440300 -1.685100 -4.437600 -5.334500 -3.185600 -12.247400 
0.592000 -0.479600 -0.614200 -1.711700 -1.730200 -2.300100 -2.553900 -1.503100 -4.173300 -1.880300 -2.703500 -17.235700 
0.594000 -2.934800 -1.865700 -1.918400 -1.732800 -1.672700 -2.162200 -4.391400 -2.666300 -3.591700 -2.992200 -11.837900 
0.596000 -0.498700 -1.210900 -0.700200 -0.846300 -1.401600 -0.517800 -3.436300 -2.641500 -7.894600 -0.918000 -14.162400 
0.598000 -0.795400 -0.824600 -1.121600 -1.288400 -1.789600 -2.443500 -6.066400 -2.245100 -4.197200 -4.509600 -15.160300 
0.600000 -1.795300 -1.875800 -2.614500 -0.742800 -1.323000 -2.667300 -4.466300 -2.679500 -1.772000 -2.001900 -7.242100 
0.602000 -1.299600 -1.297800 -1.616900 -0.579700 -0.277700 -2.735300 -3.706800 -3.301200 -2.217900 -0.859000 -8.092400 
0.604000 -0.494900 -0.823900 -0.480400 -0.763000 -1.735700 -1.607800 -7.303200 -1.493000 -6.144600 -2.609200 -14.630100 
0.606000 -2.862300 -2.861400 -0.240700 -0.453000 -0.485900 -1.654500 -4.556800 -2.516800 -6.120700 -3.110700 -8.276700 
0.608000 -2.146800 -1.591200 -0.373600 -1.137300 -0.356600 -2.042700 -1.071400 -3.092400 -4.226500 -4.545300 -5.766900 
0.610000 -1.633500 -1.426600 -0.534700 -1.436300 -2.242400 -2.176200 -4.826500 -3.496800 -1.286300 -1.708600 -6.150600 
0.612000 -1.026700 -0.832000 -0.478700 -1.215400 -1.172900 -2.603700 -5.489500 -4.265100 -2.546900 -1.475400 -8.180400 
0.614000 -2.037000 -0.597300 -1.710300 -0.854000 -0.980100 -2.343600 -2.277600 -2.721600 -2.933500 -5.013500 -6.042800 
0.616000 -2.018600 -0.804600 -2.006900 -2.418200 -3.131700 -4.275900 -0.821000 -2.320600 -7.293800 -2.174100 -12.717200 
0.618000 -3.246300 -0.589500 -2.271300 -1.857000 -1.847300 -3.224200 -1.034600 -3.353900 -4.021900 -0.910100 -18.417500 
0.620000 -2.396300 -0.394100 -1.883900 -3.083800 -1.737900 -0.911800 -5.955700 -4.827700 -2.974800 -0.823400 -3.873100 
0.622000 -1.524700 -1.476200 -1.441600 -0.713000 -2.002000 -0.781200 -0.907600 -1.852600 -3.271800 -1.681900 -4.759100 
0.624000 -1.011500 -1.064600 -1.579100 -1.161100 -1.047900 -2.910400 -1.899000 -7.703800 -4.223000 -0.547800 -4.876500 
0.626000 -0.668800 -2.779500 -0.246800 -1.979100 -1.352900 -2.905200 -2.730100 -2.650400 -3.016300 -5.028700 -6.000400 
0.628000 -0.680400 -1.270900 -1.556500 -0.602800 -0.711800 -6.591000 -1.996900 -1.281200 -4.122700 -5.395700 -4.424100 
0.630000 -0.679200 -0.882700 -0.983100 -1.983600 -2.773600 -1.645200 -3.897400 -1.031500 -5.095300 -1.328300 -9.660300 
0.632000 -1.052700 -0.509700 -2.740400 -0.684400 -0.804000 -1.357300 -2.453900 -2.515200 -3.104000 -1.041700 -3.785000 
0.634000 -1.058000 -2.264900 -0.618500 -1.343500 -0.599800 -2.733700 -0.989200 -3.609000 -0.334000 -2.209300 -16.207600 
0.636000 -1.910800 -4.817600 -1.722900 -1.043900 -4.941100 -0.546600 -1.137000 -7.972500 -0.783800 -0.197200 -2.987400 
0.638000 -0.146400 -2.211300 -1.455500 -0.868900 -1.620900 -1.245300 -1.720700 -6.167400 -2.865600 -3.655600 -3.589600 
0.640000 -1.434100 -0.624700 -0.444400 -0.811100 -4.203400 -1.043400 -3.065400 -7.620600 -7.043600 -2.291900 -5.074300 
0.642000 -1.488300 -1.443700 -0.758600 -1.432900 -1.394500 -1.497200 -3.375000 -2.926000 -2.567200 -2.155700 -5.394900 
0.644000 -1.208900 -1.510200 -1.576600 -0.996900 -3.324800 -1.486400 -2.317000 -5.207400 -4.722300 -3.379800 -5.709500 
0.646000 -0.863000 -2.773800 -1.219200 -2.571100 -4.191900 -2.330200 -2.076100 -2.925600 -4.134700 -2.605500 -4.039300 
0.648000 -1.106100 -0.883200 -1.267800 -0.802600 -2.163600 -5.379400 -2.626700 -2.555900 -3.038000 -8.004300 -6.711900 
0.650000 -0.819900 -0.748500 -1.816500 -1.994100 -3.020300 -2.502600 -3.116000 -2.474700 -3.659800 -1.867200 -3.990600 
0.652000 -2.476700 -3.156600 -2.059000 -2.690200 -1.176800 -4.649400 -1.910900 -3.655300 -1.863700 -3.384400 -7.099200 
0.654000 -0.810900 -0.253900 -0.215800 -1.435000 -2.020800 -5.244600 -2.336300 -1.612700 -5.450000 -1.112700 -5.330000 
0.656000 -0.998300 -1.726800 -0.906200 -3.950700 -3.496000 -2.126600 -1.740900 -2.839600 -4.073900 -2.152400 -6.893700 
0.658000 -1.856200 -0.629300 -1.415800 -1.458800 -1.391900 -2.174200 -2.957400 -1.882400 -4.544100 -6.116700 -5.716100 
0.660000 -1.548100 -1.299000 -1.437000 -4.125000 -2.059900 -2.241000 -3.224000 -5.261400 -3.757700 -1.559400 -11.360800 
0.662000 -1.027300 -3.104800 -3.713100 -1.014200 -4.869600 -4.863800 -2.801900 -2.142700 -5.993800 -4.962400 -5.487700 
0.664000 -1.679500 -0.813400 -0.831000 -2.130300 -5.646300 -4.771600 -3.420900 -4.877000 -8.361700 -2.569700 -6.919300 
0.666000 -1.972100 -0.728600 -1.825300 -2.100700 -2.291500 -0.526100 -2.575500 -4.213600 -5.085400 -2.826700 -7.497600 
0.668000 -1.346500 -1.198700 -2.866000 -1.007900 -2.268600 -2.042900 -3.484900 -0.919400 -4.053400 -6.551000 -8.833800 
0.670000 -1.880800 -0.680800 -2.730200 -2.227000 -5.229300 -0.520000 -1.431000 -3.526400 -3.113600 -5.233200 -5.112100 
0.672000 -2.272300 -1.613500 -1.389000 -2.770200 -1.654700 -3.289800 -1.033500 -3.036000 -8.791100 -0.757200 -20.079200 
0.674000 -1.694300 -0.946000 -0.356400 -2.676700 -0.694200 -2.121700 -1.750100 -2.382100 -4.899700 -1.201300 -11.817500 
0.676000 -1.663800 -0.485600 -1.277600 -2.904600 -0.137400 -1.833600 -4.294500 -5.813700 -5.827800 -1.316500 -5.271300 
0.678000 -1.371000 -0.798900 -2.144900 -2.951700 -0.539200 -1.119400 -2.736100 -5.875900 -2.996600 -5.299600 -2.234500 
0.680000 -2.105300 -1.153200 -0.775500 -5.020000 -1.873400 -1.671100 -2.628700 -2.545000 -5.256600 -4.279700 -8.443100 
0.682000 -1.603100 -1.448800 -2.186400 -3.539900 -2.224100 -1.113200 -4.256500 -4.216600 -0.782300 -10.490700 -5.224800 
0.684000 -2.974300 -0.717000 -2.422300 -5.601700 -2.882100 -3.031100 -3.741300 -8.488700 -2.619300 -6.940100 -13.704300 
0.686000 -2.271200 -0.755900 -0.857500 -1.881400 -2.244200 -2.661500 -3.957100 -3.552500 -2.628800 -4.308300 -6.120400 
0.688000 -2.019600 -1.014100 -0.813500 -1.126400 -3.933600 -3.180700 -3.742800 -4.530500 -7.315500 -2.512600 -12.237600 
0.690000 -4.054600 -1.916400 -2.569800 -2.908800 -2.564200 -2.759400 -8.019500 -2.320000 -4.672200 -2.160400 -5.961100 
0.692000 -3.197800 -0.292800 -1.264700 -2.082100 -0.599100 -1.869500 -2.004200 -3.319000 -5.783500 -1.613200 -8.328000 
0.694000 -2.525800 -1.792900 -2.444600 -2.511000 -5.864300 -2.059800 -0.597100 -1.464700 -3.087400 -3.396800 -3.562800 
0.696000 -1.870800 -0.428600 -1.566000 -0.649300 -0.852500 -3.267200 -3.750000 -5.066800 -6.242000 -11.285900 -6.474500 
0.698000 -1.979700 -1.166800 -0.882900 -2.132800 -1.270300 -2.400000 -0.499600 -1.018200 -2.467700 -2.532300 -7.754500 
0.700000 -1.390100 -1.736200 -2.409700 -4.903000 -2.424500 -3.134300 -0.953200 -4.760500 -4.677000 -9.705100 -4.878300 
0.702000 -0.460800 -1.053700 -2.304600 -3.237400 -0.149000 -2.988300 -1.333000 -2.659500 -2.508800 -1.801400 -6.705100 
0.704000 -0.625500 -1.448400 -2.099600 -0.720900 -0.316700 -5.201700 -1.628600 -6.917700 -2.342000 -2.850000 -9.800400 
0.706000 -0.776300 -2.024800 -3.735000 -1.865300 -0.912500 -6.032100 -1.164200 -7.129900 -4.016600 -5.208400 -3.352200 
0.708000 -1.712400 -2.889900 -1.503700 -1.955400 -0.657400 -5.985500 -2.956900 -2.779400 -5.546700 -8.849400 -6.091300 
0.710000 -1.422100 -1.033400 -2.061500 -0.559900 -1.419100 -2.959000 -3.564700 -2.269500 -5.858700 -8.821600 -9.113600 
0.712000 -1.749500 -3.004300 -1.951700 -1.625800 -1.155900 -2.882000 -4.014200 -1.957000 -6.746800 -3.939600 -10.238900 
0.714000 -1.708800 -0.641800 -1.113900 -2.190100 -1.851800 -0.615000 -2.752700 -6.025700 -3.321700 -3.147600 -2.613800 
0.716000 -0.571500 -1.146300 -0.418800 -2.543200 -1.175400 -1.407000 -1.784000 -4.769100 -11.709200 -0.768200 -0.630900 
0.718000 -2.155900 -0.997100 -1.664800 -2.796700 -3.012400 -2.907000 -3.665700 -4.836300 -7.321600 -2.296200 -3.772100 
0.720000 -1.555400 -3.453000 -1.301300 -1.362500 -3.125600 -1.331700 -1.672700 -3.299700 -7.031400 -3.586900 -2.835300 
0.722000 -1.045600 -1.925100 -1.967400 -1.789000 -1.750200 -2.314700 -1.642800 -4.192400 -6.598100 -5.641800 -2.734400 
0.724000 -1.934700 -2.112700 -1.026000 -3.662600 -0.310100 -2.297400 -3.120600 -5.472800 -4.637300 -12.118800 -8.114600 
0.726000 -4.411400 -1.486100 -2.518200 -2.732100 -4.460000 -3.523500 -1.963200 -4.175500 -1.561000 -4.212000 -16.549600 
0.728000 -2.157300 -1.263100 -3.015400 -2.098800 -0.621000 -4.345500 -2.487200 -3.289200 -4.161500 -2.576100 -3.165400 
0.730000 -1.304500 -1.179500 -3.130200 -0.308500 -0.602200 -2.760700 -1.470700 -4.053200 -4.808100 -7.418800 -3.585800 
0.732000 -1.665300 -1.883800 -1.682100 -1.210800 -1.438800 -2.514900 -1.399500 -8.020500 -4.780900 -6.337700 -7.422900 
0.734000 -1.258300 -0.222800 -1.437800 -1.202100 -2.555000 -2.875300 -0.925800 -3.648200 -6.758800 -3.957000 -4.007100 
0.736000 -2.043300 -0.079600 -0.714600 -1.165900 -0.204200 -3.870900 -2.142600 -4.016000 -1.136200 -6.783800 -2.418500 
0.738000 -2.110300 -2.215300 -0.610400 -1.801700 -1.186600 -3.018900 -3.117600 -4.772300 -2.745700 -5.832400 -6.732200 
0.740000 -1.813500 -0.433400 -2.319200 -2.107300 -0.630600 -6.739800 -1.543400 -7.594700 -2.704900 -3.570400 -23.804000 
0.742000 -2.960700 -0.771100 -0.930900 -2.035100 -1.392100 -3.620600 -2.424900 -1.576600 -1.598400 -4.688300 -11.844900 
0.744000 -2.468200 -0.422700 -3.386000 -1.063300 -0.411800 -15.345900 -3.387600 -3.749800 -1.725800 -10.526300 -2.465700 
0.746000 -2.241900 -1.243500 -2.903700 -5.576800 -1.244600 -3.498500 -1.753400 -12.256700 -2.341600 -11.404800 -6.778100 
0.748000 -2.939200 -0.447400 -2.482500 -1.839400 -1.620100 -3.918700 -1.331900 -5.459300 -2.646300 -9.142400 -2.800300 
0.750000 -1.881200 -0.956900 -2.588000 -1.320200 -0.716700 -4.033300 -4.166000 -6.442000 -4.322600 -6.263600 -5.909400 
0.752000 -1.194200 -1.630200 -1.518200 -2.628900 -2.821800 -4.168700 -1.702800 -6.671300 -1.624700 -16.296100 -1.754800 
0.754000 -2.474500 -0.190900 -1.626800 -3.717000 -2.270900 -2.945600 -1.365200 -3.276200 -4.672700 -7.970600 -1.268200 
0.756000 -0.501100 -0.974200 -1.961200 -2.005300 -2.949300 -1.670500 -1.616200 -1.368300 -5.617200 -5.193300 -1.998400 
0.758000 -2.957900 -1.624100 -2.013000 -2.135800 -0.493100 -2.004500 -1.162900 -3.439400 -1.724100 -8.934200 -2.902500 
0.760000 -2.214300 -1.907300 -1.899400 -0.725300 -0.891400 -1.603400 -2.320200 -2.844000 -3.651100 -3.714200 -8.080500 
0.762000 -1.746000 -0.439700 -0.823800 -2.284000 -1.042300 -4.775800 -1.181300 -2.714900 -6.806900 -4.740100 -3.085800 
0.764000 -1.399200 -1.694900 -3.258200 -1.210300 -0.996500 -5.550300 -3.454500 -3.934700 -4.325500 -0.779000 -4.780800 
0.766000 -1.806900 -1.607900 -2.005300 -2.073500 -1.447700 -4.566300 -4.209800 -1.945600 -4.241100 -1.317200 -6.334200 
0.768000 -2.030700 -1.578300 -1.801800 -2.690900 -0.994300 -3.013200 -2.288500 -3.940400 -5.077100 -3.163600 -5.128800 
0.770000 -2.140100 -1.361900 -0.434800 -1.495100 -3.041300 -3.981600 -2.327400 -2.378600 -3.749600 -12.746600 -9.475000 
0.772000 -2.015900 -0.667700 -1.111700 -2.669100 -0.870900 -2.508000 -1.496100 -6.003500 -6.386200 -10.509600 -6.372000 
0.774000 -0.380900 -0.436300 -1.308800 -1.720800 -1.135800 -3.763700 -4.718400 -2.351200 -4.328200 -2.612900 -2.361400 
0.776000 -0.280500 -2.163500 -1.828400 -1.455700 -2.391600 -4.267100 -3.454000 -1.818100 -5.621700 -2.084600 -4.259800 
0.778000 -1.523500 -1.800900 -3.662500 -2.224800 -0.950800 -3.334700 -0.936500 -5.960800 -2.944500 -2.559600 -6.007000 
0.780000 -0.676200 -1.119400 -2.562600 -2.771000 -2.661600 -1.308900 -3.077300 -3.101300 -2.441000 -3.103800 -4.435100 
0.782000 -2.459500 -1.731100 -0.934500 -2.902400 -1.707000 -2.380800 -1.583200 -3.447400 -3.688700 -3.524000 -4.549100 
0.784000 -1.946300 -2.624800 -1.690600 -1.712300 -1.140400 -6.281600 -1.796300 -3.068400 -11.757100 -3.343600 -3.862700 
0.786000 -1.722500 -1.316600 -2.012500 -1.200000 -0.435600 -2.472500 -0.979000 -3.127700 -7.504800 -2.969100 -1.796100 
0.788000 -1.458000 -5.736000 -1.171200 -1.818800 -1.015500 -2.306100 -1.929900 -5.936200 -9.756600 -2.964500 -2.822200 
0.790000 -1.209200 -1.400600 -1.236800 -2.533000 -1.198200 -2.138100 -2.532000 -5.018700 -4.487300 -0.784400 -2.077400 
0.792000 -1.341000 -0.536100 -4.439600 -2.166300 -2.002000 -2.919600 -2.849800 -3.753500 -5.234200 -4.450600 -6.357400 
0.794000 -0.723100 -0.864500 -2.085400 -0.811800 -0.871100 -0.421400 -1.916300 -7.680800 -5.546600 -15.227800 -6.881400 
0.796000 -1.301900 -2.265800 -2.722200 -3.046000 -2.426900 -0.429900 -2.417500 -2.425800 -5.017300 -10.622000 -1.332500 
0.798000 -1.209600 -1.832600 -2.154800 -1.289100 -2.256500 -1.715200 -2.896100 -4.787700 -2.238400 -4.001100 -3.298500 
0.800000 -1.326000 -3.512700 -1.809700 -2.359500 -1.215100 -2.022100 -1.564300 -5.521200 -3.452800 -11.246600 -9.184200 
0.802000 -0.725900 -0.779600 -1.108100 -3.062700 -1.093200 -2.624000 -0.551900 -4.150900 -0.197500 -14.614600 -11.776200 
0.804000 -1.712300 -3.924800 -0.873300 -4.560400 -0.878900 -1.269000 -4.967300 -5.975500 -3.466700 -9.234300 -7.807000 
0.806000 -0.893100 -2.429200 -2.073600 -0.853800 -1.413100 -4.004600 -1.657700 -5.168600 -2.755300 -8.091000 -5.884900 
0.808000 -1.492600 -2.191400 -0.863600 -1.289900 -1.485000 -3.047200 -2.347100 -2.726000 -3.706500 -5.768800 -4.966300 
0.810000 -1.546200 -1.876100 -0.304000 -3.754900 -2.217300 -1.979000 -2.645700 -3.489800 -5.406300 -4.978800 -2.515300 
0.812000 -0.968300 -3.570400 -1.211600 -2.116500 -1.747700 -3.910000 -1.932600 -5.828000 -1.866000 -4.769200 -3.237400 
0.814000 -1.432000 -0.744300 -0.848500 -3.694500 -3.064500 -1.162800 -3.292100 -5.201700 -3.628900 -6.330600 -11.096600 
0.816000 -0.501400 -1.983800 -2.168400 -2.201500 -0.787000 -4.245900 -3.187100 -5.996900 -3.233000 -5.048300 -11.468600 
0.818000 -2.190100 -2.083300 -2.278200 -1.598400 -0.798300 -2.060400 -1.217900 -2.247100 -2.969200 -5.358300 -14.842700 
0.820000 -2.695200 -2.666500 -2.012900 -1.630000 -2.190400 -4.228200 -0.809700 -1.514700 -3.153900 -5.485800 -9.450100 
0.822000 -1.645200 -3.010200 -1.291000 -2.038200 -0.371200 -1.009200 -3.585800 -2.001300 -3.276100 -7.458400 -7.080900 
0.824000 -0.965600 -2.412600 -0.998900 -2.530200 -1.671200 -1.993200 -1.097200 -1.021900 -2.948700 -4.813300 -4.887700 
0.826000 -1.930800 -2.070500 -1.051900 -1.456200 -1.487800 -1.768700 -1.521600 -0.899000 -4.640400 -6.118900 -10.397800 
0.828000 -1.707000 -2.166600 -1.900900 -1.235000 -1.126400 -2.359200 -1.704400 -1.299100 -1.653000 -3.915900 -6.727500 
0.830000 -1.973200 -2.508000 -1.535800 -2.466400 -0.298100 -1.241200 -3.736400 -4.304400 -2.593600 -8.174700 -4.902100 
0.832000 -0.954800 -1.947300 -0.367600 -2.085000 -3.114400 -1.741400 -2.047000 -3.268500 -2.161300 -6.900400 -7.551600 
0.834000 -2.335500 -1.888400 -0.850900 -1.568700 -1.206500 -1.771000 -3.364700 -1.235600 -5.627500 -7.487000 -2.699200 
0.836000 -0.709700 -0.942200 -1.469800 -2.429700 -0.781800 -0.862700 -1.333100 -2.578900 -2.251100 -4.225100 -2.534900 
0.838000 -2.531000 -0.939200 -0.715000 -3.441300 -1.175700 -2.099600 -6.141900 -3.133500 -8.868400 -2.296500 -3.129800 
0.840000 -3.893900 -1.762100 -3.295500 -1.434600 -1.879000 -4.223100 -1.609600 -2.273100 -4.886000 -1.049300 -2.776200 
0.842000 -2.170300 -0.937100 -1.691700 -0.935700 -0.378800 -2.741000 -3.680400 -6.083000 -1.637600 -3.396000 -5.494600 
0.844000 -1.847400 -1.851600 -1.492200 -2.718400 -1.634900 -2.615200 -1.916400 -3.641600 -3.100800 -4.091700 -5.156600 
0.846000 -4.548200 -1.386500 -1.667900 -0.743200 -1.079300 -7.323000 -1.876100 -2.061500 -3.489900 -3.739000 -3.100200 
0.848000 -2.408500 -1.670100 -1.790200 -0.882500 -0.304100 -1.603400 -5.010900 -3.551900 -2.214700 -3.379800 -3.414500 
0.850000 -2.445400 -1.951600 -1.281400 -1.562600 -0.753500 -1.818800 -3.297200 -3.223100 -6.917000 -2.372100 -6.091000 
0.852000 -3.295200 -1.465800 -0.931400 -2.354500 -1.088700 -2.990200 -1.333400 -5.915600 -4.803300 -3.322800 -5.451600 
0.854000 -2.448900 -1.452100 -2.472100 -2.456200 -2.484700 -3.091000 -1.381200 -4.278100 -4.059200 -2.845700 -4.838600 
0.856000 -3.772700 -1.109600 -2.535500 -2.217000 -1.606700 -1.298200 -1.674300 -5.070300 -4.697600 -3.213000 -8.299000 
0.858000 -1.694200 -1.325800 -3.007700 -2.326400 -0.873600 -1.915000 -5.473300 -4.686800 -8.152800 -2.154700 -5.850300 
0.860000 -2.262600 -2.971600 -1.215500 -2.107900 -0.863000 -2.357000 -2.426200 -2.196800 -3.969900 -1.765900 -5.511300 
0.862000 -1.990600 -3.598200 -0.692400 -1.736900 -0.232000 -7.670900 -1.796800 -6.676400 -6.065300 -2.297700 -1.472400 
0.864000 -3.101300 -1.672100 -1.317600 -1.733000 -0.438200 -5.068400 -3.687100 -11.730200 -3.982000 -1.201300 -6.513700 
0.866000 -0.742200 -2.192500 -1.262100 -1.405800 -1.701300 -1.711000 -3.685400 -5.257700 -2.504600 -2.646200 -1.557400 
0.868000 -1.418000 -4.402800 -2.709200 -0.809100 -1.477400 -1.196800 -2.331000 -6.947900 -3.652500 -4.759000 -5.760600 
0.870000 -0.838900 -2.503700 -1.400600 -0.347100 -1.166300 -0.820100 -3.655400 -7.252800 -5.047200 -3.723000 -4.148600 
0.872000 -1.079000 -2.355000 -3.118300 -4.412500 -1.817700 -1.828300 -6.735500 -2.757500 -4.950200 -3.917400 -7.378700 
0.874000 -1.933700 -1.317200 -1.105200 -2.288300 -1.310300 -1.762800 -1.341100 -6.666400 -6.617100 -3.948500 -4.017000 
0.876000 -0.805600 -2.751600 -2.692200 -1.726700 -0.497700 -0.854500 -1.477300 -5.636100 -4.829000 -2.159900 -4.833000 
0.878000 -1.750900 -1.543500 -0.936300 -1.276100 -1.235900 -1.594700 -2.139200 -2.665100 -1.888500 -4.054200 -7.966200 
0.880000 -1.651600 -1.659400 -3.030200 -3.193700 -0.902600 -2.375100 -2.757700 -1.409300 -9.155700 -3.214000 -2.706800 
0.882000 -2.890800 -1.643300 -0.648900 -2.053800 -2.189000 -3.091900 -3.559600 -3.662000 -3.382800 -3.116700 -10.504100 
0.884000 -1.202200 -2.593600 -2.511600 -2.515400 -0.840900 -3.163900 -2.161800 -0.504800 -1.699700 -9.381400 -4.746600 
0.886000 -0.327100 -3.221600 -2.761300 -0.309200 -1.186300 -2.273100 -2.749200 -1.635600 -4.212200 -4.067800 -1.904300 
0.888000 -1.131200 -0.762300 -1.698900 -1.085400 -0.713000 -3.390900 -1.421400 -1.889300 -2.580600 -12.481800 -5.870800 
0.890000 -0.409400 -2.666200 -1.582800 -1.166000 -2.390800 -3.672700 -2.106500 -4.861100 -1.981400 -4.915900 -7.494800 
0.892000 -0.451000 -0.991300 -2.263500 -0.707000 -1.305300 -3.374700 -1.154200 -1.189400 -2.895500 -3.191800 -5.376700 
0.894000 -2.230700 -1.045300 -2.383700 -1.492300 -0.650500 -2.962500 -2.320800 -1.881100 -3.578300 -0.811600 -13.706900 
0.896000 -0.917000 -1.865000 -2.113700 -1.128000 -0.699700 -2.195500 -2.256300 -1.964700 -3.257000 -4.186700 -5.624300 
0.898000 -3.134400 -1.054600 -1.070600 -3.556800 -1.551200 -2.625600 -1.951100 -3.643400 -3.285100 -7.024200 -15.013600 
0.900000 -1.298800 -3.393900 -1.012400 -1.811500 -1.775100 -2.863200 -1.432600 -1.778600 -1.875100 -2.686400 -1.556400 
0.902000 -1.890500 -1.813400 -4.219500 -2.171400 -0.213300 -1.464300 -1.165000 -2.143100 -4.453500 -6.400300 -4.827100 
0.904000 -1.574800 -1.237900 -2.832900 -3.294400 -0.820500 -3.404700 -1.926500 -2.632300 -2.870800 -8.467000 -4.080100 
0.906000 -2.024500 -2.174900 -1.566800 -0.473500 -1.495600 -1.370700 -2.746300 -3.444900 -3.838400 -8.045700 -7.129800 
0.908000 -1.278800 -2.314600 -2.430100 -1.715100 -1.052000 -5.092700 -1.604600 -5.714800 -2.964600 -8.207800 -11.398300 
0.910000 -3.341600 -1.873100 -0.145100 -3.477000 -1.316700 -0.325900 -3.475800 -3.958900 -2.181300 -3.745100 -4.856900 
0.912000 -1.622200 -0.455000 -2.269400 -2.435700 -1.116200 -1.900200 -4.165500 -5.224300 -3.688700 -9.821500 -7.009300 
0.914000 -2.115700 -1.583900 -1.441300 -1.578400 -0.654900 -4.989900 -2.521900 -2.750000 -5.276800 -1.399500 -1.907600 
0.916000 -2.281900 -1.125900 -1.872300 -2.196800 -2.116000 -1.368500 -1.012400 -0.687800 -4.727400 -4.428900 -6.800000 
0.918000 -0.902900 -0.739000 -1.337400 -1.889900 -0.606100 -3.791500 -2.564300 -2.991000 -4.142500 -1.164600 -5.395200 
0.920000 -0.835100 -1.899900 -2.075900 -2.390800 -1.984200 -1.726200 -4.056700 -5.751200 -1.884900 -5.314900 -3.962000 
0.922000 -2.548000 -1.617200 -1.059200 -1.876800 -1.531500 -2.780500 -1.838400 -4.045700 -3.137900 -2.926900 -4.111300 
0.924000 -1.099000 -1.853300 -1.448600 -1.414500 -0.832400 -2.423900 -3.338800 -1.779800 -3.335300 -12.129400 -9.232400 
0.926000 -1.061900 -2.244400 -4.036100 -5.670700 -0.699600 -1.697600 -2.200900 -2.555500 -0.713500 -5.521900 -3.438500 
0.928000 -1.336300 -1.877100 -1.950400 -2.652400 -2.118600 -1.890400 -4.267700 -4.093000 -3.119100 -12.255700 -6.733000 
0.930000 -0.647800 -4.020100 -1.947000 -1.514700 -0.498500 -1.196100 -6.737900 -3.146000 -1.374100 -16.695600 -17.511000 
0.932000 -1.697000 -0.700500 -1.741100 -0.880000 -0.858400 -1.722600 -4.883600 -3.117900 -1.253800 -9.366500 -9.858100 
0.934000 -1.192400 -1.067200 -2.964700 -2.267700 -0.882400 -3.545100 -3.989600 -1.946700 -4.692200 -7.369800 -5.973500 
0.936000 -0.183300 -4.187500 -3.244500 -2.608200 -1.540200 -3.707500 -5.573800 -3.451000 -4.088600 -11.341500 -3.313200 
0.938000 -0.699900 -2.721500 -1.019800 -1.744500 -0.827400 -4.187600 -3.519000 -2.852500 -4.661900 -2.983000 -5.357700 
0.940000 -1.897700 -0.801900 -1.630200 -2.687900 -0.573800 -2.330700 -1.387600 -2.991300 -5.117100 -1.086400 -2.532900 
0.942000 -1.101900 -2.022700 -1.004200 -2.591200 -1.152200 -1.066400 -1.913400 -4.722100 -6.683200 -2.563800 -6.176200 
0.944000 -1.972400 -1.717600 -2.587000 -1.214600 -1.928200 -3.819900 -2.549100 -4.569900 -6.233500 -1.583300 -7.903700 
0.946000 -1.019200 -0.647000 -1.242700 -1.657800 -2.483400 -1.849100 -1.747900 -1.596100 -5.407000 -1.247100 -7.567600 
0.948000 -1.582700 -1.096900 -0.725000 -1.791700 -1.437600 -1.583000 -2.493500 -3.917200 -4.847700 -0.893300 -6.910800 
0.950000 -1.619100 -1.006500 -2.452900 -1.607800 -1.843800 -4.017400 -1.412700 -1.056500 -3.669700 -5.706100 -3.878800 
0.952000 -0.596800 -0.785700 -3.165100 -0.782100 -0.850000 -3.666600 -1.435600 -2.768700 -4.626700 -11.618200 -4.610800 
0.954000 -1.170300 -1.349300 -3.857900 -1.260100 -0.260300 -2.803400 -0.975200 -6.403200 -6.252700 -2.436300 -10.879600 
0.956000 -2.093300 -1.375100 -1.939300 -3.669400 -0.197300 -3.020700 -2.146600 -5.199500 -2.764000 -5.972200 -5.617400 
0.958000 -0.649200 -1.914200 -1.314300 -0.880400 -1.186800 -3.304800 -1.041800 -6.641100 -1.556900 -2.809000 -4.039500 
0.960000 -1.084800 -1.371200 -0.717300 -1.495600 -1.775200 -3.965400 -4.751800 -2.185200 -2.165400 -2.174900 -6.556000 
0.962000 -3.961800 -1.039400 -1.494900 -1.547800 -1.822900 -2.819900 -2.148600 -5.223400 -0.778700 -4.714100 -5.217700 
0.964000 -0.262200 -2.676600 -1.683300 -2.915900 -1.397600 -1.393200 -3.639100 -3.045400 -1.314900 -3.028400 -5.250100 
0.966000 -0.956100 -1.158400 -1.888900 -0.654200 -0.761400 -2.394600 -2.524800 -2.401700 -1.057000 -4.244400 -5.194100 
0.968000 -2.203800 -1.575600 -1.785300 -0.781500 -6.494800 -2.073400 -5.065500 -3.369500 -0.820600 -2.779200 -4.695900 
0.970000 -1.043900 -2.808000 -2.785900 -0.791300 -0.995900 -3.674800 -5.128600 -3.983800 -3.104700 -5.210700 -7.997700 
0.972000 -1.213400 -2.055700 -1.023300 -0.657300 -2.394500 -1.957300 -3.022900 -2.868200 -0.591300 -4.146800 -9.798100 
0.974000 -2.422600 -0.406000 -3.366500 -0.223700 -2.505100 -6.746500 -2.307800 -2.384000 -6.159900 -4.652000 -5.543600 
0.976000 -1.007300 -1.418500 -4.274500 -1.256700 -0.799800 -2.949800 -4.170600 -2.763900 -2.892700 -8.000400 -6.924500 
0.978000 -0.725100 -2.584700 -2.338100 -1.607200 -1.529300 -3.723100 -2.756700 -6.777100 -3.595900 -5.353700 -8.058900 
0.980000 -0.958400 -0.168000 -2.706300 -3.199100 -4.332700 -2.297600 -5.109200 -3.208600 -2.109800 -5.468700 -5.301500 
0.982000 -1.323700 -3.092800 -3.450300 -1.997900 -0.894900 -2.476300 -2.441400 -2.127400 -1.330200 -1.558900 -5.275100 
0.984000 -1.426300 -2.095800 -5.358700 -1.380200 -2.414100 -3.262300 -1.364000 -4.932900 -2.893500 -4.375200 -6.892800 
0.986000 -2.669100 -1.343100 -3.782000 -0.808900 -0.647400 -3.392300 -2.539200 -2.799200 -5.638900 -5.086100 -10.705900 
0.988000 -0.763800 -4.011100 -2.073200 -1.789700 -1.437700 -2.175500 -2.559700 -2.101000 -3.337000 -4.814200 -3.583800 
0.990000 -1.803500 -1.538300 -0.984400 -1.893600 -1.933400 -1.747600 -5.268300 -4.629700 -3.621800 -3.526700 -6.215300 
0.992000 -1.369700 -0.890700 -2.660000 -0.591700 -1.625600 -2.904800 -1.271400 -3.845500 -3.993800 -2.499000 -3.935900 
0.994000 -0.406300 -2.388500 -1.763500 -0.895000 -0.742600 -3.469700 -0.967800 -1.978300 -4.991100 -3.550600 -15.019600 
0.996000 -2.268500 -0.703200 -3.361800 -1.688200 -1.936300 -1.607900 -2.314500 -1.259500 -7.871300 -1.165600 -8.499700 
0.998000 -0.964000 -1.244900 -1.164600 -2.051300 -0.673700 -3.336200 -4.083600 -4.204300 -4.509200 -0.530500 -5.585600 
