# gradients (DV/DL) for lambdas: 0.0 0.1 0.2 0.3 0.4 0.5 0.6 0.7 0.8 0.9 1.0
0.000000 -0.997200 -1.588200 -1.864700 -2.046600 -1.317400 -3.000300 -2.253700 -2.842100 -3.793300 -4.426100 -7.614400 
0.002000 -0.852600 -1.903500 -2.118000 -1.659900 -0.623900 -1.492500 -2.721900 -2.429900 -7.522500 -6.341900 -26.709700 
0.004000 -2.016600 -1.735800 -3.595900 -1.025800 -1.743600 -5.282600 -7.495000 -3.881900 -3.709200 -4.499000 -12.650000 
0.006000 -1.758600 -0.507300 -0.948300 -0.867400 -1.709800 -2.082100 -5.805300 -5.090900 -5.194600 -5.974900 -7.978800 
0.008000 -0.728400 -1.162400 -2.662100 -1.412500 -2.019500 -1.726700 -5.315900 -4.518300 -3.574400 -3.496000 -9.394900 
0.010000 -3.948800 -5.904700 -0.345800 -2.411600 -4.061100 -2.029800 -5.158000 -7.314700 -11.949000 -6.381200 -18.408300 
0.012000 -1.467800 -1.066800 -2.630100 -2.331100 -2.766800 -3.647800 -3.211100 -1.936800 -10.974000 -6.718700 -13.076500 
0.014000 -1.286400 -2.507500 -1.047300 -1.327200 -2.172500 -4.808000 -1.369400 -4.172600 -7.334200 -3.069600 -14.708800 
0.016000 -1.356000 -2.783400 -1.790300 -0.624400 -5.818300 -5.551100 -2.515200 -2.163100 -2.921100 -5.802100 -17.128300 
0.018000 -0.960100 -2.766400 -2.387100 -3.097500 -0.835100 -2.882200 -2.274500 -5.389100 -11.675500 -3.253500 -6.953400 
0.020000 -1.716400 -1.051100 -2.121200 -2.064300 -1.725800 -1.194700 -1.438200 -2.443000 -1.850100 -1.193300 -6.656600 
0.022000 -1.595800 -1.556000 -1.029400 -2.018200 -1.539500 -1.928600 -4.266900 -4.093400 -6.408400 -15.038900 -24.321000 
0.024000 -1.363200 -0.913000 -1.935600 -1.047200 -2.576800 -2.848100 -6.306800 -1.007800 -12.422500 -15.008700 -5.934900 
0.026000 -1.131000 -2.003900 -1.412200 -2.863100 -3.794200 -4.543700 -5.801500 -4.601900 -2.355000 -8.676600 -14.767100 
0.028000 -0.561300 -2.809300 -1.723900 -3.086000 -2.212700 -0.992500 -2.735200 -2.127600 -2.420100 -8.068900 -5.233000 
0.030000 -0.872300 -1.703900 -1.410400 -3.768100 -2.217700 -1.474300 -0.449300 -9.484600 -5.983600 -8.582600 -16.488200 
0.032000 -3.877800 -1.139700 -1.478700 -2.222800 -1.294800 -1.945000 -2.882900 -0.712400 -6.488600 -5.711400 -1.474200 
0.034000 -0.917200 -2.275200 -3.508400 -1.361900 -1.574000 -2.530100 -1.447700 -3.567300 -4.984400 -4.515000 -5.751200 
0.036000 -2.032000 -2.656600 -0.371100 -1.515900 -2.913000 -1.388700 -4.318400 -2.354300 -2.203500 -5.300200 -12.222500 
0.038000 -1.885700 -1.797000 -0.988800 -0.917700 -0.407600 -5.869900 -1.551600 -3.239100 -6.219000 -6.847600 -15.984000 
0.040000 -0.883500 -6.303000 -0.426900 -1.845100 -3.256400 -3.379000 -1.034800 -1.684200 -6.896900 -7.026900 -4.682900 
0.042000 -0.354800 -2.180700 -4.045100 -3.923800 -5.169800 -2.904800 -1.148000 -11.323600 -8.816100 -13.759500 -20.347900 
0.044000 -1.952300 -1.768800 -1.580400 -2.712600 -2.613300 -3.327800 -2.433900 -3.025300 -2.043600 -4.030900 -10.298000 
0.046000 -0.727100 -1.875300 -1.411700 -1.124100 -1.746100 -2.287600 -0.831600 -5.350300 -6.442900 -4.849100 -10.828300 
0.048000 -0.860000 -1.149500 -1.305300 -0.827200 -0.280800 -2.188800 -4.595200 -8.610600 -5.373800 -5.162600 -6.427100 
0.050000 -3.160400 -1.887000 -0.987700 -3.941900 -4.387800 -5.848600 -4.120800 -5.223100 -4.924700 -8.506900 -24.069800 
0.052000 -1.828500 -2.027200 -5.799400 -0.375500 -1.280400 -6.012600 -4.414500 -0.952600 -8.198900 -8.487600 -14.534700 
0.054000 -0.790000 -0.263800 -3.260400 -1.658800 -2.436500 -4.023900 -3.446500 -3.995100 -5.840100 -3.376900 -9.893300 
0.056000 -2.244900 -2.102200 -1.738100 -3.197400 -3.405700 -2.525100 -4.874700 -6.619300 -8.601500 -4.531400 -6.766800 
0.058000 -1.863200 -1.483600 -1.035100 -1.485300 -1.561400 -3.481600 -1.941300 -4.814100 -7.257900 -5.909500 -8.908100 
0.060000 -2.774100 -1.009000 -2.867700 -3.418800 -2.164500 -1.329900 -1.739100 -3.451500 -4.841800 -14.498800 -9.112300 
0.062000 -1.460800 -2.772100 -1.383600 -1.403800 -0.415700 -3.667000 -2.281900 -1.770800 -6.260900 -7.704000 -9.760500 
0.064000 -4.112600 -1.011500 -1.449700 -2.242200 -0.539800 -2.152100 -3.361500 -5.599800 -8.473600 -12.224600 -15.853600 
0.066000 -1.888600 -1.388200 -0.901700 -0.994200 -0.208700 -3.311200 -0.831400 -4.264100 -4.106500 -8.723200 -11.162400 
0.068000 -1.272400 -2.383200 -1.882100 -2.383600 -1.875900 -3.255200 -1.864500 -3.510700 -8.283800 -5.696500 -32.512600 
0.070000 -0.712100 -0.465200 -3.677400 -2.329600 -2.456700 -6.261700 -1.173600 -2.819800 -8.274200 -8.496500 -11.754700 
0.072000 -1.310000 -3.193100 -0.964600 -3.261700 -2.804200 -2.171100 -0.471500 -4.072300 -6.090900 -11.710900 -13.537000 
0.074000 -4.004800 -1.327000 -1.042300 -2.682100 -1.592800 -0.937800 -1.505100 -5.649600 -2.313600 -9.900000 -8.737800 
0.076000 -1.132100 -0.513900 -1.045800 -1.240800 -2.255600 -2.981500 -4.806200 -10.647300 -4.033100 -4.935400 -4.721300 
0.078000 -2.115700 -0.514700 -2.680800 -2.734300 -0.732100 -2.294900 -2.801800 -0.969900 -2.603000 -2.103800 -28.069300 
0.080000 -1.533100 -1.381800 -1.024900 -1.431000 -1.944600 -4.660400 -2.809700 -5.340200 -10.166900 -9.290300 -19.786300 
0.082000 -1.140600 -2.723800 -1.116800 -2.573600 -1.691300 -1.016400 -1.237600 -9.061400 -4.075500 -2.424700 -13.641400 
0.084000 -0.378500 -1.153800 -2.239500 -5.175200 -3.096300 -1.584400 -2.369100 -1.310600 -6.113200 -4.128100 -14.954100 
0.086000 -0.590600 -0.882800 -2.521700 -0.871600 -2.142000 -3.963200 -5.321700 -5.011400 -7.793100 -10.063800 -13.746700 
0.088000 -0.469000 -0.725300 -1.419600 -0.559200 -2.165800 -1.126600 -3.193900 -6.285300 -1.873600 -4.028200 -6.342600 
0.090000 -2.485700 -1.509100 -1.159000 -3.338200 -1.727400 -3.217200 -3.279800 -3.636400 -8.366000 -3.501700 -6.833100 
0.092000 -3.121300 -1.229700 -4.462600 -3.550200 -2.352900 -0.884600 -2.329300 -10.910100 -4.380100 -5.146200 -13.966700 
0.094000 -1.052500 -1.404200 -2.115200 -2.088400 -0.645700 -1.524100 -2.348100 -3.636300 -2.917900 -11.775100 -23.757700 
0.096000 -1.287300 -5.116900 -0.718500 -1.195200 -1.882200 -2.154300 -3.714700 -0.993800 -5.370200 -7.142600 -18.676800 
0.098000 -0.239000 -2.588100 -1.104400 -2.547800 -0.780700 -1.235900 -8.381500 -2.197800 -3.791500 -4.611000 -26.567200 
0.100000 -0.700400 -0.364800 -0.542400 -1.312100 -0.820800 -1.627700 -3.015300 -1.944500 -2.955200 -4.472600 -13.261800 
0.102000 -0.549200 -0.890600 -2.273900 -0.515800 -3.221200 -0.542500 -3.063300 -3.514900 -3.031300 -6.337800 -7.991600 
0.104000 -1.067500 -2.067800 -0.602100 -2.934300 -1.029400 -0.978300 -1.894000 -1.775400 -2.902500 -3.792900 -21.402200 
0.106000 -0.762700 -2.416300 -1.232200 -2.928600 -2.354900 -0.846500 -2.239700 -8.011900 -1.621400 -4.088800 -4.019300 
0.108000 -3.136600 -0.906200 -0.787300 -2.242000 -1.553800 -2.321900 -5.052000 -5.912000 -0.834300 -4.302900 -6.025200 
0.110000 -1.243100 -2.819900 -3.423000 -3.031500 -0.241200 -2.396800 -1.385300 -1.976800 -5.705500 -12.225900 -8.241200 
0.112000 -2.753300 -1.267600 -2.253300 -1.450500 -2.105500 -0.805000 -3.089400 -6.455700 -0.821300 -6.593900 -14.593100 
0.114000 -2.308400 -2.541600 -0.709100 -2.213100 -1.636400 -3.873400 -0.964000 -3.083400 -3.458600 -1.473200 -9.705300 
0.116000 -1.920000 -2.909600 -1.529500 -1.009600 -2.303100 -1.515300 -4.061300 -0.834800 -5.517900 -4.406200 -36.940300 
0.118000 -1.044600 -0.894700 -2.388800 -1.390700 -2.267900 -1.459400 -3.178900 -1.462100 -4.757800 -4.822400 -11.804700 
0.120000 -0.261100 -1.404400 -1.455100 -0.599500 -3.359300 -4.349800 -3.781900 -3.445200 -3.134700 -5.419000 -22.472900 
0.122000 -1.535100 -3.250600 -1.383100 -2.426900 -2.433400 -1.238000 -3.392100 -4.494600 -3.358500 -4.110600 -17.268100 
0.124000 -1.717500 -0.941900 -0.787300 -0.256100 -5.541100 -4.691900 -2.816200 -2.842700 -3.484300 -2.538100 -13.917500 
0.126000 -0.781100 -0.971500 -1.062300 -1.550000 -2.731500 -3.563900 -2.144400 -8.102700 -2.781300 -2.315700 -15.341900 
0.128000 -1.252100 -0.954300 -1.583200 -0.817000 -2.338800 -0.569200 -3.799200 -3.381100 -4.678600 -1.065900 -18.369200 
0.130000 -0.463600 -3.733600 -2.305400 -2.218400 -3.598600 -1.994200 -2.129900 -1.453500 -1.788400 -1.642700 -6.552800 
0.132000 -0.955900 -1.303500 -2.363800 -2.200600 -1.092800 -1.054300 -2.932000 -3.469600 -3.058300 -3.590800 -10.375800 
0.134000 -1.137900 -0.715400 -1.715900 -4.057900 -1.894500 -2.194100 -0.707300 -3.428500 -6.443100 -5.118300 -12.069600 
0.136000 -2.752000 -2.108100 -1.136800 -1.931000 -2.279800 -0.974400 -2.178100 -3.965000 -5.968800 -5.210900 -11.329100 
0.138000 -0.845200 -1.132100 -0.704600 -0.817900 -0.795700 -0.372700 -2.257600 -3.292400 -1.083400 -2.019900 -14.279400 
0.140000 -1.426100 -2.005500 -1.802400 -1.602800 -3.919000 -1.042100 -2.780100 -5.584000 -9.360100 -2.054500 -23.846800 
0.142000 -1.656100 -0.448100 -1.912800 -1.993400 -0.306300 -1.443700 -3.032800 -4.905300 -1.978600 -8.368300 -27.700900 
0.144000 -0.673500 -1.160600 -1.821600 -0.754800 -4.158900 -1.896100 -2.929200 -4.085200 -6.465400 -5.453500 -11.147000 
0.146000 -1.172800 -1.022800 -2.086500 -0.329900 -0.732300 -1.331500 -2.621200 -5.048300 -2.580800 -4.016400 -20.013100 
0.148000 -3.735400 -0.877400 -1.933400 -1.536700 -1.203500 -1.452700 -1.008900 -3.777100 -6.109700 -9.201200 -11.806800 
0.150000 -2.547200 -1.882800 -1.786400 -2.532100 -1.651800 -1.654600 -3.819200 -3.847700 -5.677500 -4.076400 -12.070200 
0.152000 -3.180000 -1.765200 -1.575300 -1.019800 -2.427500 -2.573300 -0.718600 -4.271800 -2.120300 -4.514000 -3.654300 
0.154000 -1.747900 -2.790300 -3.243600 -3.501400 -3.245700 -0.443100 -5.578600 -5.562200 -3.218200 -6.813300 -7.494000 
0.156000 -2.093000 -0.488000 -2.336800 -3.708600 -1.730300 -4.096300 -2.356600 -1.673300 -2.280400 -3.171500 -26.350900 
0.158000 -3.165200 -2.920500 -2.871400 -2.266400 -1.210900 -4.139200 -2.764500 -2.199000 -2.972200 -2.755900 -12.135100 
0.160000 -2.825000 -2.527500 -0.965300 -0.866300 -3.749900 -2.942200 -2.232500 -6.495400 -5.226800 -6.873500 -15.450800 
0.162000 -0.764500 -2.205900 -2.486200 -1.584000 -1.426400 -4.369700 -3.694900 -1.790100 -9.909500 -17.222400 -42.432100 
0.164000 -1.381000 -1.048700 -1.710100 -1.672400 -0.610500 -4.597300 -5.055200 -2.862700 -1.704200 -4.353300 -8.793500 
0.166000 -1.382700 -0.870500 -2.646100 -1.598300 -4.046200 -1.139500 -2.670600 -2.132600 -5.267800 -5.084000 -15.672100 
0.168000 -2.733700 -0.838800 -2.498900 -1.253900 -2.072800 -3.627400 -1.698300 -4.977100 -7.606500 -10.509900 -16.396600 
0.170000 -0.671900 -0.704300 -0.516200 -1.412600 -1.311200 -1.011500 -2.421600 -2.764600 -3.937000 -3.307100 -24.412100 
0.172000 -1.141300 -2.899100 -2.863900 -0.985100 -2.973600 -1.332500 -4.242800 -5.440700 -3.569000 -1.167500 -24.559800 
0.174000 -0.995700 -1.016800 -1.650000 -1.039000 -3.837800 -0.611100 -2.751000 -3.085800 -7.086700 -2.184700 -22.144900 
0.176000 -1.056400 -1.189400 -1.390200 -0.520500 -1.695200 -0.391100 -1.903000 -3.380800 -4.436000 -3.272000 -7.435900 
0.178000 -0.319700 -2.489100 -0.601800 -1.818600 -0.686100 -4.102800 -7.588500 -2.139100 -3.349800 -9.202800 -18.624500 
0.180000 -1.096900 -1.519800 -1.666400 -2.074300 -2.665900 -0.639000 -2.348400 -4.261900 -5.946200 -9.239800 -29.961400 
0.182000 -2.603100 -1.327100 -0.992600 -1.404400 -2.213500 -2.283900 -2.200500 -3.084800 -3.727800 -6.645700 -17.433000 
0.184000 -1.491300 -2.658200 -1.624500 -2.025700 -2.129100 -6.361000 -5.811700 -1.578300 -4.376400 -1.203500 -23.137500 
0.186000 -1.823900 -2.677700 -1.851900 -2.363300 -3.393500 -2.096600 -1.217600 -6.757400 -6.076700 -13.780600 -18.366700 
0.188000 -1.942900 -1.964100 -1.050600 -0.477100 -5.465700 -1.623600 -3.170200 -8.582900 -9.661000 -6.835300 -10.794100 
0.190000 -1.994700 -2.125500 -0.363100 -1.561100 -0.771000 -0.608000 -7.975100 -5.615200 -1.105300 -12.383400 -20.308900 
0.192000 -2.275600 -1.411800 -1.926400 -1.293000 -2.042100 -0.578700 -5.926900 -4.285500 -7.848900 -4.919500 -47.217300 
0.194000 -2.101800 -1.056900 -3.870000 -1.569100 -4.231200 -1.673900 -5.096500 -1.170200 -8.636200 -3.578900 -21.940500 
0.196000 -0.908100 -1.832800 -2.525200 -2.266200 -2.827400 -0.402800 -1.722900 -3.208500 -4.148400 -8.623300 -4.739400 
0.198000 -1.609200 -0.732200 -3.367600 -2.454600 -1.063700 -1.338800 -2.525800 -2.804200 -11.610600 -9.201200 -12.053300 
0.200000 -1.685900 -1.761300 -2.615000 -1.087500 -1.414800 -2.070600 -4.105400 -3.582200 -8.497500 -7.788800 -16.071900 
0.202000 -0.906100 -0.358900 -2.923300 -2.395900 -2.255400 -4.092700 -3.830400 -5.246500 -3.991000 -0.688000 -6.037900 
0.204000 -2.067900 -2.506300 -1.105100 -1.261400 -1.382800 -4.054800 -2.811400 -4.559900 -1.833400 -1.840600 -14.866700 
0.206000 -2.187500 -0.656400 -0.673000 -3.182900 -1.917100 -1.934000 -7.417500 -3.885200 -3.325100 -1.313600 -9.295200 
0.208000 -1.748300 -0.978700 -1.351200 -0.837000 -1.908900 -0.745600 -9.392300 -1.558300 -7.709000 -2.939800 -24.688400 
0.210000 -2.553600 -1.458500 -3.856400 -0.995900 -0.564500 -4.476200 -6.184500 -3.958500 -5.905500 -3.258200 -14.110700 
0.212000 -1.126000 -1.578900 -2.535800 -1.609400 -0.355700 -2.447500 -1.014800 -6.448600 -4.990600 -0.670500 -11.512500 
0.214000 -1.610300 -2.506700 -3.010400 -3.318100 -2.175000 -0.727700 -7.152400 -1.118000 -4.227100 -3.812600 -12.977100 
0.216000 -0.856900 -1.620300 -2.727500 -1.309800 -2.059800 -0.883400 -7.080200 -1.451700 -2.944900 -7.947600 -40.921500 
0.218000 -2.419500 -0.264500 -0.660000 -1.676100 -3.347900 -2.522000 -4.842800 -3.620700 -4.644700 -2.249300 -7.895100 
0.220000 -2.214600 -2.521600 -1.042000 -0.621600 -2.262900 -2.247200 -9.813200 -1.242800 -9.586700 -22.495100 -9.403800 
0.222000 -2.958100 -2.600400 -1.098600 -1.654200 -2.103800 -6.377100 -2.834000 -0.836100 -4.255800 -4.058800 -8.755100 
0.224000 -1.348700 -2.214700 -1.447400 -2.054100 -1.901400 -2.165700 -1.305600 -2.084200 -4.882100 -3.416900 -3.639300 
0.226000 -0.620100 -1.003800 -1.484000 -4.276300 -1.313900 -1.025000 -1.912100 -2.123300 -4.283300 -10.649600 -10.015100 
0.228000 -2.130500 -0.775300 -1.172400 -1.828300 -3.117600 -3.320500 -3.350500 -4.386000 -9.102900 -2.361000 -2.766700 
0.230000 -2.552500 -1.118600 -2.643300 -1.304800 -2.344700 -1.628700 -2.799100 -2.783200 -3.721800 -2.899900 -4.741500 
0.232000 -1.766600 -0.637200 -3.201900 -1.119600 -3.756800 -1.268500 -3.246900 -5.017800 -4.296800 -2.319800 -21.496500 
0.234000 -4.473800 -1.395100 -1.907000 -2.296900 -4.841200 -1.529100 -1.863600 -4.358300 -6.278100 -2.093800 -6.786200 
0.236000 -3.565100 -2.173400 -0.797100 -2.481200 -1.636900 -2.634100 -5.972000 -5.448100 -5.000600 -2.628700 -14.638800 
0.238000 -1.504700 -0.890200 -1.874200 -1.178700 -0.659900 -3.017800 -6.138600 -4.248400 -5.954500 -4.016400 -12.247900 
0.240000 -1.766900 -2.479000 -2.059600 -1.549300 -1.674800 -2.972500 -5.033200 -4.218700 -6.783300 -5.743100 -31.159900 
0.242000 -1.018900 -0.722900 -2.234700 -2.337900 -4.818400 -2.575200 -4.329200 -4.237900 -5.036100 -0.298100 -29.015600 
0.244000 -3.127200 -1.094100 -0.683900 -1.364200 -1.079700 -2.028300 -2.517400 -6.146200 -3.294400 -2.102100 -28.684200 
0.246000 -0.728800 -2.265700 -1.880700 -1.236800 -1.505400 -1.388200 -2.647800 -2.338800 -11.423200 -0.932400 -25.245100 
0.248000 -1.187800 -2.129000 -1.125700 -1.522700 -0.985900 -1.817000 -3.633700 -4.605100 -2.974500 -12.089800 -24.602100 
0.250000 -1.241100 -0.885300 -1.322500 -2.155400 -4.310400 -4.906800 -4.936300 -3.562700 -2.191600 -6.796900 -5.178500 
0.252000 -0.729700 -1.375300 -1.714200 -3.861200 -1.322700 -1.403000 -1.896300 -2.670300 -5.544600 -1.589100 -13.981900 
0.254000 -0.611700 -1.485500 -1.511000 -1.109100 -2.411600 -4.374900 -3.149600 -7.995800 -7.884400 -7.768700 -22.511800 
0.256000 -1.070200 -2.998800 -3.042000 -1.208900 -4.545100 -1.888500 -1.392400 -4.787800 -3.584100 -4.489600 -38.882800 
0.258000 -1.731800 -0.960800 -2.791600 -2.220600 -1.100300 -2.264900 -9.783200 -9.879800 -0.521100 -6.417600 -27.799600 
0.260000 -0.968200 -1.219200 -2.881500 -1.415200 -1.992100 -3.061700 -5.478700 -5.666300 -3.759200 -9.745400 -26.932900 
0.262000 -0.751900 -1.192600 -2.115200 -0.732300 -3.107000 -6.293600 -4.656700 -3.290400 -6.615000 -3.983600 -28.950000 
0.264000 -0.992400 -2.623500 -1.734300 -4.325800 -2.193900 -2.457500 -4.341700 -3.886600 -2.207000 -6.873200 -27.562000 
0.266000 -1.427300 -3.137400 -0.716000 -0.403700 -0.676600 -2.231400 -4.719500 -3.483500 -8.970600 -1.493200 -14.375700 
0.268000 -0.974600 -0.700600 -1.579800 -4.017300 -3.252500 -1.018300 -1.019300 -4.641700 -2.936900 -11.080900 -9.060900 
0.270000 -1.392400 -1.872500 -3.740500 -0.761400 -1.404000 -3.029300 -1.759800 -2.105200 -2.780000 -2.945000 -7.285000 
0.272000 -2.241400 -2.274800 -1.907400 -1.110500 -0.863300 -2.709200 -4.724900 -7.534200 -5.143800 -1.549600 -15.689000 
0.274000 -0.652300 -0.792500 -1.182600 -2.999700 -1.578400 -0.606500 -2.988000 -9.743100 -13.543100 -5.723600 -22.519800 
0.276000 -1.376300 -0.567500 -2.113300 -2.506300 -4.621900 -2.122100 -5.711700 -4.643600 -5.649500 -2.463300 -6.719300 
0.278000 -1.840300 -0.865100 -1.194300 -1.333700 -1.761100 -0.870700 -2.350300 -5.887500 -3.408100 -2.891600 -5.074300 
0.280000 -1.568300 -2.425500 -2.151200 -2.092400 -3.053600 -0.435600 -4.477300 -3.948400 -7.794700 -5.942200 -3.946300 
0.282000 -0.692600 -2.997500 -2.802200 -1.333000 -3.831700 -1.031600 -3.340800 -2.048000 -2.718600 -4.561400 -2.436500 
0.284000 -1.880200 -3.078500 -1.110100 -2.701900 -1.831600 -0.926600 -4.626700 -4.617300 -7.363100 -4.698000 -4.442700 
0.286000 -3.256300 -2.298100 -1.571100 -1.331700 -2.121100 -0.747900 -2.422200 -3.941600 -1.279300 -8.709400 -7.027100 
0.288000 -1.053700 -1.887100 -2.112200 -1.012100 -1.557400 -2.561300 -5.022700 -5.376500 -5.232000 -2.310700 -9.382000 
0.290000 -1.630200 -2.480800 -0.523800 -3.927700 -2.928100 -4.543200 -12.143700 -3.288700 -15.870200 -5.302500 -6.313900 
0.292000 -1.906300 -3.344300 -1.437000 -0.567100 -2.453300 -1.875300 -2.967400 -1.790900 -3.596200 -4.703500 -4.902900 
0.294000 -1.329300 -5.383800 -1.204900 -2.111200 -1.121700 -1.590500 -1.034700 -1.951500 -2.443700 -0.916200 -8.333000 
0.296000 -0.570800 -2.254600 -1.540100 -1.855500 -2.557400 -3.127600 -1.352700 -7.169000 -1.589800 -10.890900 -2.715500 
0.298000 -2.772400 -0.555700 -2.817900 -5.497800 -1.191500 -1.833400 -3.908400 -3.809000 -8.174600 -3.023400 -7.876600 
0.300000 -1.334200 -0.484400 -1.966200 -3.076500 -1.701900 -4.670100 -3.113900 -2.802300 -6.593400 -12.378200 -9.371100 
0.302000 -2.535200 -1.272300 -2.469100 -2.115300 -4.455100 -3.175600 -5.545700 -6.384900 -6.692600 -9.859600 -8.422100 
0.304000 -0.358200 -1.932700 -2.317200 -3.222800 -1.861900 -3.200900 -3.663200 -4.623700 -12.271100 -7.319800 -12.766100 
0.306000 -1.827000 -3.520700 -1.906100 -1.669400 -1.789000 -1.894900 -4.236300 -3.448000 -13.859500 -4.159400 -13.217500 
0.308000 -3.375000 -1.578300 -3.014200 -0.717300 -1.849600 -5.575600 -6.896200 -6.277800 -5.750800 -7.771900 -7.683200 
0.310000 -1.887800 -2.971900 -3.450800 -0.442300 -1.223300 -1.344700 -3.090100 -4.078100 -1.247200 -5.592500 -5.562800 
0.312000 -3.572500 -1.199400 -4.831600 -0.471900 -1.852200 -0.438500 -5.851000 -2.961300 -13.003000 -6.064800 -35.621500 
0.314000 -4.881900 -2.791700 -2.847000 -1.576600 -2.131400 -2.015200 -6.903500 -6.505400 -2.599200 -4.487000 -5.480000 
0.316000 -1.333300 -1.481400 -1.597900 -2.548800 -1.098400 -2.406800 -4.876400 -6.769900 -2.851900 -4.341900 -10.033800 
0.318000 -3.897300 -1.298800 -2.368400 -2.225700 -2.960400 -1.253900 -8.407500 -1.400900 -6.181700 -3.603100 -7.466700 
0.320000 -2.371000 -0.526800 -1.201600 -2.364400 -1.592100 -1.182400 -7.549100 -1.329900 -7.432300 -5.951700 -17.910700 
0.322000 -2.935000 -1.774400 -0.615500 -2.123700 -1.127900 -3.688300 -3.908500 -9.471900 -4.634800 -2.448300 -15.229300 
0.324000 -0.417000 -2.057300 -2.002300 -3.189700 -2.590300 -1.844000 -4.405700 -6.014900 -3.537000 -6.207900 -16.002800 
0.326000 -3.548900 -1.953000 -1.573500 -1.635100 -1.931400 -1.189800 -3.482800 -2.941700 -3.931200 -5.639000 -13.049500 
0.328000 -1.151500 -4.673000 -4.886100 -0.770000 -2.530400 -0.902100 -5.024300 -6.559200 -13.990000 -6.440300 -9.164500 
0.330000 -0.311700 -2.416700 -2.310500 -2.371500 -0.634700 -2.137700 -8.952100 -1.914300 -5.403000 -4.984000 -13.205900 
0.332000 -0.968100 -0.733000 -2.628700 -2.704300 -5.015300 -1.977900 -2.955200 -4.821600 -7.564200 -9.090600 -12.504200 
0.334000 -0.827700 -0.767600 -2.500600 -4.364700 -3.520600 -5.380400 -2.515300 -3.888100 -3.344200 -10.254800 -13.015500 
0.336000 -1.440000 -2.142800 -3.436000 -0.628800 -2.026700 -0.745700 -6.865800 -1.198900 -5.938000 -5.036900 -22.302100 
0.338000 -1.217200 -0.982600 -2.285900 -1.192200 -2.302200 -2.840300 -6.992000 -3.544900 -4.769900 -3.972800 -12.002900 
0.340000 -2.669700 -1.250500 -1.079400 -0.919500 -2.848800 -0.657000 -10.534300 -5.350400 -2.652200 -7.429100 -17.315400 
0.342000 -3.047300 -1.641500 -0.525600 -2.683500 -2.267900 -2.065100 -5.623300 -4.893100 -2.015400 -7.297300 -12.633000 
0.344000 -0.936200 -1.098600 -2.234400 -4.424700 -3.089000 -3.565100 -3.472000 -1.402800 -4.446000 -5.586600 -23.029900 
0.346000 -1.308300 -1.851700 -1.516600 -0.996600 -0.465800 -10.915100 -2.102200 -2.629600 -3.244100 -8.182300 -5.997900 
0.348000 -2.927200 -1.279500 -2.190100 -2.103500 -3.304800 -0.448100 -4.954300 -4.551700 -4.209800 -3.048800 -19.472800 
0.350000 -0.673500 -1.284900 -1.347200 -1.063100 -1.290500 -1.803100 -4.154100 -1.434700 -5.881400 -2.418000 -3.822200 
0.352000 -1.685600 -1.897100 -2.949200 -1.155700 -0.954600 -2.809400 -5.046100 -1.985500 -4.111500 -6.410100 -4.819100 
0.354000 -0.924900 -1.541100 -1.702800 -3.125500 -1.958200 -0.648800 -3.563600 -5.055000 -2.542800 -3.936200 -19.772800 
0.356000 -2.085100 -1.523700 -1.170900 -0.940500 -3.046500 -0.843800 -6.718200 -1.407100 -7.728100 -7.397300 -9.401900 
0.358000 -2.026400 -0.754200 -2.328700 -3.303700 -0.375100 -3.372800 -6.214100 -2.044200 -4.331500 -7.321100 -3.871400 
0.360000 -1.464900 -2.709900 -1.440300 -0.704200 -3.754500 -1.110800 -9.966300 -3.918300 -1.787300 -1.911600 -4.388100 
0.362000 -2.046300 -2.351300 -2.166600 -1.201900 -0.675700 -3.215300 -7.068900 -4.490500 -3.029600 -7.467000 -9.853500 
0.364000 -3.179700 -2.044800 -1.379700 -2.241000 -0.758700 -2.775500 -5.723600 -5.259800 -2.373200 -3.004600 -16.676800 
0.366000 -2.078000 -3.667100 -2.494900 -4.241900 -2.096200 -1.794400 -3.507600 -3.828800 -6.888400 -11.086800 -18.639000 
0.368000 -0.902500 -0.864800 -0.896800 -1.498600 -2.219900 -3.094400 -6.862100 -1.997800 -5.446600 -5.661200 -24.339500 
0.370000 -0.265100 -1.573500 -2.771400 -2.604600 -1.668100 -2.035700 -3.814300 -1.808300 -13.813800 -6.268300 -6.145400 
0.372000 -0.916200 -1.384500 -6.576500 -2.764900 -1.007700 -1.581600 -6.730600 -2.683000 -12.382200 -6.036900 -3.320400 
0.374000 -1.160800 -1.762900 -1.906100 -2.917800 -3.564700 -1.632300 -5.334100 -4.758900 -7.427700 -7.000700 -11.598500 
0.376000 -1.353700 -2.358400 -2.938800 -2.107600 -2.090400 -1.099000 -2.601600 -1.012000 -2.821000 -6.623300 -4.996800 
0.378000 -2.865900 -3.873100 -4.251900 -4.007300 -3.585800 -4.142700 -7.194200 -2.124300 -1.296500 -4.669300 -13.137600 
0.380000 -1.717000 -1.113300 -5.712500 -4.738800 -2.807400 -1.461200 -4.195000 -1.700700 -4.103400 -7.824000 -5.344300 
0.382000 -2.610000 -2.256100 -3.142400 -1.871200 -2.210800 -0.223600 -2.674600 -1.327400 -1.487800 -7.620600 -4.324700 
0.384000 -3.657400 -2.503200 -4.164000 -1.882500 -3.980400 -1.830400 -2.454100 -2.893400 -2.018100 -5.302200 -10.796100 
0.386000 -0.985400 -0.890900 -3.085900 -3.218900 -2.170700 -2.708500 -2.900400 -0.824600 -2.326400 -5.658800 -16.018300 
0.388000 -2.616600 -2.146300 -0.224900 -1.973600 -3.461900 -2.285700 -0.845400 -3.775000 -4.565900 -18.168600 -5.181300 
0.390000 -2.244800 -2.433200 -0.758400 -1.106400 -1.607600 -2.944500 -2.153100 -1.327800 -7.507000 -19.753400 -8.737900 
0.392000 -2.403900 -3.129200 -3.597000 -2.914600 -1.392700 -2.289300 -3.309800 -3.941700 -5.021000 -5.920300 -4.617200 
0.394000 -1.009900 -1.548300 -1.554100 -1.650400 -5.217300 -4.097600 -2.229400 -1.130600 -1.170600 -17.410600 -15.959400 
0.396000 -3.688600 -1.841500 -1.451600 -1.404500 -2.737200 -2.129600 -3.674900 -2.798400 -2.271400 -25.149100 -15.218300 
0.398000 -2.048700 -1.648000 -2.703000 -0.640200 -2.765800 -0.739800 -4.849100 -2.864300 -2.358300 -7.571700 -16.315100 
0.400000 -3.537600 -1.664500 -2.652600 -1.715000 -2.236900 -4.021200 -4.388700 -6.026000 -3.456700 -7.450300 -7.279500 
0.402000 -0.936800 -0.852200 -1.072700 -2.695000 -3.047200 -3.037400 -0.742800 -3.743200 -1.051600 -4.963200 -11.509200 
0.404000 -1.161300 -2.746200 -3.032500 -2.207900 -2.623500 -1.648000 -3.457900 -3.516000 -5.241100 -4.630200 -28.957200 
0.406000 -2.241400 -1.059900 -1.015700 -0.889900 -1.769400 -3.793500 -1.557100 -2.120300 -0.755900 -4.165900 -8.094900 
0.408000 -1.101300 -1.291900 -3.259700 -1.840600 -2.466900 -3.760800 -4.688800 -0.559500 -4.639300 -16.869200 -11.757700 
0.410000 -0.671300 -0.917700 -0.802200 -3.011700 -3.390100 -4.801700 -2.499400 -2.754500 -1.668000 -5.046100 -8.950500 
0.412000 -2.219400 -2.200600 -3.195100 -1.202100 -2.915000 -2.885200 -2.016300 -1.935200 -6.210300 -13.713200 -16.448600 
0.414000 -1.420700 -2.146200 -1.984000 -2.331000 -2.789500 -5.065800 -4.267900 -4.210300 -6.015300 -9.435100 -8.869900 
0.416000 -1.813600 -2.702400 -2.659400 -1.705200 -4.472200 -2.669300 -1.841000 -2.636800 -4.316800 -10.891700 -6.702100 
0.418000 -1.020600 -1.582900 -1.842700 -1.665500 -3.025800 -1.304300 -3.511500 -6.965100 -3.431200 -11.221400 -8.245500 
0.420000 -0.968400 -1.235000 -2.758000 -1.163300 -1.502000 -2.940800 -2.321400 -2.436600 -5.593300 -9.672100 -7.074800 
0.422000 -3.137000 -0.818500 -0.977000 -3.957300 -2.395900 -3.257400 -5.932200 -3.852300 -6.298100 -6.975300 -5.528500 
0.424000 -1.668900 -2.805800 -1.964400 -0.648100 -1.119100 -4.587600 -2.433800 -4.989000 -6.263300 -12.738800 -7.063100 
0.426000 -2.465200 -0.926600 -1.247700 -1.745000 -3.695300 -2.054600 -5.362800 -1.561400 -3.224100 -3.458500 -7.243600 
0.428000 -1.572300 -2.047500 -3.775900 -1.957700 -3.314500 -4.070400 -4.161100 -5.107600 -4.309600 -9.141900 -8.297200 
0.430000 -1.156800 -1.126400 -2.629900 -1.584400 -3.659500 -2.023300 -1.767500 -3.166600 -4.793900 -13.572600 -17.325700 
0.432000 -0.922500 -1.233300 -2.028400 -4.273800 -1.494800 -5.202000 -2.795200 -1.372900 -3.675500 -14.758000 -2.789200 
0.434000 -2.784700 -2.634900 -1.444700 -2.575600 -2.400400 -2.180400 -2.573900 -2.235600 -4.151000 -5.922900 -4.621300 
0.436000 -4.381200 -2.726000 -3.454200 -1.186000 -2.688400 -7.632200 -2.630800 -3.671700 -7.503300 -10.480300 -6.074400 
0.438000 -1.940200 -1.407100 -0.933900 -4.281700 -4.229700 -3.033800 -4.091500 -3.921700 -2.359400 -3.572000 -6.721300 
0.440000 -1.694800 -1.303700 -0.548900 -3.609100 -7.166400 -1.991400 -5.418000 -1.606200 -5.979900 -5.336100 -3.752200 
0.442000 -2.685000 -0.424000 -1.802100 -1.515400 -5.209100 -1.751900 -1.045300 -3.969400 -5.407600 -2.591200 -5.796600 
0.444000 -2.054600 -1.610900 -1.725800 -3.299300 -1.334800 -2.944400 -2.922100 -1.224600 -6.054700 -1.173900 -12.487800 
0.446000 -2.073800 -2.594600 -0.957600 -2.140200 -3.010400 -2.059800 -2.901100 -2.199600 -3.188700 -2.231800 -12.289600 
0.448000 -2.234900 -2.146000 -1.068300 -1.790100 -1.913600 -5.252000 -4.691000 -4.569600 -6.724100 -1.448800 -8.025400 
0.450000 -1.911900 -0.410200 -1.822500 -1.510200 -0.485100 -4.413000 -1.135400 -4.191200 -6.505600 -2.869300 -18.039000 
0.452000 -1.457600 -0.657500 -3.008200 -4.994700 -3.069600 -2.253200 -3.226600 -5.368700 -9.210000 -3.054900 -13.478700 
0.454000 -1.679500 -2.906400 -1.090700 -0.973800 -4.084300 -2.379500 -1.522700 -3.426800 -1.427300 -6.597900 -6.671500 
0.456000 -2.423000 -1.099200 -1.969300 -3.946900 -4.341100 -2.815900 -10.408700 -2.795000 -1.359700 -7.873900 -7.831600 
0.458000 -0.636700 -2.645600 -1.068300 -2.377800 -2.423400 -2.528800 -3.958300 -9.302400 -1.019700 -6.173100 -4.838000 
0.460000 -2.056800 -0.841900 -1.533000 -2.497000 -3.258300 -3.654300 -2.390300 -8.109000 -3.615000 -2.642600 -15.513800 
0.462000 -2.130800 -3.863600 -1.860900 -0.200700 -1.703700 -2.675400 -1.466700 -9.179200 -2.867800 -6.581300 -8.412800 
0.464000 -1.620900 -2.187200 -1.557500 -1.780700 -0.923900 -2.195600 -1.784200 -7.387900 -1.935400 -5.102700 -19.374700 
0.466000 -2.288200 -2.035000 -1.684200 -3.690400 -1.013300 -2.455200 -4.162500 -11.002500 -6.295700 -12.148300 -9.385800 
0.468000 -1.347400 -1.285600 -3.798800 -1.607600 -2.628600 -3.937900 -3.717200 -5.275700 -7.371000 -6.318600 -13.546600 
0.470000 -1.316400 -3.993400 -3.375300 -2.293800 -1.411600 -1.450600 -4.573100 -3.612700 -2.308600 -7.906500 -47.335200 
0.472000 -0.834900 -2.548500 -1.565200 -4.213000 -0.835500 -0.397500 -3.358300 -8.839300 -1.769200 -17.135300 -6.639100 
0.474000 -1.258700 -1.022500 -3.010700 -3.680200 -1.842600 -0.710500 -5.045000 -4.866300 -3.110200 -6.692700 -11.580600 
0.476000 -2.109400 -1.116600 -1.359900 -2.190200 -3.735500 -3.447400 -0.488500 -5.962400 -4.667900 -6.183300 -4.167700 
0.478000 -0.849200 -0.899300 -0.994400 -3.152000 -3.106400 -0.487700 -0.972800 -2.753200 -4.566300 -2.225200 -1.953200 
0.480000 -0.615100 -2.008600 -1.623400 -1.505600 -2.414400 -1.009300 -4.013500 -11.310200 -5.306900 -6.184600 -4.976100 
0.482000 -2.630400 -3.677500 -0.933500 -1.750000 -1.112000 -2.063400 -1.483900 -6.677000 -2.871600 -5.056800 -4.590000 
0.484000 -2.005800 -1.256900 -0.904100 -3.038500 -2.954900 -1.409500 -7.174800 -4.630200 -2.380700 -15.172900 -27.715000 
0.486000 -1.768100 -0.671300 -0.471400 -1.777000 -2.925500 -1.768000 -3.950800 -3.822300 -1.434000 -3.717600 -5.201500 
0.488000 -0.689900 -1.166200 -0.519700 -2.045100 -1.162200 -0.851300 -3.026200 -6.255100 -1.394200 -18.318200 -5.541100 
0.490000 -0.797700 -1.626700 -1.153000 -0.565300 -1.682500 -4.096400 -4.061600 -5.733300 -6.815500 -9.346600 -11.521100 
0.492000 -1.147600 -1.630700 -1.458800 -3.314000 -1.778600 -1.779000 -3.268600 -2.937600 -1.333600 -8.970500 -10.911800 
0.494000 -1.632300 -2.158300 -4.584100 -1.772500 -3.538000 -2.285000 -2.643500 -3.295600 -8.700400 -18.912000 -3.364400 
0.496000 -4.499000 -2.690000 -1.590600 -2.270600 -4.010800 -1.455300 -2.306000 -5.088600 -1.539100 -3.050100 -26.338800 
0.498000 -1.852100 -1.112500 -1.146500 -2.503900 -2.233600 -3.196800 -1.494900 -4.128300 -3.430800 -5.826600 -11.193300 
0.500000 -2.087100 -2.595500 -1.489400 -2.095800 -3.671200 -1.812700 -1.484200 -3.581900 -3.017200 -2.777400 -15.986800 
0.502000 -1.399000 -0.340000 -0.936900 -2.009000 -1.557300 -2.418800 -2.554600 -10.895200 -3.686800 -1.665900 -6.419900 
0.504000 -1.593500 -0.687500 -0.447700 -3.221500 -2.175300 -3.614100 -3.465900 -4.794200 -5.221200 -2.066500 -7.387000 
0.506000 -0.882100 -2.999200 -1.071300 -3.581100 -2.146300 -1.990200 -2.707000 -7.599600 -9.147600 -19.460300 -5.936000 
0.508000 -3.158900 -4.243100 -0.734700 -2.238900 -2.900200 -2.496200 -1.925400 -12.300500 -6.539600 -3.422600 -6.027500 
0.510000 -2.582600 -2.445600 -1.244400 -0.607500 -1.225900 -0.826100 -1.848700 -6.522800 -2.714600 -6.033800 -22.315900 
0.512000 -1.292700 -0.268800 -1.203600 -1.221900 -0.946400 -6.024100 -3.123300 -7.667200 -11.160700 -17.109100 -5.913300 
0.514000 -2.020900 -1.884600 -1.358400 -4.360300 -1.425600 -6.226700 -2.226000 -4.010000 -6.970600 -12.503800 -10.055400 
0.516000 -3.026600 -1.821500 -2.735100 -1.672400 -1.605100 -4.114700 -3.762400 -7.321100 -5.854800 -5.641700 -7.928000 
0.518000 -2.563700 -0.379900 -1.130300 -3.398500 -4.452400 -1.527700 -0.667400 -5.653400 -4.284900 -3.521800 -5.537100 
0.520000 -3.696300 -2.207500 -1.417100 -2.142100 -4.477200 -3.869000 -2.220400 -6.805800 -5.636000 -11.163200 -9.164900 
0.522000 -1.512700 -1.266500 -1.801600 -3.820900 -2.679100 -1.720300 -3.266400 -4.606700 -3.418700 -4.387600 -4.267800 
0.524000 -0.587300 -1.258000 -2.379800 -4.027300 -3.802900 -4.738600 -2.138600 -9.740900 -4.612000 -9.290800 -3.035100 
0.526000 -2.143700 -0.888500 -2.298200 -3.228500 -0.942400 -2.340700 -1.448600 -8.178200 -1.978500 -6.111300 -2.960000 
0.528000 -1.427300 -0.781300 -1.768300 -1.673100 -1.465600 -1.943900 -1.862100 -5.607100 -4.404900 -9.777300 -5.038200 
0.530000 -1.297400 -1.608400 -1.741700 -2.485100 -0.799800 -0.514500 -1.023400 -7.403400 -7.324200 -7.269000 -3.729100 
0.532000 -2.011800 -0.880200 -1.669800 -1.182000 -3.072900 -2.583500 -2.649700 -6.426700 -6.648100 -5.101400 -10.460800 
0.534000 -0.970400 -1.189600 -2.078600 -1.217000 -1.608100 -1.599400 -1.354600 -10.331200 -13.899400 -1.596000 -16.378800 
0.536000 -1.618400 -2.182500 -1.334300 -1.742900 -2.016800 -0.887100 -2.278500 -3.203400 -10.087400 -3.719400 -6.615000 
0.538000 -1.253800 -1.022100 -1.268000 -2.574700 -2.475900 -5.041100 -3.567700 -12.973700 -7.581700 -17.299800 -36.186000 
0.540000 -2.400300 -0.688600 -1.114700 -2.232500 -3.195600 -1.218400 -7.674700 -12.970700 -4.835500 -5.086100 -10.466700 
0.542000 -2.994400 -0.395400 -1.401300 -1.531000 -4.077800 -5.444900 -3.431800 -9.490100 -6.098500 -6.471000 -12.644300 
0.544000 -1.656300 -1.386400 -1.219800 -2.545200 -0.775900 -4.453100 -6.066900 -5.455800 -13.047800 -8.707600 -18.551500 
0.546000 -1.209700 -2.436300 -1.214200 -2.023100 -2.494200 -1.503800 -8.559000 -7.810400 -4.068300 -3.246900 -7.831900 
0.548000 -0.466500 -1.663300 -3.025800 -1.286000 -3.328900 -2.214500 -6.720300 -8.929500 -10.399400 -6.606800 -14.905100 
0.550000 -2.486700 -1.952300 -2.682100 -2.393400 -2.006100 -3.263600 -1.813100 -9.001300 -2.973900 -8.164600 -11.960000 
0.552000 -2.178200 -0.813200 -2.905000 -0.817700 -1.792700 -4.392300 -1.617200 -5.896900 -3.272400 -1.365800 -5.954900 
0.554000 -1.491400 -1.126800 -1.556000 -1.767400 -1.583300 -1.977700 -4.360200 -15.503100 -8.396900 -4.811600 -4.532000 
0.556000 -1.315500 -2.009000 -4.310500 -1.048000 -1.942000 -1.846500 -0.871600 -5.645800 -3.945500 -10.438900 -8.541600 
0.558000 -3.110600 -1.349600 -0.482000 -2.330800 -1.515200 -5.122900 -3.579100 -7.924900 -7.618300 -4.266900 -14.490300 
0.560000 -3.214000 -2.548600 -3.140100 -0.568500 -1.616900 -1.342200 -3.489600 -5.965500 -16.248500 -8.321400 -8.625200 
0.562000 -2.462300 -1.342300 -1.811100 -2.505100 -0.859800 -2.554800 -3.387900 -6.710900 -2.088200 -3.441900 -10.698600 
0.564000 -1.780100 -1.950600 -0.742600 -0.330700 -1.359700 -1.742600 -3.135300 -4.853800 -2.584800 -5.886600 -5.790800 
0.566000 -2.994100 -2.446100 -2.809900 -1.903300 -1.837500 -2.983500 -0.761700 -6.209600 -4.356200 -13.205900 -17.296500 
0.568000 -1.728100 -1.464900 -2.870000 -2.897200 -2.880500 -0.575600 -2.451400 -3.796300 -6.132700 -10.293800 -17.183000 
0.570000 -0.576500 -0.558400 -0.636100 -1.859600 -1.229600 -6.381600 -1.150300 -3.451700 -3.892300 -10.576700 -9.827600 
0.572000 -0.654700 -0.808700 -1.799300 -0.891800 -1.580400 -2.050800 -6.164200 -3.985300 -6.186000 -4.025400 -5.406500 
0.574000 -0.833200 -1.302900 -1.198800 -1.431000 -0.564400 -4.171400 -5.534800 -3.350700 -4.533200 -4.170700 -18.557100 
0.576000 -1.388000 -1.090100 -1.621900 -1.641300 -1.819600 -2.706200 -3.551000 -7.089700 -7.500900 -4.504600 -8.730200 
0.578000 -1.269800 -0.921100 -0.844800 -1.477400 -3.096300 -1.960300 -1.068900 -3.510900 -7.826800 -4.783600 -11.204400 
0.580000 -3.837200 -2.338700 -1.448500 -2.630700 -2.293800 -4.029200 -4.297900 -3.456500 -3.223700 -5.147600 -18.450300 
0.582000 -1.968300 -0.882400 -2.943100 -1.265700 -1.752100 -3.653300 -2.457700 -2.135100 -6.567700 -12.063200 -3.437300 
0.584000 -1.589600 -0.386800 -3.223000 -0.886100 -1.077500 -0.415700 -4.128900 -3.709300 -3.769900 -5.428800 -7.941500 
0.586000 -1.708600 -2.456600 -1.977900 -2.511300 -0.686700 -2.940900 -5.223100 -1.865000 -7.622500 -2.150300 -17.113900 
0.588000 -1.681200 -0.763400 -4.560500 -1.466400 -1.516200 -1.888700 -1.962100 -4.179400 -5.111000 -3.960400 -10.468900 
0.590000 -1.328600 -0.784000 -5.607300 -2.259100 -3.260000 -1.012400 -2.125000 -6.059900 -3.055100 -11.034100 -13.412300 
0.592000 -2.146600 -1.529400 -3.102400 -1.208000 -2.847700 -1.993400 -5.332600 -7.868200 -5.521900 -11.680200 -18.066000 
0.594000 -0.821000 -2.843700 -2.580500 -2.264600 -3.078200 -1.306200 -1.994100 -1.880000 -5.259400 -18.689500 -14.971800 
0.596000 -3.911100 -1.411800 -0.896300 -1.845500 -1.409600 -2.580500 -2.775600 -2.759200 -2.856700 -14.476300 -11.867500 
0.598000 -1.176100 -3.461800 -2.782000 -1.510400 -3.382700 -2.071600 -3.364900 -2.397700 -2.904400 -2.544900 -16.968600 
0.600000 -2.004700 -1.241500 -2.523200 -1.219600 -0.721700 -3.504000 -1.726100 -3.200900 -16.013800 -18.450900 -13.155800 
0.602000 -1.998600 -1.385900 -3.070500 -1.097900 -3.665400 -0.609400 -3.052800 -1.787100 -6.790700 -1.757400 -8.787400 
0.604000 -2.443200 -1.853900 -1.798600 -2.201400 -0.806000 -3.424000 -1.944300 -0.796000 -1.562600 -3.769000 -14.519500 
0.606000 -0.833000 -0.320700 -3.570700 -2.586800 -1.999400 -2.678900 -2.726200 -0.333700 -2.306000 -4.687600 -17.478400 
0.608000 -0.427800 -1.497500 -1.615600 -1.016300 -2.785100 -1.890200 -2.528900 -3.773500 -2.113900 -6.012100 -3.133700 
0.610000 -2.324100 -1.189700 -3.359500 -1.106400 -1.971400 -3.236800 -4.065500 -8.684700 -10.743300 -2.877000 -4.579200 
0.612000 -0.870800 -1.257700 -3.870600 -1.715200 -1.172100 -2.911400 -1.521200 -4.230600 -7.439500 -10.563500 -6.348600 
0.614000 -2.204600 -1.465000 -1.495400 -2.094400 -3.075600 -2.914600 -2.688400 -4.149200 -3.382900 -2.419600 -10.391400 
0.616000 -3.539600 -1.176000 -3.325100 -1.099300 -1.733200 -3.367800 -4.689900 -8.025300 -5.931600 -1.155800 -6.505100 
0.618000 -1.205500 -2.356500 -1.177400 -3.219000 -3.693800 -2.297500 -3.625400 -4.665000 -1.885500 -7.645000 -4.513300 
0.620000 -2.752100 -3.285600 -0.679700 -1.753900 -4.623700 -4.743600 -3.923100 -7.100000 -8.148400 -6.281900 -14.569900 
0.622000 -1.694200 -2.276700 -1.597600 -1.446200 -2.137500 -6.842400 -4.471200 -8.978500 -1.765400 -2.754300 -12.448800 
0.624000 -3.919400 -1.393900 -3.524200 -1.368000 -2.135200 -3.223500 -2.064600 -6.657700 -9.505000 -18.534500 -4.245600 
0.626000 -1.373700 -0.368500 -4.992800 -1.353200 -0.948500 -6.039600 -2.239700 -3.527400 -6.179700 -28.597800 -6.304100 
0.628000 -3.972800 -2.472400 -1.949700 -0.624500 -2.970500 -3.454500 -3.075700 -4.705900 -4.607700 -13.288100 -12.722500 
0.630000 -1.669100 -0.904100 -5.346200 -1.452300 -3.540400 -4.134400 -1.592600 -9.391900 -2.542300 -5.721500 -6.109900 
0.632000 -2.763200 -1.249500 -3.735600 -2.307400 -0.765300 -7.555800 -3.709900 -2.427200 -5.980300 -4.212100 -12.031700 
0.634000 -1.069200 -2.232500 -3.030100 -0.220400 -6.116400 -3.289900 -3.297600 -4.318800 -6.237800 -4.551600 -19.036300 
0.636000 -1.048900 -4.564700 -2.701700 -1.447100 -0.909500 -2.258700 -5.767400 -4.758800 -8.653300 -6.254500 -9.613600 
0.638000 -2.704000 -0.564500 -2.693100 -2.045200 -2.031700 -4.006500 -4.591700 -4.738900 -3.312100 -7.790900 -6.970700 
0.640000 -1.421300 -2.353100 -3.522200 -2.147900 -4.362100 -2.518500 -3.995600 -1.597600 -3.855300 -8.186600 -5.015400 
0.642000 -3.513900 -1.167900 -2.012200 -1.760600 -4.454200 -3.047500 -4.145100 -2.673500 -3.731300 -8.960300 -12.105900 
0.644000 -1.230000 -0.633400 -1.223600 -1.087200 -3.472300 -2.161700 -4.791900 -8.472700 -4.769700 -7.415400 -11.901800 
0.646000 -2.065900 -3.013500 -0.789000 -2.061800 -2.374100 -4.541800 -1.157700 -5.757600 -5.826400 -2.726700 -11.710100 
0.648000 -1.520300 -1.768800 -1.129900 -2.461100 -0.697400 -1.688200 -2.000100 -3.198500 -3.961700 -2.505000 -7.435100 
0.650000 -1.393000 -1.060300 -1.393300 -1.536300 -2.368800 -1.864100 -9.718100 -4.724400 -2.948200 -0.744900 -9.797400 
0.652000 -1.155000 -1.422500 -3.158500 -1.539600 -1.616800 -2.822000 -2.125500 -5.131900 -7.733200 -3.537200 -11.395800 
0.654000 -3.380300 -2.345000 -2.039200 -3.563800 -3.090100 -2.569700 -4.245300 -3.882700 -2.921000 -2.475400 -11.912700 
0.656000 -2.308100 -1.328300 -0.617400 -4.118300 -1.378600 -4.488800 -5.677200 -6.204700 -11.194400 -3.718400 -4.167200 
0.658000 -0.917100 -2.117200 -4.214700 -1.225600 -1.309500 -2.068600 -4.521500 -12.140900 -10.511500 -7.941000 -4.516500 
0.660000 -1.055300 -1.719400 -1.477200 -1.067000 -1.832500 -1.402800 -3.818900 -10.453900 -1.944600 -4.848200 -10.729700 
0.662000 -1.318400 -1.213800 -3.383400 -1.202700 -4.274800 -0.726800 -2.304100 -6.062700 -3.826000 -2.723800 -7.293600 
0.664000 -1.524200 -2.471600 -2.017300 -1.040400 -1.313900 -0.441800 -1.330300 -7.575100 -8.873500 -5.386300 -16.215200 
0.666000 -2.006400 -0.892000 -2.141500 -0.990400 -3.344000 -3.241500 -2.104600 -5.517400 -1.939300 -4.496000 -22.199900 
0.668000 -1.821100 -1.873000 -4.516400 -0.444900 -1.806000 -2.166700 -2.521600 -4.296100 -2.560900 -5.205100 -4.699700 
0.670000 -0.647400 -0.966900 -2.301300 -1.446400 -2.145200 -1.058100 -2.791600 -6.002600 -4.870800 -7.058700 -4.994800 
0.672000 -1.314600 -0.980100 -3.391600 -2.245600 -4.286800 -3.922200 -1.548200 -4.130500 -6.007800 -4.591100 -9.825600 
0.674000 -2.989900 -0.908500 -2.767400 -2.926900 -2.899600 -3.173900 -5.008000 -8.338800 -8.280400 -5.442600 -2.684200 
0.676000 -3.702600 -2.449600 -4.609700 -1.024800 -0.950900 -1.057400 -4.909000 -5.771700 -7.431600 -8.405800 -19.033500 
0.678000 -0.636700 -1.051300 -2.296600 -2.294200 -3.057200 -1.742300 -5.137700 -7.052300 -8.076700 -3.765000 -21.620200 
0.680000 -2.036300 -2.064400 -1.555400 -0.780200 -0.941000 -0.575300 -1.039800 -3.468900 -9.234500 -5.079600 -8.175300 
0.682000 -1.721100 -2.647900 -1.306100 -1.976200 -1.165900 -3.667000 -4.661400 -5.119700 -4.609800 -2.824700 -17.581900 
0.684000 -1.596500 -2.136300 -1.136600 -2.683800 -3.561300 -4.176200 -4.236400 -4.936100 -5.596700 -2.145200 -16.492900 
0.686000 -1.029000 -1.570300 -2.279100 -1.626100 -1.130800 -1.609000 -4.083900 -8.560100 -4.199000 -10.707300 -11.919100 
0.688000 -1.543300 -3.335500 -1.379500 -3.295700 -1.816800 -2.068800 -4.367300 -8.560700 -3.657900 -6.065100 -10.331700 
0.690000 -0.840800 -1.244100 -0.923700 -2.775000 -1.987800 -4.844900 -5.762700 -6.994200 -3.701800 -3.279300 -21.992700 
0.692000 -3.985100 -2.631300 -5.225200 -1.894200 -1.852800 -5.249800 -5.770000 -2.662400 -4.641700 -8.229400 -19.094700 
0.694000 -0.978300 -1.586600 -2.416900 -1.898400 -1.513500 -2.345300 -5.587100 -6.558200 -11.737000 -5.164900 -28.786700 
0.696000 -0.761300 -0.787800 -0.877900 -3.192600 -1.546700 -0.974400 -5.560800 -8.397400 -4.574500 -0.666900 -17.229900 
0.698000 -1.042900 -1.410800 -2.144100 -3.688500 -2.578800 -8.386400 -4.351900 -2.277900 -2.038200 -9.708600 -12.308400 
0.700000 -2.920400 -0.635800 -1.055400 -2.149500 -3.280300 -2.382600 -8.097700 -6.570300 -4.063700 -3.967800 -22.465100 
0.702000 -1.571100 -0.462800 -5.063800 -4.020100 -1.517900 -5.659800 -4.204800 -4.179500 -3.652800 -6.815300 -24.272300 
0.704000 -1.230000 -1.805300 -2.151000 -2.242500 -2.414700 -4.776600 -2.255100 -5.308400 -9.711600 -1.253800 -25.459800 
0.706000 -1.117800 -1.248400 -3.846000 -1.830600 -2.075600 -5.182900 -3.733700 -1.154300 -6.196500 -6.380300 -19.038700 
0.708000 -0.860100 -1.841700 -0.686100 -2.786800 -1.923600 -5.055300 -1.660200 -4.350100 -4.616500 -5.179900 -12.873400 
0.710000 -2.057900 -0.841700 -3.088900 -1.216000 -1.207500 -4.741500 -3.660700 -5.575700 -4.761200 -3.817400 -12.032500 
0.712000 -1.666500 -1.277200 -2.711600 -2.170500 -1.351400 -1.582000 -2.217300 -6.872000 -4.264900 -5.285800 -12.116700 
0.714000 -1.400600 -1.029400 -1.390200 -3.010400 -1.820500 -1.683200 -3.709600 -4.751300 -3.302200 -8.762400 -8.405300 
0.716000 -0.375500 -2.526200 -2.703100 -1.930600 -1.183900 -2.368000 -6.168400 -7.143100 -5.353700 -5.373600 -11.087900 
0.718000 -1.535700 -3.564300 -0.915400 -1.176500 -2.287000 -2.218100 -6.639400 -11.512400 -2.353600 -3.938300 -10.912000 
0.720000 -0.652800 -2.695300 -1.952900 -1.679300 -3.141100 -3.453900 -3.684600 -2.949400 -6.474600 -5.641300 -11.922400 
0.722000 -1.044700 -2.032900 -1.503100 -1.455800 -1.330500 -3.776500 -4.268900 -11.080700 -4.407000 -10.414600 -4.955400 
0.724000 -1.987600 -2.552400 -1.876500 -1.835000 -1.760400 -2.115600 -3.600000 -5.092800 -3.390300 -17.544200 -4.200300 
0.726000 -0.438100 -1.889800 -2.895800 -1.823300 -1.702900 -3.093800 -5.806500 -6.782500 -4.788800 -8.090700 -7.973200 
0.728000 -1.005900 -0.888100 -2.285900 -0.792500 -2.750000 -3.549800 -1.179000 -8.382100 -1.925300 -7.102400 -12.470600 
0.730000 -1.414400 -0.854100 -2.265300 -6.626800 -2.706800 -4.096700 -2.143300 -5.548700 -6.041500 -2.753600 -15.719700 
0.732000 -1.014000 -2.336400 -1.496800 -1.948000 -2.391300 -4.346000 -3.969200 -4.794300 -3.341500 -1.639800 -11.613000 
0.734000 -3.198900 -2.185900 -0.771500 -1.582300 -2.039700 -3.201600 -7.167700 -5.124000 -5.303800 -2.978900 -11.853600 
0.736000 -3.988000 -3.450800 -0.911400 -1.447600 -1.376800 -3.902200 -0.914700 -6.580200 -6.794500 -1.406100 -8.510000 
0.738000 -1.932000 -0.880600 -2.124600 -2.490300 -1.892600 -5.676100 -1.758200 -2.590200 -6.718200 -7.054700 -11.965300 
0.740000 -0.558400 -3.112600 -1.087300 -2.272800 -1.310300 -2.266500 -3.665300 -3.409900 -5.100000 -12.050000 -11.872400 
0.742000 -1.695400 -3.286600 -3.047500 -1.477700 -1.808200 -4.092700 -7.384100 -5.991400 -7.838000 -3.636600 -11.366500 
0.744000 -2.203600 -3.214100 -0.712300 -3.564600 -1.536900 -3.032900 -3.092900 -5.411100 -10.840200 -11.724100 -17.738300 
0.746000 -2.444600 -1.740300 -1.489200 -0.749200 -2.575200 -4.643900 -3.160800 -5.556400 -1.937300 -2.985400 -7.506200 
0.748000 -2.253800 -3.726800 -1.108700 -1.594600 -1.460200 -5.439600 -3.795700 -5.125200 -2.477200 -3.836600 -3.799200 
0.750000 -2.982500 -2.287100 -2.894700 -2.067400 -5.161700 -2.120300 -2.257700 -5.732700 -5.676600 -0.647700 -9.271800 
0.752000 -0.680200 -0.689700 -3.581100 -1.681500 -3.626900 -2.707300 -2.232200 -8.108500 -7.282300 -3.189800 -12.214100 
0.754000 -1.639400 -1.487900 -1.389200 -2.950800 -0.300200 -4.524700 -2.629000 -5.017900 -10.876500 -2.468400 -16.837200 
0.756000 -3.937200 -1.843200 -6.802100 -2.009300 -1.073500 -7.304400 -1.598100 -6.020500 -8.504000 -2.748500 -21.225900 
0.758000 -1.981100 -1.307600 -3.342500 -0.828800 -2.647100 -2.960300 -2.664400 -4.770900 -6.093900 -6.406400 -27.802400 
0.760000 -0.887100 -1.526500 -2.322900 -1.370400 -0.445500 -8.666100 -3.764600 -4.694700 -4.270500 -6.765000 -16.769800 
0.762000 -1.738900 -2.234200 -3.026300 -3.237900 -0.674400 -4.455900 -1.515000 -5.559600 -4.155800 -0.939900 -18.664900 
0.764000 -1.802100 -1.240400 -3.045600 -1.244000 -1.016200 -4.778500 -3.001500 -3.861500 -8.651700 -1.796000 -9.655400 
0.766000 -1.861000 -2.956300 -2.006400 -1.234700 -4.136800 -3.025100 -3.289100 -3.660400 -2.038900 -1.425000 -10.684400 
0.768000 -1.467800 -2.418200 -3.312400 -0.306100 -2.009000 -4.222300 -5.236200 -5.851400 -3.789300 -16.250400 -7.886900 
0.770000 -0.374200 -3.286500 -1.971500 -1.551600 -1.657900 -2.139700 -1.916800 -1.472700 -11.081900 -4.084400 -12.992800 
0.772000 -0.710500 -0.286500 -1.614300 -2.482500 -0.493100 -1.077400 -3.742800 -6.181400 -3.024300 -3.083200 -14.016900 
0.774000 -3.216800 -3.069800 -2.439800 -2.932400 -0.664800 -3.606400 -4.592300 -2.632500 -8.460100 -5.653900 -5.493000 
0.776000 -1.101200 -0.939600 -2.403500 -2.427100 -2.267900 -3.824300 -2.251800 -4.807300 -5.952800 -10.254400 -5.662500 
0.778000 -0.701900 -0.951000 -1.943100 -3.500800 -0.604700 -6.007700 -1.865500 -5.108200 -3.950800 -4.197300 -2.084100 
0.780000 -0.954300 -1.154700 -1.136100 -1.657800 -3.327600 -11.954400 -3.727600 -3.277400 -2.647100 -4.112700 -3.687900 
0.782000 -1.441400 -3.413400 -2.146200 -0.851100 -0.865600 -6.121200 -3.028300 -3.414500 -5.678000 -15.054900 -11.601600 
0.784000 -1.929000 -0.456000 -8.309500 -1.075700 -2.498800 -2.341600 -2.000400 -5.153700 -1.422700 -6.844100 -4.913700 
0.786000 -1.853800 -1.611700 -1.444800 -1.514800 -1.835200 -12.279000 -3.350300 -5.827300 -2.319100 -2.214000 -7.745100 
0.788000 -1.716000 -1.491700 -0.423800 -1.721200 -0.663200 -2.715400 -2.197000 -8.641500 -7.330300 -4.219900 -6.304900 
0.790000 -3.408000 -1.041000 -0.791000 -1.453900 -1.033700 -7.190300 -1.690500 -8.436800 -4.592700 -3.246700 -16.218700 
0.792000 -1.533400 -2.003100 -4.342000 -1.307100 -1.092500 -4.553000 -5.449600 -4.647400 -3.837000 -1.963700 -16.154900 
0.794000 -2.565900 -2.369200 -2.262300 -2.476900 -3.505100 -5.804600 -5.517800 -6.209100 -1.205100 -6.280500 -32.803300 
0.796000 -1.127600 -2.639500 -1.560700 -3.371900 -3.254400 -2.071100 -9.259000 -7.453500 -9.447100 -3.118900 -26.953900 
0.798000 -3.812500 -4.969100 -2.584600 -2.256600 -2.471200 -4.379700 -4.766600 -6.247300 -2.848900 -4.857600 -19.207700 
0.800000 -1.294000 -2.835400 -2.536100 -1.521400 -3.064300 -6.968000 -3.759900 -6.311700 -7.483200 -11.838200 -10.936200 
0.802000 -1.539300 -2.269400 -1.978200 -3.799700 -0.543400 -2.688000 -6.136100 -6.628400 -3.556100 -5.714600 -23.225600 
0.804000 -0.332000 -1.185400 -1.828500 -1.254400 -2.407200 -6.505400 -4.826200 -6.380800 -2.095500 -11.334200 -15.720700 
0.806000 -1.226400 -2.314600 -1.461600 -4.478100 -2.065600 -5.564600 -3.022700 -10.227000 -11.845200 -9.331400 -25.139600 
0.808000 -1.826500 -1.022200 -3.701200 -0.668100 -1.927400 -2.191600 -4.309600 -7.809100 -3.418200 -10.758600 -46.970300 
0.810000 -2.196700 -2.492800 -2.211600 -3.329500 -3.112100 -3.059700 -2.593300 -6.869100 -2.997100 -6.784300 -12.436800 
0.812000 -0.892600 -2.020900 -2.853300 -1.373800 -3.411600 -7.996400 -3.512600 -5.481800 -1.044300 -4.792200 -11.397200 
0.814000 -2.243000 -1.891000 -2.351600 -1.226600 -3.138000 -0.758100 -2.833900 -4.955900 -1.822300 -9.687700 -4.510000 
0.816000 -1.533100 -2.518200 -3.089700 -2.356700 -1.452000 -2.178400 -3.071400 -9.989300 -3.090300 -6.595200 -47.442300 
0.818000 -2.205400 -2.538700 -2.388200 -2.476200 -2.120400 -2.620500 -3.935300 -4.735000 -4.589900 -9.283800 -24.269900 
0.820000 -2.667000 -1.557600 -2.316100 -1.187300 -2.041200 -0.725900 -2.945100 -8.108600 -10.851200 -3.224500 -14.885700 
0.822000 -0.616100 -3.036500 -1.113600 -2.170100 -5.356800 -1.874300 -0.641200 -6.604200 -2.604200 -3.374600 -25.886600 
0.824000 -5.071800 -1.473300 -2.907600 -1.094900 -2.243900 -2.835800 -3.143700 -8.154700 -1.538600 -7.406600 -9.243600 
0.826000 -1.812200 -3.367300 -2.874300 -6.285900 -0.511300 -2.344400 -4.669400 -2.402000 -4.216000 -8.415500 -7.240000 
0.828000 -2.077600 -1.120000 -1.572000 -1.161100 -2.694800 -6.321300 -4.143200 -5.143900 -5.007100 -6.248000 -9.208900 
0.830000 -1.715300 -2.289800 -1.316300 -0.398700 -2.356100 -4.852100 -3.493000 -7.498900 -1.368100 -1.742400 -4.429400 
0.832000 -3.000700 -1.886000 -1.869900 -1.823600 -3.581300 -1.167400 -3.936300 -5.761200 -4.778100 -1.315200 -18.638000 
0.834000 -2.392000 -2.138000 -2.240900 -1.281000 -4.274800 -1.450200 -1.380000 -5.150500 -3.247300 -3.704200 -14.909800 
0.836000 -1.011100 -2.339100 -1.674500 -1.578500 -2.999300 -6.524900 -3.056500 -6.037700 -1.653300 -2.070300 -17.421800 
0.838000 -1.000300 -2.271400 -3.159400 -1.051600 -4.525600 -2.853400 -2.745800 -13.537300 -4.073300 -5.730400 -15.794300 
0.840000 -0.882200 -1.466700 -3.327400 -1.221900 -3.430200 -1.174000 -2.532500 -9.911600 -3.467500 -3.706800 -6.333900 
0.842000 -1.492300 -1.519700 -0.790700 -5.940600 -2.020400 -4.252800 -1.951600 -7.707200 -1.790900 -11.178600 -7.479900 
0.844000 -2.728700 -0.867900 -2.670500 -4.315000 -2.305300 -5.205800 -2.795000 -12.287200 -3.251400 -6.385800 -13.919300 
0.846000 -1.294600 -1.990500 -2.045600 -1.141900 -1.915000 -5.137600 -10.981300 -7.523500 -1.952200 -5.118700 -3.358000 
0.848000 -3.847000 -1.941500 -3.456100 -1.505100 -2.396100 -4.362600 -4.998100 -6.517900 -4.599600 -2.143400 -19.317600 
0.850000 -0.919300 -2.966800 -2.308800 -1.930300 -1.787600 -3.211000 -5.824400 -5.036400 -4.086300 -4.826500 -16.999200 
0.852000 -2.690200 -2.717700 -4.091300 -2.577700 -3.055000 -2.623800 -14.816700 -6.981900 -1.505300 -1.452400 -15.836300 
0.854000 -0.764900 -3.185600 -3.656500 -1.405900 -2.034700 -3.593500 -5.200500 -5.275200 -5.161600 -2.069700 -14.266000 
0.856000 -1.140800 -3.139300 -1.683300 -1.185700 -0.785800 -1.552300 -6.242500 -5.850400 -3.443900 -4.266500 -9.724300 
0.858000 -0.695700 -0.236300 -2.253900 -2.698500 -1.927600 -4.543200 -2.977500 -6.116800 -6.719600 -11.030600 -10.391900 
0.860000 -2.804000 -0.938500 -1.920000 -1.994100 -0.678100 -5.056200 -2.791700 -3.216200 -7.599400 -7.725300 -5.875500 
0.862000 -1.532800 -0.812900 -2.221600 -2.726900 -1.813100 -2.310700 -4.209700 -6.449800 -7.802600 -3.762600 -5.718700 
0.864000 -3.644200 -1.055400 -3.017100 -1.204700 -3.044900 -0.889200 -3.143300 -6.728500 -8.124300 -3.942600 -7.603900 
0.866000 -1.213500 -2.093400 -2.391600 -0.640700 -2.190700 -1.526500 -10.124100 -2.406200 -2.348400 -4.592200 -13.783700 
0.868000 -2.556100 -2.110200 -1.882000 -6.910600 -1.895200 -1.271400 -4.210000 -2.288300 -4.844400 -3.361700 -7.540200 
0.870000 -1.891100 -1.195200 -1.751100 -2.687900 -5.249700 -2.455700 -5.997300 -4.842700 -3.495600 -5.556800 -8.703600 
0.872000 -3.133900 -3.069700 -5.050200 -3.410000 -4.333600 -1.214900 -2.989200 -9.271000 -4.532900 -3.918500 -11.933000 
0.874000 -1.432700 -4.757000 -0.688100 -3.709200 -2.887900 -3.760500 -3.882600 -6.274100 -2.478300 -5.151200 -8.170300 
0.876000 -4.744100 -1.070800 -2.697000 -1.996800 -0.534400 -2.596400 -7.286000 -5.663400 -6.566000 -6.320400 -12.380100 
0.878000 -0.774800 -1.595700 -1.916300 -1.636100 -1.304000 -1.193500 -11.871500 -4.197700 -4.186000 -10.770100 -15.325200 
0.880000 -1.682200 -1.597500 -1.946700 -1.373200 -2.612300 -3.375600 -2.882900 -4.448200 -5.683200 -13.685000 -6.230800 
0.882000 -4.218600 -0.759600 -2.221100 -3.350300 -2.535400 -0.784800 -3.940500 -5.838000 -3.156900 -4.106000 -14.931000 
0.884000 -1.242500 -0.606400 -1.227400 -1.402600 -1.163200 -1.417800 -4.812600 -4.413200 -2.630100 -6.369900 -9.738700 
0.886000 -1.581000 -0.752000 -0.512600 -2.537000 -1.064800 -3.132800 -7.628100 -4.296000 -6.747800 -7.031300 -4.920900 
0.888000 -2.421800 -1.084100 -2.413000 -2.015000 -1.547600 -4.007000 -2.011500 -5.439100 -5.659700 -10.809300 -12.373200 
0.890000 -2.715800 -2.362600 -4.535100 -2.503700 -1.492700 -4.912300 -7.192600 -10.081500 -3.937000 -10.951100 -5.809400 
0.892000 -0.852600 -0.655500 -2.505300 -1.607600 -1.819600 -3.994200 -7.800700 -11.644000 -3.526300 -7.258200 -7.330000 
0.894000 -1.981400 -0.974800 -4.005100 -1.907500 -0.738900 -2.318400 -3.084100 -6.539200 -5.134600 -2.647700 -17.656300 
0.896000 -1.796800 -0.739400 -1.110200 -0.622600 -1.868200 -1.819600 -7.710000 -3.069900 -2.946800 -4.328500 -9.421300 
0.898000 -1.041600 -1.317800 -1.004800 -1.952900 -1.235100 -2.948900 -3.424000 -1.862600 -4.975900 -8.312900 -12.882800 
0.900000 -1.642900 -1.810600 -1.205900 -0.886800 -3.739300 -2.593800 -1.266400 -3.670800 -3.224100 -5.016100 -10.616000 
0.902000 -1.994500 -3.831100 -1.041700 -1.346200 -0.520800 -3.211600 -3.387400 -6.987600 -2.697500 -6.673500 -5.997000 
0.904000 -2.378000 -2.227200 -2.041000 -2.392700 -4.054200 -2.429100 -2.159900 -5.152200 -3.510000 -2.609200 -15.535100 
0.906000 -2.127200 -2.824900 -3.448800 -0.989200 -0.965100 -2.152400 -4.452000 -4.230200 -4.726800 -4.976800 -10.505200 
0.908000 -0.989900 -2.486500 -6.465500 -1.796400 -1.384600 -1.675400 -1.902100 -3.898500 -1.964900 -16.241700 -3.162200 
0.910000 -1.607400 -2.256300 -4.701700 -2.089600 -2.503400 -2.443300 -3.767500 -5.527900 -10.550900 -4.678300 -8.689000 
0.912000 -1.605400 -5.547800 -1.226300 -2.047400 -3.494500 -3.451500 -5.599500 -3.985000 -4.361600 -12.706600 -18.051500 
0.914000 -1.961100 -2.035200 -3.085300 -1.351500 -5.389500 -1.539800 -5.746400 -3.971400 -5.273500 -5.211400 -30.866300 
0.916000 -2.397500 -1.082400 -2.952400 -1.042700 -2.337800 -2.784400 -5.585500 -1.583000 -5.901200 -14.996600 -12.099500 
0.918000 -1.198300 -3.786800 -5.403500 -0.713300 -0.996600 -4.511800 -1.817500 -3.384100 -9.649100 -10.994700 -10.583800 
0.920000 -0.762800 -3.910200 -4.870700 -1.855800 -1.254200 -2.697500 -5.921400 -4.341900 -6.157600 -11.297300 -15.180400 
0.922000 -2.328900 -4.523200 -3.140200 -0.582000 -3.397500 -2.921800 -1.735200 -3.165400 -8.992700 -33.129500 -14.852800 
0.924000 -0.325600 -4.272600 -1.643100 -1.102500 -2.056500 -1.477400 -3.297200 -3.126200 -2.805400 -12.736000 -20.205700 
0.926000 -0.684900 -0.773300 -1.051700 -2.734900 -1.249300 -4.011700 -6.444800 -5.057800 -3.866600 -2.893100 -16.415500 
0.928000 -2.944900 -2.686600 -3.911800 -2.144700 -2.560600 -1.171900 -5.863800 -7.517300 -8.129700 -4.508400 -14.717400 
0.930000 -3.083600 -5.231900 -1.965500 -1.155200 -1.869800 -3.831100 -7.452900 -3.600500 -5.912200 -6.205700 -9.252800 
0.932000 -0.454200 -3.245300 -2.708400 -1.421300 -1.452800 -1.696200 -8.266700 -6.479600 -2.421900 -14.904900 -29.470600 
0.934000 -2.868200 -2.588600 -2.985700 -1.248000 -3.694000 -2.891300 -5.481900 -4.039800 -4.400200 -5.086100 -30.375900 
0.936000 -0.968700 -5.410600 -2.998700 -1.339700 -2.258000 -3.645200 -3.565200 -6.017900 -4.181100 -2.260300 -16.958200 
0.938000 -1.257400 -1.925800 -3.411300 -2.037600 -2.357100 -10.235400 -2.450400 -5.706900 -7.946700 -4.181700 -27.050800 
0.940000 -1.573800 -2.742500 -2.048000 -1.758300 -2.765100 -5.052400 -1.976400 -8.952100 -7.406600 -8.631300 -43.523700 
0.942000 -1.606400 -2.588100 -1.006100 -0.742600 -2.356700 -5.913700 -1.965700 -5.368400 -1.744300 -8.321400 -19.112400 
0.944000 -3.229900 -7.041300 -3.559800 -1.701500 -1.355900 -3.198600 -1.970000 -6.006800 -4.521400 -15.890200 -28.767500 
0.946000 -2.062800 -3.881000 -2.362600 -1.350400 -1.338500 -1.386500 -2.364100 -3.170000 -6.892500 -10.692000 -31.354900 
0.948000 -2.183900 -2.309800 -1.296100 -3.402800 -3.936200 -3.498400 -1.483300 -6.413000 -2.676600 -4.287400 -15.089600 
0.950000 -0.497900 -4.186300 -1.363400 -1.193800 -3.061200 -5.342100 -2.537500 -2.516200 -6.222300 -8.814700 -6.728700 
0.952000 -1.432600 -3.835600 -3.519800 -4.086100 -2.526500 -4.432600 -4.553300 -3.643200 -6.924300 -14.239900 -8.097600 
0.954000 -1.326100 -0.977000 -0.881600 -1.401700 -2.276900 -3.812600 -3.879400 -3.033000 -5.307200 -11.788900 -12.618700 
0.956000 -2.067100 -2.017500 -1.125700 -1.345800 -0.769100 -2.710700 -2.378300 -1.555600 -5.333300 -4.707400 -11.638800 
0.958000 -1.940400 -0.373700 -4.081700 -2.268500 -1.852900 -4.758600 -4.305200 -6.044700 -2.488800 -9.099000 -8.140100 
0.960000 -2.685500 -1.285200 -4.511200 -2.111600 -1.121700 -7.359000 -2.649300 -2.967000 -7.624700 -18.348000 -36.195700 
0.962000 -1.618100 -2.423900 -2.169600 -1.074200 -3.453200 -4.918000 -1.506400 -1.319500 -10.365100 -16.164600 -26.123200 
0.964000 -0.641000 -3.635600 -3.584000 -0.550600 -2.041600 -3.236500 -1.401000 -8.258600 -3.131600 -5.680700 -10.931100 
0.966000 -2.909100 -1.426500 -1.448000 -3.200400 -1.507800 -8.816500 -2.728800 -1.158600 -8.434800 -8.015400 -13.440900 
0.968000 -2.779600 -1.003200 -3.258800 -1.679600 -0.895600 -6.669000 -2.781700 -3.252300 -4.149800 -5.293300 -4.107200 
0.970000 -1.023200 -0.831200 -2.952900 -2.476100 -0.483800 -8.469400 -2.672500 -4.456000 -2.658500 -2.426500 -7.212500 
0.972000 -1.895400 -1.588900 -1.971900 -0.920400 -0.986300 -5.211400 -4.055400 -2.287000 -1.680700 -3.162800 -8.398400 
0.974000 -1.711400 -0.605600 -2.940700 -1.314300 -3.094800 -4.611700 -4.842700 -4.793300 -3.901900 -7.582100 -11.714600 
0.976000 -1.665000 -1.024500 -2.263300 -3.007500 -1.122800 -3.124700 -2.576100 -1.058600 -3.801200 -2.594200 -7.497600 
0.978000 -2.441300 -1.313800 -2.200500 -1.873200 -1.663800 -6.553600 -2.416200 -2.558500 -3.103000 -4.833200 -13.429700 
0.980000 -1.862400 -2.767600 -1.630900 -1.613000 -0.725500 -4.634500 -4.060400 -0.965000 -4.530000 -7.653700 -12.575400 
0.982000 -1.918100 -0.350200 -2.333700 -3.412300 -2.072400 -6.484500 -5.536500 -0.356300 -4.127600 -0.992600 -8.701100 
0.984000 -1.593200 -1.484500 -2.791700 -1.067100 -3.245000 -5.440600 -6.983700 -2.980600 -2.935700 -4.202600 -8.549100 
0.986000 -1.559300 -2.374500 -1.707100 -2.651500 -4.347500 -5.582900 -2.452100 -2.544400 -5.338000 -4.883800 -10.363000 
0.988000 -1.936700 -2.754200 -1.100200 -1.437400 -2.356400 -4.427000 -1.238000 -2.227500 -8.222400 -4.045200 -4.751200 
0.990000 -1.655600 -1.711600 -1.651500 -2.117500 -1.950000 -4.852700 -3.503400 -2.733200 -3.304200 -8.802500 -4.938900 
0.992000 -2.466200 -5.228400 -1.762000 -3.394500 -1.442200 -7.330500 -4.312700 -0.280900 -9.117100 -2.902400 -7.429100 
0.994000 -2.679300 -4.552100 -1.263200 -5.113800 -0.773100 -2.647800 -4.619600 -0.866600 -11.466400 -2.397600 -11.406300 
0.996000 -1.245600 -1.773800 -1.858600 -2.482400 -3.734900 -5.572400 -2.162400 -3.279700 -3.899300 -8.356200 -19.130400 
0.998000 -3.128800 -3.233900 -4.324900 -1.709300 -1.941800 -4.915300 -2.660100 -0.264800 -9.338600 -2.989200 -2.761500 
