# gradients (DV/DL) for lambdas: 0.0 0.1 0.2 0.3 0.4 0.5 0.6 0.7 0.8 0.9 1.0
0.000000 -2.437700 -2.048800 -1.393500 -3.302000 -3.512200 -2.022100 -5.955600 -0.530800 -1.172800 -9.948500 -22.889700 
0.002000 -1.050900 -0.670700 -1.628200 -1.566300 -1.760700 -0.942400 -4.766100 -2.802900 -5.895900 -15.931600 -201.869500 
0.004000 -2.094300 -0.790700 -2.405700 -1.162800 -1.606800 -2.107900 -2.205900 -5.377900 -4.246700 -10.065700 -84.086900 
0.006000 -1.118300 -3.307500 -0.974800 -1.913300 -1.517900 -1.710400 -5.826500 -3.300900 -5.976900 -8.703500 -231.673500 
0.008000 -1.275400 -2.186400 -3.708400 -1.885900 -1.424500 -3.739600 -3.567600 -1.562100 -3.881100 -10.501500 -81.206200 
0.010000 -0.767700 -0.353800 -3.752400 -0.681900 -0.884700 -2.099900 -5.985400 -5.371500 -16.954100 -4.986000 -127.203500 
0.012000 -1.878200 -1.549600 -2.314000 -0.283800 -2.502500 -2.779900 -3.993700 -2.037400 -10.631100 -14.732000 -87.207200 
0.014000 -2.079500 -1.148400 -2.462200 -1.929100 -0.725000 -2.387000 -2.405800 -3.166700 -3.632800 -13.029200 -75.000600 
0.016000 -0.809500 -1.037000 -1.150800 -2.465600 -1.248600 -2.360800 -2.613600 -6.663400 -2.179400 -3.360900 -63.354200 
0.018000 -2.319600 -1.146300 -0.189300 -1.357500 -2.487100 -1.641300 -5.047100 -6.029800 -5.886100 -5.105000 -47.156600 
0.020000 -1.148300 -0.881400 -1.869500 -2.600200 -1.766400 -0.724200 -4.799600 -8.931200 -2.054500 -3.047800 -23.315300 
0.022000 -0.710600 -0.787100 -3.589300 -2.036300 -1.491100 -1.906000 -2.572300 -2.188800 -1.516700 -2.184300 -21.823900 
0.024000 -1.734300 -1.562000 -1.244600 -1.018700 -1.060400 -2.015800 -5.346900 -1.158700 -3.133600 -3.245700 -23.421200 
0.026000 -3.584000 -2.140000 -1.793700 -0.159800 -0.863200 -5.126200 -3.312800 -0.680200 -5.168600 -1.277700 -23.074900 
0.028000 -1.464000 -0.782700 -2.642900 -3.890300 -1.619600 -0.829700 -0.841900 -2.608700 -2.877900 -2.914700 -84.572100 
0.030000 -1.839100 -3.498200 -1.310800 -4.169900 -1.534900 -5.671900 -0.537200 -1.628900 -2.169900 -37.003200 -106.374300 
0.032000 -2.487000 -1.109300 -0.714100 -3.225500 -1.405000 -1.436100 -2.303100 -4.607400 -8.479000 -15.905100 -39.461400 
0.034000 -1.205300 -2.341000 -0.858100 -3.328800 -0.232000 -1.536700 -0.971800 -2.425100 -8.678300 -15.683400 -57.662500 
0.036000 -0.185600 -1.344200 -1.637600 -2.421300 -2.201500 -1.592600 -1.302500 -16.320800 -4.755700 -4.039800 -103.106900 
0.038000 -1.125200 -1.076900 -1.649600 -1.610400 -0.669900 -9.836200 -4.250500 -3.565400 -3.237800 -2.345200 -146.040200 
0.040000 -0.727400 -0.689900 -3.686600 -0.765400 -3.743700 -4.429100 -1.700800 -3.733200 -0.951400 -9.271900 -179.164300 
0.042000 -1.115100 -0.881700 -3.744100 -1.823000 -2.380300 -4.717200 -8.441400 -5.534800 -3.384400 -5.416400 -117.356600 
0.044000 -1.083700 -0.701900 -1.737200 -1.650700 -2.785400 -4.902200 -3.176400 -4.490100 -1.384500 -16.734700 -107.910400 
0.046000 -0.571700 -1.518700 -1.026000 -1.386500 -1.053300 -2.835900 -1.060400 -8.598700 -3.006000 -5.268800 -76.279500 
0.048000 -3.980300 -1.665500 -0.169800 -2.659000 -3.000400 -1.558200 -2.253900 -5.719300 -7.553200 -10.150600 -284.993800 
0.050000 -2.462100 -1.067500 -1.303800 -3.129200 -1.793000 -2.547900 -1.946000 -3.068100 -2.195900 -16.033600 -299.350600 
0.052000 -2.757800 -2.754400 -0.865000 -2.242300 -3.063100 -3.278500 -1.966300 -3.513300 -5.751700 -7.504400 -399.785600 
0.054000 -0.507800 -1.720300 -0.710100 -2.747000 -1.297600 -7.581300 -0.474300 -3.709500 -4.004700 -10.657900 -616.374300 
0.056000 -1.727600 -1.178100 -4.065000 -2.697100 -2.052000 -1.058400 -0.536700 -5.359400 -4.439500 -4.649900 -537.355100 
0.058000 -1.438000 -3.259700 -0.603300 -2.775400 -2.243500 -4.693300 -1.968900 -4.605900 -5.767800 -5.951300 -376.098800 
0.060000 -1.370000 -1.683800 -1.077900 -4.949900 -2.184000 -3.316100 -1.371100 -11.012400 -5.374800 -5.034200 -424.218500 
0.062000 -1.116600 -4.402700 -0.859100 -1.352500 -3.323900 -3.996600 -3.571200 -3.699200 -6.313100 -24.542100 -373.076500 
0.064000 -1.214200 -3.157500 -1.950200 -1.583900 -1.199600 -4.596300 -2.025600 -9.608400 -1.255000 -8.155500 -435.459100 
0.066000 -2.569800 -6.582400 -3.966100 -0.835300 -4.364000 -1.101300 -1.317400 -8.017600 -5.581000 -11.763200 -572.360100 
0.068000 -2.094100 -0.440800 -1.741600 -0.699900 -5.723700 -2.812800 -1.824200 -10.846700 -5.021400 -6.338500 -346.087800 
0.070000 -3.146000 -1.844500 -0.468600 -0.605800 -2.736100 -3.375100 -2.532300 -4.558100 -1.541900 -4.846900 -318.510300 
0.072000 -1.887500 -1.226400 -1.779100 -2.846300 -4.250000 -0.649300 -4.416900 -4.790900 -5.812400 -3.765700 -496.902900 
0.074000 -1.218900 -1.851400 -1.507800 -0.934700 -2.426000 -1.025400 -4.248100 -4.944900 -5.285000 -5.211900 -643.860400 
0.076000 -0.350900 -1.932500 -1.878300 -1.576200 -3.027400 -2.171500 -1.174600 -7.216300 -6.127300 -4.886500 -717.833700 
0.078000 -2.198700 -0.953100 -0.862800 -2.546300 -3.097700 -2.275900 -4.199900 -6.259300 -1.799100 -10.620700 -937.870600 
0.080000 -2.606900 -0.490500 -3.096000 -0.627500 -1.139300 -1.458100 -1.959500 -7.665600 -6.936400 -4.714700 -1083.199000 
0.082000 -2.844800 -3.436200 -0.663500 -1.617700 -3.041900 -3.466200 -4.370300 -11.153400 -1.964200 -9.690400 -938.632800 
0.084000 -2.751200 -0.707100 -0.568000 -2.795300 -3.378400 -10.518200 -4.276400 -11.075600 -2.554800 -4.514500 -617.782200 
0.086000 -1.719600 -3.139600 -1.936000 -3.027700 -2.247600 -1.083500 -3.259100 -3.406200 -1.706500 -6.820700 -500.358300 
0.088000 -1.079100 -1.142000 -0.817300 -2.956400 -2.734100 -0.607700 -2.322700 -4.390700 -1.391100 -17.480400 -584.509000 
0.090000 -1.557900 -0.980100 -2.230700 -1.658800 -1.547800 -1.507800 -1.919800 -7.979600 -3.259300 -8.932800 -725.680800 
0.092000 -2.380900 -1.632200 -1.884800 -2.255700 -4.549600 -1.571900 -6.368500 -11.134000 -3.957400 -6.583300 -599.071900 
0.094000 -1.389500 -0.796600 -1.386200 -3.149300 -0.954400 -1.606600 -1.606000 -15.233300 -7.526200 -2.335600 -905.312200 
0.096000 -3.065400 -0.996000 -1.991200 -3.790900 -2.886500 -1.376000 -4.411900 -3.186200 -5.214300 -4.053200 -977.676800 
0.098000 -1.657400 -2.606700 -2.695000 -4.328800 -4.250400 -1.431700 -2.837900 -7.318900 -5.680700 -13.686800 -1159.256100 
0.100000 -1.236200 -0.767800 -1.620800 -5.569800 -3.366400 -0.315300 -5.178400 -8.128400 -5.073200 -15.065900 -1357.610200 
0.102000 -2.135700 -0.422900 -2.071200 -3.738100 -2.759000 -1.371800 -2.482600 -1.793700 -8.877000 -16.570900 -1190.515300 
0.104000 -3.298700 -1.440200 -2.376700 -4.298400 -4.407100 -6.980700 -1.792300 -3.002900 -3.984300 -11.404700 -1027.581200 
0.106000 -1.279700 -1.443200 -3.388700 -4.620600 -3.200300 -1.429200 -3.907800 -12.165700 -11.290900 -15.395900 -982.760600 
0.108000 -1.944400 -2.221000 -0.816600 -1.082100 -2.453000 -2.644400 -3.235600 -6.319600 -6.565200 -4.337300 -1172.503000 
0.110000 -1.286500 -0.727000 -2.007400 -2.681700 -1.712000 -5.856200 -1.685100 -5.161100 -2.189800 -23.317900 -969.876200 
0.112000 -3.491700 -2.203900 -1.167400 -1.157600 -5.534300 -1.301000 -0.952700 -3.204600 -8.307700 -14.497400 -810.508200 
0.114000 -2.632800 -1.748900 -1.251500 -0.783500 -2.868700 -1.463600 -1.185700 -3.996900 -7.659100 -4.100300 -1000.254400 
0.116000 -1.668900 -2.208600 -1.013000 -2.483100 -6.811200 -2.246300 -2.144100 -6.012600 -6.017400 -10.091400 -939.218700 
0.118000 -1.278700 -0.942800 -0.853400 -2.203700 -3.248300 -3.377200 -2.504900 -8.599000 -7.970100 -5.943800 -822.711200 
0.120000 -3.694100 -0.529700 -4.795300 -3.589800 -2.950200 -3.327200 -1.140700 -2.688600 -3.523000 -6.966300 -826.681300 
0.122000 -3.875200 -1.366400 -1.080200 -3.221900 -3.717400 -3.019800 -2.599500 -6.205400 -6.070000 -18.514400 -898.968500 
0.124000 -2.767800 -1.810700 -0.692300 -6.013800 -5.419400 -3.975100 -1.788600 -7.979800 -10.318000 -19.565200 -755.503600 
0.126000 -2.204500 -1.822000 -2.409200 -1.522100 -6.052900 -3.622500 -4.625600 -2.989200 -11.927100 -16.222900 -660.494900 
0.128000 -4.611100 -2.215800 -0.678400 -2.590200 -1.747700 -4.176600 -5.447600 -3.866700 -6.635400 -11.710200 -762.887500 
0.130000 -3.480500 -2.241500 -0.687000 -0.908800 -1.835200 -2.978200 -6.700300 -1.284300 -7.337400 -10.719800 -799.228700 
0.132000 -1.238200 -1.972800 -2.173100 -2.457200 -1.352100 -1.226600 -2.394400 -3.809800 -2.299900 -10.893800 -809.598100 
0.134000 -5.457000 -1.293900 -2.451800 -1.285300 -1.794200 -2.259000 -3.174600 -2.669700 -15.266000 -4.411400 -807.262200 
0.136000 -2.113900 -0.812100 -2.131800 -0.948700 -1.849900 -1.858300 -1.400700 -3.871000 -7.866900 -5.207900 -577.804500 
0.138000 -2.363000 -2.306900 -2.434400 -1.741900 -3.267200 -6.720800 -2.262900 -6.111300 -7.853000 -7.101000 -605.786700 
0.140000 -2.006500 -1.121100 -1.076600 -2.070600 -6.124800 -3.049000 -10.236700 -0.966600 -4.970300 -23.994000 -790.186500 
0.142000 -2.836100 -0.833100 -1.400900 -2.885700 -2.885100 -3.838100 -3.709700 -3.103800 -3.931900 -12.679800 -711.581400 
0.144000 -3.830600 -1.488300 -1.909700 -1.169100 -4.895800 -1.799500 -5.714000 -4.206500 -9.739400 -16.958300 -832.116100 
0.146000 -3.098800 -3.720800 -2.445800 -0.867900 -0.518800 -4.854700 -4.546300 -7.239000 -7.110000 -6.693200 -757.338500 
0.148000 -2.320600 -1.218100 -1.533800 -1.368600 -0.974000 -6.615500 -1.833100 -9.112600 -4.284200 -11.014600 -1033.778200 
0.150000 -2.103900 -0.537500 -1.430900 -0.191000 -0.286700 -3.254800 -3.163600 -4.957200 -3.102900 -31.652800 -943.204000 
0.152000 -3.099600 -1.038600 -2.314500 -0.393300 -1.739200 -2.426500 -5.674700 -7.216900 -4.706400 -8.818700 -919.272600 
0.154000 -3.273000 -2.097400 -0.796000 -5.604800 -1.809000 -0.750200 -2.611600 -1.896900 -1.742000 -32.801100 -824.629800 
0.156000 -3.022100 -2.191100 -4.566900 -4.267200 -2.128400 -3.653700 -6.085600 -6.890700 -3.879000 -18.882300 -686.237800 
0.158000 -1.552100 -4.071700 -1.325700 -1.944900 -0.945500 -4.228200 -5.003600 -6.601500 -3.797800 -19.358100 -750.830700 
0.160000 -2.846300 -1.492100 -1.583200 -1.717200 -1.796100 -4.660100 -4.107400 -5.011600 -4.755100 -27.474700 -722.093900 
0.162000 -2.270600 -1.326400 -4.788100 -1.085500 -1.312900 -5.586400 -2.308600 -3.312400 -6.093100 -5.689500 -1020.778200 
0.164000 -2.504300 -1.170100 -1.547300 -1.254200 -6.826200 -2.090600 -4.909000 -4.449000 -7.008600 -14.301300 -1088.640800 
0.166000 -3.090700 -3.273800 -3.581700 -1.973700 -2.745500 -0.599900 -3.615800 -4.109700 -8.552600 -15.738400 -952.259700 
0.168000 -4.868000 -2.285000 -1.968100 -0.935200 -3.296200 -3.520200 -2.782800 -4.709300 -2.409800 -7.191200 -1170.339100 
0.170000 -2.653100 -1.381800 -3.136400 -1.544000 -2.039700 -2.383300 -4.694800 -3.303200 -4.016100 -14.387400 -1396.181100 
0.172000 -4.815300 -1.221200 -1.416400 -1.015900 -3.868500 -1.491500 -8.083200 -5.255500 -2.982900 -20.730900 -1504.347300 
0.174000 -3.661500 -0.905500 -4.499300 -1.118800 -0.220500 -2.677100 -2.871600 -5.478800 -1.510700 -9.332500 -1167.664000 
0.176000 -2.409900 -2.881000 -2.967500 -1.602500 -1.131400 -1.872600 -2.854200 -8.547400 -3.999100 -8.874500 -1095.784600 
0.178000 -4.976800 -2.739700 -1.446800 -0.999400 -1.988200 -4.339100 -2.920300 -5.387500 -11.932100 -7.833100 -1082.385100 
0.180000 -2.002500 -1.932400 -2.027900 -1.840100 -0.704400 -3.363900 -1.964800 -1.489600 -10.166100 -7.455800 -911.151600 
0.182000 -4.304000 -2.682100 -2.401000 -1.530100 -1.941600 -2.853200 -4.048100 -6.465000 -6.797000 -18.580400 -1327.531400 
0.184000 -2.717200 -3.545400 -1.829100 -2.697800 -0.825800 -4.169500 -4.649700 -3.808000 -5.921600 -9.640200 -1199.536200 
0.186000 -3.159500 -1.967700 -0.458000 -1.963800 -1.333400 -2.587700 -2.309100 -5.029200 -6.230300 -9.255600 -863.294700 
0.188000 -5.168300 -2.615900 -1.469700 -2.853600 -0.818800 -3.818400 -1.756300 -8.974400 -6.929000 -12.366300 -981.310500 
0.190000 -2.521900 -1.204600 -1.409900 -1.492000 -1.039100 -1.662400 -3.411400 -6.874000 -4.695900 -4.996700 -1098.488500 
0.192000 -1.405100 -1.904200 -1.792900 -2.025300 -3.998400 -6.792700 -1.916500 -4.802900 -4.840300 -7.940900 -962.329400 
0.194000 -2.804200 -2.828000 -3.155100 -1.040300 -0.573500 -1.582300 -3.997300 -3.356500 -2.014800 -10.814300 -1025.499400 
0.196000 -2.983200 -1.701000 -2.026700 -1.125600 -2.130900 -3.283200 -4.919500 -3.940500 -3.289300 -7.745300 -1007.678500 
0.198000 -1.830400 -2.009800 -2.942300 -2.971700 -4.207000 -3.551000 -1.765700 -6.570800 -4.061500 -5.725300 -1030.878900 
0.200000 -3.473300 -1.135900 -1.774800 -2.512500 -1.864400 -6.542300 -7.183600 -4.016100 -4.539300 -14.207200 -1501.385900 
0.202000 -2.068000 -2.165300 -2.834500 -1.965500 -3.851400 -2.635000 -6.984600 -3.460200 -6.418400 -9.712200 -1556.543700 
0.204000 -1.787200 -0.918900 -1.607800 -1.364200 -2.804400 -3.137300 -5.726300 -5.524900 -8.174600 -14.619800 -1680.567400 
0.206000 -2.976000 -1.359000 -3.433900 -1.183800 -2.143100 -2.013800 -3.663600 -4.141900 -5.171800 -27.562500 -1437.163800 
0.208000 -2.114900 -1.733700 -0.805800 -1.369000 -3.102200 -1.370200 -3.932200 -2.942500 -4.237500 -20.134500 -1418.101800 
0.210000 -4.833300 -0.482400 -4.141500 -1.319700 -3.576700 -3.488900 -6.655500 -13.123600 -4.934300 -9.573100 -1933.313500 
0.212000 -4.633400 -1.410900 -0.757300 -2.103100 -2.372900 -5.511100 -3.358200 -5.858600 -11.467700 -9.127500 -1601.837000 
0.214000 -3.809900 -3.477900 -4.573900 -1.407600 -1.977100 -2.952200 -5.174700 -3.006300 -5.014600 -14.906100 -1640.295200 
0.216000 -2.270600 -0.580900 -1.975300 -0.813000 -1.223200 -2.253100 -2.960500 -9.583700 -5.170200 -15.129500 -1335.525400 
0.218000 -2.129400 -2.308600 -1.460400 -2.654900 -1.407300 -5.811900 -1.715400 -3.040700 -1.602100 -21.183600 -1456.072400 
0.220000 -2.366000 -1.997300 -0.097700 -2.379700 -2.018600 -6.042000 -4.473200 -6.838500 -8.965800 -11.570700 -1472.718100 
0.222000 -5.641100 -2.661900 -2.290200 -0.401800 -4.343800 -0.350900 -5.453800 -4.693900 -3.541700 -7.532700 -1701.943200 
0.224000 -4.761800 -2.278500 -3.121800 -2.373700 -1.775400 -1.977900 -0.816100 -4.725400 -5.238300 -12.103600 -1517.606900 
0.226000 -2.715400 -1.592500 -1.887300 -4.605800 -3.269500 -2.934900 -1.078600 -5.009800 -7.368300 -8.397000 -1518.733000 
0.228000 -4.254500 -1.416900 -0.296000 -1.695500 -0.870600 -3.855200 -3.134500 -4.063000 -3.199800 -8.244400 -1773.190400 
0.230000 -4.138600 -1.476800 -1.074600 -2.361300 -4.260400 -4.174100 -1.433800 -11.034900 -7.344600 -8.240700 -1339.904300 
0.232000 -3.586200 -1.082800 -0.874700 -1.982700 -1.466000 -2.434000 -2.992800 -7.984800 -5.505100 -13.723500 -1354.617100 
0.234000 -1.986900 -0.962900 -0.828100 -4.597700 -1.714400 -1.649200 -3.223900 -7.781400 -2.717200 -8.434400 -1165.889800 
0.236000 -4.255200 -2.177800 -0.675900 -2.404300 -2.755000 -2.839100 -3.105200 -11.590300 -4.409900 -8.382300 -1410.458900 
0.238000 -4.841000 -2.476400 -1.657400 -4.039400 -2.856900 -1.225700 -0.659000 -10.203600 -10.434800 -10.554100 -1064.918800 
0.240000 -2.553000 -0.899400 -1.601700 -2.155500 -2.442000 -5.184900 -3.384200 -9.831100 -5.878000 -6.465700 -896.771300 
0.242000 -1.163900 -1.807800 -0.371200 -5.197200 -1.415700 -2.374000 -3.317400 -9.886000 -7.313500 -7.911700 -1092.613000 
0.244000 -1.769000 -2.450600 -0.605400 -2.469900 -4.531200 -4.219000 -3.570900 -10.190300 -3.507800 -11.760600 -1451.092300 
0.246000 -4.233900 -1.884500 -2.493900 -0.976400 -4.701300 -2.064900 -6.496400 -7.364100 -8.417900 -28.024600 -1238.138100 
0.248000 -2.241700 -6.355000 -1.909700 -1.179500 -1.845200 -3.396300 -2.745800 -4.342600 -5.795700 -5.117000 -1409.035800 
0.250000 -1.214800 -2.338000 -0.533500 -4.289000 -2.440200 -1.717100 -3.207100 -9.765100 -4.485500 -14.438800 -1349.396400 
0.252000 -1.392300 -2.855700 -0.218600 -1.646900 -1.440300 -4.272300 -2.642900 -9.331700 -5.884700 -18.358800 -1586.674600 
0.254000 -0.912100 -2.266000 -0.992000 -2.660800 -1.218700 -3.250200 -8.017900 -10.371400 -12.646400 -22.716400 -1204.265900 
0.256000 -3.387700 -5.353000 -1.498300 -1.149800 -2.674000 -4.099700 -3.453800 -15.912800 -3.829900 -8.384600 -1852.626200 
0.258000 -2.077500 -1.903300 -2.462900 -0.960800 -1.423600 -4.796800 -6.582400 -14.133300 -2.996100 -9.346100 -1999.567100 
0.260000 -2.049800 -3.371200 -0.719500 -1.103100 -3.380800 -4.600500 -6.283300 -8.154100 -3.311100 -15.227500 -1835.356500 
0.262000 -1.226500 -2.405000 -2.756400 -2.157200 -3.306100 -3.059300 -7.450500 -5.716400 -1.449200 -6.447400 -2373.332500 
0.264000 -1.546300 -3.953400 -2.281400 -2.142900 -2.627800 -3.134700 -1.521300 -9.291000 -6.951300 -5.558900 -1990.787400 
0.266000 -2.528900 -1.337600 -0.898700 -1.064900 -2.166100 -2.102000 -3.046900 -4.384600 -5.982200 -5.329900 -3426.116100 
0.268000 -2.580800 -2.762100 -1.213100 -1.500200 -2.525800 -4.284000 -2.398500 -6.791600 -6.127500 -6.097000 -3752.961500 
0.270000 -4.556500 -1.280000 -0.789500 -1.562600 -3.583000 -3.219600 -2.045200 -3.273800 -5.326800 -8.717400 -4302.167200 
0.272000 -2.378300 -3.225400 -2.249200 -1.736700 -0.568800 -6.534300 -0.980000 -2.989800 -2.829200 -21.227400 -4505.671600 
0.274000 -2.965700 -2.570600 -1.162400 -0.863600 -0.810600 -1.115200 -2.546900 -11.249200 -2.159600 -14.908700 -4448.604900 
0.276000 -6.296600 -2.399300 -1.387300 -1.655500 -0.309200 -5.362100 -3.394100 -15.236800 -3.074600 -26.531900 -4310.345900 
0.278000 -1.761800 -2.757300 -3.101400 -1.418400 -2.261100 -4.428600 -1.450400 -7.601300 -4.643200 -23.099600 -4537.529400 
0.280000 -3.978800 -1.966600 -2.179000 -1.831800 -3.713100 -2.924800 -3.217100 -7.607500 -3.358500 -25.403200 -4718.556600 
0.282000 -2.908000 -4.383500 -1.624100 -5.151300 -7.062400 -6.570500 -3.817200 -5.671100 -1.112500 -27.268900 -3998.634600 
0.284000 -1.794500 -1.725700 -2.477000 -2.183200 -1.882900 -3.563700 -3.711600 -13.440100 -3.157200 -28.036000 -3492.043800 
0.286000 -2.454900 -0.976500 -1.755800 -1.335200 -2.868700 -4.480700 -0.621300 -8.696100 -1.534300 -31.735800 -3679.870200 
0.288000 -2.818100 -2.677300 -1.646200 -0.837400 -5.023300 -4.361700 -5.265700 -9.390400 -2.640000 -19.263800 -3861.855300 
0.290000 -1.067000 -1.865700 -0.707000 -0.408200 -0.526700 -3.372000 -5.023500 -6.553900 -1.141500 -20.674000 -4059.438200 
0.292000 -1.213800 -3.111500 -1.577900 -0.725400 -0.483400 -4.329600 -0.350400 -10.669700 -5.277300 -25.271600 -4591.708900 
0.294000 -2.224900 -1.633700 -1.297000 -0.328700 -3.661200 -2.581100 -2.812000 -5.504900 -5.014800 -13.749400 -4382.859600 
0.296000 -2.120700 -2.294900 -1.480600 -4.755000 -2.388100 -1.016900 -3.849500 -4.453700 -4.909600 -10.940000 -4494.409500 
0.298000 -2.758400 -1.580100 -0.920000 -2.943200 -1.173800 -1.085400 -2.149400 -3.949100 -4.521300 -11.311100 -4664.226500 
0.300000 -4.354400 -2.923100 -5.617200 -2.491700 -2.719000 -2.103100 -3.110500 -6.559000 -6.764500 -14.817700 -4801.319100 
0.302000 -1.761700 -1.218200 -2.014800 -2.489600 -0.480800 -1.343400 -2.228500 -3.766700 -2.281300 -21.497700 -5131.596100 
0.304000 -3.027100 -2.334800 -1.648600 -3.753200 -3.945200 -3.089400 -1.360000 -2.525600 -3.644300 -13.355100 -4879.538800 
0.306000 -1.761500 -3.203600 -2.879300 -0.632400 -5.783500 -4.782700 -3.708300 -13.354000 -3.966800 -9.782300 -4898.652300 
0.308000 -2.233500 -2.607100 -3.369800 -2.353800 -4.649000 -4.111300 -2.809500 -6.482700 -5.144600 -12.087500 -4321.334300 
0.310000 -2.830400 -1.255800 -2.219300 -3.026600 -3.095000 -0.644000 -2.753300 -4.395700 -12.464300 -16.452200 -4564.153300 
0.312000 -0.938000 -3.726300 -4.441400 -3.003800 -3.243100 -3.064500 -1.498000 -4.711300 -4.187100 -16.625100 -5164.369700 
0.314000 -1.252300 -1.342200 -0.756800 -1.792100 -2.203200 -2.138200 -2.769900 -5.152600 -10.224600 -14.639500 -5468.086500 
0.316000 -4.877500 -6.197600 -2.971400 -0.487500 -1.341800 -2.721600 -4.073200 -0.913700 -3.398800 -15.654400 -5230.441000 
0.318000 -5.265000 -1.808400 -2.471800 -0.314000 -0.808300 -1.184100 -1.566500 -1.630200 -8.535700 -15.084700 -4038.774900 
0.320000 -1.273900 -3.626700 -0.659800 -2.935500 -0.953600 -1.202200 -2.569900 -1.876100 -3.613900 -13.118900 -4472.189100 
0.322000 -3.132200 -0.827900 -1.336900 -3.246000 -2.434600 -1.628300 -3.607000 -3.503500 -4.722000 -14.895800 -4176.376500 
0.324000 -2.931200 -0.858100 -1.463400 -0.697600 -2.847500 -3.890300 -5.746900 -11.482800 -4.087200 -27.054300 -5103.699600 
0.326000 -4.549100 -1.992500 -1.429100 -2.164000 -1.421100 -0.665200 -4.621700 -6.398800 -2.884900 -11.831200 -5306.353100 
0.328000 -3.673400 -1.722600 -1.765200 -2.982300 -2.359800 -4.865600 -3.585600 -2.002400 -6.108500 -11.820700 -4437.097900 
0.330000 -1.863600 -1.189500 -0.936900 -1.127400 -1.495300 -2.282000 -2.284200 -1.100500 -6.633100 -12.997100 -4375.398700 
0.332000 -1.525700 -1.039700 -2.264700 -2.944200 -1.623500 -6.010900 -2.228300 -3.616500 -6.849000 -15.372000 -4546.705800 
0.334000 -0.538400 -1.748400 -1.402400 -3.156800 -5.824700 -1.939000 -2.355500 -3.702800 -17.827300 -17.261500 -5219.159400 
0.336000 -1.892700 -1.551400 -1.097800 -4.680900 -1.246400 -3.302700 -1.111300 -2.768500 -4.694800 -20.464100 -4878.933300 
0.338000 -3.291600 -3.474100 -0.242000 -2.187800 -2.680800 -6.227300 -5.806500 -5.232000 -8.634700 -32.539100 -4682.718900 
0.340000 -0.961400 -0.407100 -1.667100 -0.771200 -2.611100 -6.226500 -1.752500 -3.639000 -5.403900 -36.227500 -5225.551500 
0.342000 -0.408400 -3.255300 -1.387100 -1.531400 -3.173400 -1.872000 -1.499400 -3.398200 -4.341600 -31.863900 -5211.761900 
0.344000 -3.927200 -0.388400 -3.342300 -0.435100 -1.337100 -2.511600 -6.929900 -4.328900 -12.502900 -27.444800 -4382.864200 
0.346000 -1.610600 -1.498700 -4.189900 -1.440800 -3.825600 -2.705300 -2.535600 -7.124200 -11.699600 -23.135800 -4295.062100 
0.348000 -1.862200 -2.266300 -1.529000 -1.281400 -2.319300 -1.429800 -4.311500 -2.423500 -4.088000 -10.859600 -4019.745900 
0.350000 -1.430700 -0.876500 -2.289600 -3.550300 -1.122300 -1.181400 -4.741900 -2.727900 -3.885400 -11.856700 -3561.873700 
0.352000 -2.526700 -1.981300 -3.028800 -1.201000 -0.568400 -0.706000 -3.678300 -2.907100 -9.919500 -7.083800 -3580.142200 
0.354000 -2.862700 -1.927400 -1.504300 -1.847500 -2.006000 -0.644600 -1.885900 -3.957800 -5.506500 -17.574000 -3575.580300 
0.356000 -4.287200 -2.151100 -1.846000 -1.426500 -1.977600 -5.387200 -4.225000 -1.339100 -3.855300 -20.331600 -3864.352700 
0.358000 -1.015400 -0.870600 -3.203400 -2.051400 -5.514900 -4.504800 -4.286000 -5.751300 -4.550100 -9.249600 -3422.007300 
0.360000 -1.618100 -1.064800 -5.065300 -3.242000 -4.967500 -1.656900 -6.539600 -2.037000 -4.183500 -31.361300 -3434.222500 
0.362000 -5.336600 -1.168800 -1.008000 -0.793000 -5.405200 -6.408200 -5.108800 -4.273200 -8.284800 -13.957100 -3140.750500 
0.364000 -6.509400 -4.965100 -3.099900 -2.931500 -3.038400 -2.387000 -8.610000 -1.779700 -6.079000 -12.115900 -2852.968100 
0.366000 -4.241000 -1.725600 -4.057500 -3.868200 -2.566400 -4.029200 -2.555200 -3.915900 -8.409100 -20.311000 -2724.126700 
0.368000 -1.346300 -0.652200 -4.108500 -1.796300 -0.923200 -3.539900 -8.041000 -3.446600 -4.965100 -22.059600 -2454.983900 
0.370000 -2.957000 -0.887100 -2.073400 -1.087500 -1.294900 -3.718500 -5.302900 -2.986800 -10.103700 -19.657900 -2664.481700 
0.372000 -4.154700 -1.223000 -4.600400 -0.642100 -1.419900 -0.778000 -5.176900 -2.714400 -6.648100 -15.466600 -2301.164600 
0.374000 -2.171000 -1.573400 -3.433900 -0.980000 -0.861900 -0.803500 -3.761900 -6.618000 -4.516800 -11.983900 -2705.781000 
0.376000 -1.480200 -3.078900 -3.584700 -1.667100 -2.241600 -4.400500 -6.997600 -2.473900 -5.166900 -12.997800 -2703.826100 
0.378000 -2.927000 -2.052900 -1.738800 -1.783400 -3.884900 -1.629000 -6.522100 -6.538000 -3.722900 -16.230000 -2478.352900 
0.380000 -2.809200 -3.055200 -2.470500 -0.159100 -1.020500 -4.936400 -2.802300 -4.147600 -6.093000 -22.527000 -2694.440800 
0.382000 -4.116800 -1.990700 -2.966400 -2.670500 -0.461600 -4.985000 -2.275000 -5.370200 -2.996400 -12.306900 -2407.801600 
0.384000 -1.764800 -3.979500 -1.989900 -3.641900 -1.189600 -0.558200 -6.972900 -3.628900 -12.336000 -9.238000 -2465.442200 
0.386000 -1.526600 -0.448700 -4.273300 -1.491100 -1.853900 -3.486600 -3.909500 -3.185600 -13.414300 -10.898800 -2902.395700 
0.388000 -4.359500 -2.209700 -2.824200 -0.850500 -1.980000 -1.692200 -5.471700 -4.517300 -2.543700 -13.220800 -3052.814100 
0.390000 -2.595300 -1.454500 -1.093400 -1.636100 -1.956700 -1.521600 -6.030100 -2.051800 -3.800300 -9.164600 -2986.459000 
0.392000 -4.676200 -1.651800 -1.731100 -3.612900 -0.613800 -2.969900 -5.470600 -1.539400 -6.825200 -19.844500 -2684.186000 
0.394000 -1.470800 -0.566600 -1.695900 -0.799200 -1.011500 -2.616700 -9.392100 -5.207900 -7.138100 -15.114100 -2532.694300 
0.396000 -2.326900 -2.944000 -1.921000 -1.530200 -3.851800 -1.457800 -3.717000 -2.234200 -12.338700 -25.410100 -2788.432200 
0.398000 -2.342800 -1.686800 -2.262300 -1.112200 -0.845600 -2.338200 -12.492600 -1.678300 -5.443500 -21.638100 -2884.630900 
0.400000 -2.132100 -3.626600 -7.759600 -2.701100 -2.033600 -1.862400 -3.304100 -1.385800 -4.119000 -14.818900 -3074.853900 
0.402000 -0.832900 -1.609100 -2.687800 -1.800600 -2.086700 -1.680600 -7.246400 -2.989400 -7.333800 -16.523700 -3178.670100 
0.404000 -2.623300 -1.481400 -2.712800 -0.534100 -0.595700 -4.194600 -2.857500 -1.900700 -8.721700 -12.511900 -3123.803800 
0.406000 -2.667400 -3.501600 -3.779400 -0.892300 -0.748300 -2.955100 -3.450400 -9.227300 -11.185600 -21.496700 -2918.177000 
0.408000 -1.641300 -2.256100 -2.968700 -2.049800 -1.962000 -3.152800 -6.720900 -11.821700 -8.031300 -15.174200 -2767.643900 
0.410000 -1.529100 -1.748000 -2.935400 -1.233200 -5.412400 -4.107000 -5.374200 -11.156300 -5.586700 -9.031200 -3195.557400 
0.412000 -1.552100 -3.704400 -1.021000 -3.922700 -17.178700 -2.167100 -4.914400 -4.119800 -4.133400 -13.388200 -2556.901500 
0.414000 -3.229500 -1.010400 -1.022500 -4.178100 -2.582000 -3.350400 -6.604400 -1.824000 -2.684400 -17.287000 -2545.528200 
0.416000 -1.147300 -1.525800 -0.323900 -3.657800 -4.881200 -2.548700 -5.798700 -2.718800 -3.745300 -13.276400 -2594.939300 
0.418000 -1.424200 -2.310600 -1.299400 -6.002500 -2.731400 -3.804100 -7.387300 -3.000800 -1.936000 -10.346700 -2783.857200 
0.420000 -0.972500 -1.986800 -2.312400 -1.058800 -2.379800 -2.239600 -1.497000 -5.692800 -14.549700 -13.519000 -2611.418100 
0.422000 -2.070300 -1.339900 -4.357300 -4.047800 -2.505900 -2.716800 -4.434300 -1.410700 -3.761600 -24.676500 -2463.929400 
0.424000 -3.274300 -1.990100 -1.045500 -1.220700 -5.639900 -4.282700 -4.930500 -4.425400 -7.757200 -20.213200 -2502.568000 
0.426000 -6.019200 -1.945200 -2.901800 -2.521700 -0.810300 -2.167300 -5.769100 -4.059300 -3.209100 -17.793600 -2379.406100 
0.428000 -2.343600 -2.668000 -4.084600 -4.408600 -3.919600 -2.806800 -6.340400 -1.431200 -3.671100 -13.127700 -2627.426600 
0.430000 -3.071200 -4.070000 -2.973000 -1.119700 -3.989100 -2.541000 -6.429900 -2.265600 -2.343100 -15.126500 -2313.151100 
0.432000 -0.389900 -1.365600 -3.984000 -1.071900 -1.974400 -8.936900 -11.214900 -1.991100 -1.130400 -5.407300 -2477.984000 
0.434000 -2.506400 -0.868300 -3.162700 -2.294300 -6.632800 -2.187400 -6.213600 -3.297900 -6.178300 -14.016100 -1965.974200 
0.436000 -0.390400 -1.577900 -1.561300 -2.153700 -1.231800 -4.620400 -3.799800 -2.459400 -4.675800 -9.135000 -1862.047800 
0.438000 -1.206200 -0.326700 -1.517400 -1.136600 -0.606900 -2.916300 -5.901100 -7.731300 -3.269300 -7.402600 -1758.903000 
0.440000 -1.719100 -1.038000 -1.166400 -2.558400 -1.743900 -4.323300 -4.281900 -7.731300 -2.910900 -14.705900 -1837.360600 
0.442000 -2.583300 -2.121300 -1.933600 -3.232900 -2.893700 -2.549200 -5.357000 -1.729300 -10.894300 -9.711700 -2066.587500 
0.444000 -1.966100 -2.664700 -2.304400 -3.060500 -3.126500 -8.493300 -7.386500 -6.290900 -4.346300 -8.204600 -2135.954400 
0.446000 -3.389700 -1.177400 -0.720700 -1.728700 -5.784600 -5.950200 -7.367600 -0.439300 -3.619200 -11.498800 -2108.589200 
0.448000 -1.692500 -1.421300 -1.759600 -3.234600 -2.458700 -3.542600 -4.450000 -2.818800 -10.114400 -8.770000 -2074.035300 
0.450000 -2.547400 -1.430900 -1.508400 -3.158400 -2.254500 -6.178600 -4.083600 -1.587100 -12.100300 -9.676200 -2281.498500 
0.452000 -5.926700 -1.839800 -1.767900 -2.222200 -1.579100 -7.414100 -6.617900 -2.614200 -4.829000 -7.987800 -1930.583200 
0.454000 -2.945100 -0.809400 -1.065000 -2.507400 -1.272900 -9.724400 -5.793300 -3.336400 -3.707900 -8.559900 -1936.082500 
0.456000 -0.649800 -1.038000 -2.415900 -2.036300 -1.276300 -7.124800 -4.822900 -1.178000 -10.794700 -14.921500 -1966.458600 
0.458000 -2.031400 -2.733600 -2.376000 -3.795000 -2.907300 -2.173700 -15.227700 -4.360600 -6.364100 -3.641200 -2018.471800 
0.460000 -1.346200 -2.216100 -0.937300 -4.908100 -1.038300 -2.023200 -5.496800 -1.545400 -13.955400 -16.983100 -1925.946400 
0.462000 -2.420300 -1.067500 -1.552700 -3.587500 -2.519200 -5.064500 -0.958500 -4.553200 -9.246300 -6.788400 -2220.179100 
0.464000 -3.478500 -1.726300 -0.730300 -4.609100 -0.839500 -4.488900 -4.043600 -3.460400 -6.878600 -7.878400 -2123.240400 
0.466000 -3.465300 -0.468900 -1.040000 -5.025500 -1.184800 -8.869200 -3.311500 -4.430400 -4.116600 -6.750200 -2608.622400 
0.468000 -2.065900 -0.215400 -2.495000 -1.000200 -2.865500 -4.674300 -4.497600 -4.584600 -4.106700 -9.876800 -2427.680800 
0.470000 -2.694600 -4.732100 -0.930500 -3.582400 -5.468600 -7.639000 -3.495300 -4.131000 -3.723100 -1.090900 -2640.487000 
0.472000 -2.142200 -2.240400 -1.888600 -2.450200 -1.796500 -3.770000 -2.482300 -0.696700 -5.107700 -11.141900 -2548.651000 
0.474000 -3.606700 -0.695700 -3.486900 -4.106700 -2.788900 -2.187500 -2.443100 -3.937000 -7.211100 -11.954300 -2785.675000 
0.476000 -3.740400 -1.325100 -0.414700 -3.857100 -1.544300 -4.126000 -2.777000 -2.475800 -10.042400 -6.723600 -2869.451500 
0.478000 -3.007800 -1.085600 -2.207400 -2.983400 -6.466700 -1.896000 -1.387600 -3.184900 -7.093600 -3.566400 -2660.184600 
0.480000 -1.922000 -1.473700 -2.414800 -2.476900 -1.918600 -1.898200 -2.440700 -6.331800 -6.143400 -8.570100 -2702.210100 
0.482000 -5.154100 -1.936500 -2.042500 -3.009400 -2.439600 -5.637100 -2.807300 -10.900400 -6.636500 -6.102700 -2441.537700 
0.484000 -4.532600 -1.511400 -2.944900 -2.831600 -1.436700 -2.071700 -7.723700 -2.401800 -3.758200 -3.398800 -2669.564800 
0.486000 -1.758100 -1.418300 -4.111700 -3.017100 -2.779200 -5.654500 -4.018700 -3.051000 -3.988700 -5.744700 -2360.707100 
0.488000 -2.576300 -0.952400 -1.136900 -2.072600 -1.791000 -10.836300 -1.966100 -9.866700 -14.727200 -8.118900 -2282.357700 
0.490000 -3.062400 -1.684200 -1.519900 -1.415200 -2.431400 -4.332200 -1.801400 -1.548700 -19.054600 -7.642000 -2334.702100 
0.492000 -4.608800 -2.138900 -0.674800 -4.392900 -3.505700 -2.745900 -4.092200 -2.740000 -15.508500 -11.047300 -2251.354000 
0.494000 -3.357600 -7.518000 -0.900900 -3.770500 -3.212700 -2.766200 -6.624100 -2.501800 -16.244800 -6.883000 -2195.165700 
0.496000 -1.718500 -3.062900 -2.016000 -2.714300 -1.717300 -0.676100 -6.764600 -4.362600 -16.323800 -12.813300 -2330.768800 
0.498000 -2.656000 -0.971600 -3.597400 -3.307300 -1.473100 -6.327300 -7.683400 -2.439600 -10.453400 -11.848700 -2482.127100 
0.500000 -2.490800 -3.087700 -3.302200 -1.922800 -5.161600 -10.385800 -3.690200 -3.869900 -13.273600 -9.596000 -2041.083100 
0.502000 -2.514500 -2.752400 -4.592900 -1.817100 -2.617500 -9.424200 -5.666500 -7.391000 -8.956000 -5.727100 -2646.834000 
0.504000 -4.959200 -1.742900 -1.900400 -3.594800 -3.286600 -6.957400 -5.495100 -2.046400 -14.409800 -9.372400 -2490.211800 
0.506000 -1.082300 -5.131300 -2.660000 -2.080300 -4.115300 -6.783000 -2.791900 -0.723100 -25.996100 -10.089600 -2170.033300 
0.508000 -1.240300 -3.048200 -4.061100 -4.488300 -5.193000 -8.135100 -3.543700 -3.432800 -29.754900 -4.887400 -2131.650000 
0.510000 -3.018300 -6.437100 -2.268800 -0.986900 -4.495400 -4.768700 -5.467100 -1.900200 -14.190800 -12.843500 -2186.235900 
0.512000 -2.133500 -1.909500 -3.071700 -2.680700 -3.688000 -4.547300 -4.279000 -3.140200 -18.913200 -6.162600 -1924.072500 
0.514000 -1.477900 -2.447100 -1.686900 -2.960200 -4.281700 -3.237600 -3.693400 -2.004200 -25.566000 -12.882600 -2250.132700 
0.516000 -0.961400 -1.598700 -3.383100 -1.845200 -4.437600 -4.995700 -3.091000 -3.963500 -15.228200 -10.494000 -2527.420800 
0.518000 -3.872700 -4.819900 -1.315800 -4.056500 -3.847000 -1.289600 -7.041700 -3.685300 -11.111900 -9.822800 -1914.104200 
0.520000 -2.944100 -1.776200 -7.971300 -3.726500 -4.944300 -4.611500 -3.471100 -4.415400 -9.011000 -7.002400 -1666.643300 
0.522000 -4.340900 -0.663100 -2.418000 -3.607100 -2.290300 -4.316300 -1.911300 -5.657100 -9.311500 -4.637900 -1713.235000 
0.524000 -1.693100 -1.343000 -1.930200 -2.043600 -3.742000 -9.028700 -9.478600 -1.170300 -8.006100 -2.608000 -1375.684500 
0.526000 -4.263900 -1.512200 -1.090400 -4.586400 -5.499900 -5.400900 -2.570900 -2.328000 -12.259700 -10.830700 -1577.260800 
0.528000 -2.648400 -2.172000 -1.594100 -5.150100 -3.706200 -2.394300 -5.031200 -4.345500 -18.504800 -8.121900 -1782.559800 
0.530000 -2.748200 -0.686700 -1.232000 -6.796000 -4.333700 -3.051300 -3.639400 -4.404600 -15.754200 -13.197200 -1471.074100 
0.532000 -3.611800 -5.340900 -1.381200 -8.528400 -2.106400 -3.035700 -3.404400 -2.923700 -12.909300 -8.669700 -1512.096400 
0.534000 -1.874100 -0.600000 -1.488200 -6.465400 -6.543900 -9.850300 -4.262900 -7.004100 -18.064800 -8.102700 -1216.583200 
0.536000 -3.051200 -3.202200 -3.877300 -3.953100 -3.904000 -2.715900 -1.665000 -2.722900 -14.516100 -10.870800 -1338.842500 
0.538000 -5.104300 -2.254300 -2.183500 -4.284900 -4.680200 -3.832900 -2.883400 -5.785100 -26.757500 -9.420000 -1443.533800 
0.540000 -4.674100 -1.465400 -5.054000 -5.305300 -6.178700 -3.019800 -1.025900 -7.032200 -19.340900 -3.966100 -910.158900 
0.542000 -3.617500 -2.140800 -3.841100 -3.729300 -4.159400 -4.888200 -0.888200 -4.244300 -10.069800 -8.696700 -1195.553500 
0.544000 -3.490600 -1.975200 -2.121700 -4.042500 -5.400100 -3.230600 -3.691400 -3.042600 -9.755300 -10.333600 -819.568800 
0.546000 -2.881700 -1.997600 -4.350700 -4.214400 -4.213300 -3.768700 -5.140300 -8.631300 -12.629600 -7.246700 -945.153600 
0.548000 -2.893500 -2.299000 -1.434700 -3.293200 -7.775200 -2.996700 -3.589700 -4.682800 -13.187000 -5.868200 -1008.622000 
0.550000 -3.610000 -2.849800 -3.677000 -7.887700 -3.801700 -2.025700 -3.100200 -9.007300 -15.708300 -9.297600 -1145.150800 
0.552000 -2.886900 -3.908100 -2.998100 -4.319800 -4.720800 -2.311200 -4.340700 -2.106000 -12.929000 -5.185900 -1037.834400 
0.554000 -2.999000 -1.170600 -2.722400 -2.761800 -3.503400 -2.122300 -14.451500 -4.454600 -24.390500 -5.287300 -1373.340300 
0.556000 -3.262600 -1.144000 -3.356200 -5.507900 -3.107300 -4.302500 -5.721900 -1.574000 -17.891200 -8.278800 -1566.394800 
0.558000 -1.622900 -3.600900 -2.338900 -2.146600 -4.932500 -3.052100 -2.581900 -4.000000 -12.487200 -12.363600 -1316.690500 
0.560000 -1.635300 -1.978600 -0.245800 -2.012900 -2.300900 -2.124200 -11.456400 -11.434200 -13.858400 -5.532100 -1274.974900 
0.562000 -3.180200 -1.704300 -0.173100 -4.757000 -3.156600 -1.966900 -7.054100 -6.964200 -11.902500 -3.848100 -1399.569600 
0.564000 -2.787800 -2.128900 -3.362500 -4.313600 -6.550000 -0.917300 -10.621300 -8.173800 -16.020900 -5.420800 -1611.862300 
0.566000 -2.334100 -2.145800 -3.148700 -3.264300 -5.814800 -2.260000 -1.568300 -5.307700 -14.957100 -5.923400 -1433.911100 
0.568000 -5.213300 -2.656100 -1.534100 -5.309700 -6.659500 -5.005200 -1.232900 -6.632700 -18.164900 -6.863600 -1353.995600 
0.570000 -1.663500 -0.766400 -2.234600 -3.681800 -3.422500 -5.631100 -9.146400 -5.111800 -18.145500 -3.477000 -1666.302400 
0.572000 -2.744800 -4.052100 -1.447500 -4.247000 -3.103300 -4.577500 -6.095500 -7.878700 -14.457100 -6.368600 -1444.427100 
0.574000 -3.127600 -1.518700 -0.602900 -3.260000 -3.431800 -3.279600 -3.782100 -7.066800 -18.784600 -10.741000 -1456.927500 
0.576000 -2.010400 -1.362800 -1.844500 -5.521800 -2.797700 -3.955700 -3.157000 -4.836400 -12.402600 -9.306100 -1353.213100 
0.578000 -3.258100 -2.718600 -2.619300 -4.521300 -5.637000 -2.272500 -2.670500 -4.759000 -17.773600 -10.842500 -1502.564600 
0.580000 -4.762200 -2.616900 -1.913800 -4.283800 -2.921600 -2.777900 -2.571400 -7.925400 -10.492000 -5.865800 -934.881800 
0.582000 -3.748500 -2.739200 -2.532100 -3.299600 -4.735500 -9.622600 -2.295400 -5.860100 -9.994000 -9.098600 -1006.506000 
0.584000 -1.155500 -1.339700 -2.425200 -2.609900 -5.837000 -2.653400 -1.873300 -4.938300 -12.919700 -10.785000 -1623.668900 
0.586000 -3.048400 -2.782800 -0.914300 -3.839700 -5.105500 -3.919600 -4.737300 -1.549600 -19.562800 -9.309200 -1622.865500 
0.588000 -1.504700 -2.312300 -2.102400 -2.226500 -4.992800 -3.538300 -6.967500 -1.288400 -12.159100 -5.321800 -1896.701700 
0.590000 -1.696700 -2.557400 -1.106100 -2.789000 -5.940600 -2.933000 -6.367400 -2.913500 -14.735600 -8.235600 -1571.052800 
0.592000 -0.920200 -1.408700 -3.437900 -4.060200 -6.752600 -1.727300 -2.754100 -6.506500 -16.860900 -9.562700 -1579.382700 
0.594000 -1.571600 -2.975700 -2.464900 -2.764600 -5.840700 -1.255100 -2.651500 -4.333900 -8.972400 -13.560400 -1855.720600 
0.596000 -1.731500 -3.905300 -2.003600 -2.669700 -4.561700 -3.289900 -7.032300 -4.944700 -13.271000 -6.076800 -1380.485500 
0.598000 -2.262100 -2.361700 -0.757300 -3.725500 -1.273200 -1.784300 -3.904800 -2.836600 -16.059600 -6.930500 -1658.122300 
0.600000 -3.248100 -2.164100 -3.414000 -3.900800 -4.278400 -1.594000 -2.721600 -10.343000 -14.856500 -5.619300 -1330.359000 
0.602000 -3.448300 -3.443700 -2.792500 -4.576700 -3.509900 -4.441400 -3.473800 -10.356200 -15.752000 -6.469900 -1791.036400 
0.604000 -4.501400 -3.718300 -1.748600 -7.329400 -5.930700 -4.373700 -9.599800 -6.270600 -18.082300 -7.505100 -1604.288200 
0.606000 -3.127300 -1.175400 -2.001900 -2.673900 -5.519500 -1.769400 -3.187600 -3.231200 -10.175000 -13.156000 -2017.127900 
0.608000 -2.073100 -0.767200 -2.200000 -7.557900 -3.865900 -9.708000 -5.324300 -4.830900 -12.148900 -7.645700 -1503.947500 
0.610000 -3.170600 -2.029800 -2.734500 -5.280300 -4.660800 -2.442000 -3.735400 -3.327300 -14.119400 -18.709400 -1470.780400 
0.612000 -2.258000 -2.165400 -2.173600 -3.123600 -3.104200 -2.307600 -5.836400 -7.270100 -16.176100 -5.355100 -1666.643000 
0.614000 -4.171400 -2.577900 -1.649300 -3.315100 -3.823700 -6.089800 -4.345900 -4.024100 -17.313700 -10.000400 -1647.990300 
0.616000 -2.059500 -5.174400 -2.022600 -5.848500 -3.400700 -3.076000 -7.255700 -5.694500 -14.753100 -11.807900 -1773.274100 
0.618000 -1.578100 -0.738000 -2.836500 -5.049100 -7.542300 -1.941300 -5.423300 -1.940000 -9.496200 -7.934600 -1352.571700 
0.620000 -2.420500 -2.069800 -3.057300 -4.030800 -3.301500 -3.934400 -1.745900 -0.547000 -22.816800 -19.712500 -1517.207900 
0.622000 -3.170500 -1.589800 -1.893100 -3.961400 -4.900900 -2.870200 -2.732300 -2.759300 -11.645400 -14.107300 -1334.379300 
0.624000 -5.505800 -3.225500 -3.384000 -1.374000 -4.276500 -5.063800 -3.899400 -3.695800 -9.520000 -17.668700 -1049.594500 
0.626000 -4.944200 -3.152400 -1.416000 -2.387400 -4.790600 -1.630300 -2.670200 -4.324000 -16.094800 -10.300100 -1354.789200 
0.628000 -1.708600 -1.865700 -2.199800 -1.353600 -4.558800 -5.321200 -1.621100 -4.728300 -10.509700 -10.285500 -1605.641200 
0.630000 -0.907600 -3.173500 -1.154700 -1.450900 -2.410400 -3.796300 -1.203300 -5.552500 -11.799500 -9.097000 -2103.320300 
0.632000 -2.288400 -3.408500 -0.620100 -1.767400 -6.597600 -4.537100 -5.237800 -3.667200 -13.639500 -9.788500 -1778.846200 
0.634000 -5.312500 -3.486100 -2.007100 -1.230000 -6.894800 -2.842400 -2.292400 -4.937800 -14.864600 -10.831900 -1835.726000 
0.636000 -5.664300 -1.787300 -1.243200 -1.368900 -5.294400 -5.705100 -2.791800 -9.179700 -15.667900 -7.327000 -1481.702500 
0.638000 -5.202800 -2.770600 -1.982100 -0.722600 -5.053200 -5.956900 -2.704400 -5.870800 -13.952900 -5.374800 -1447.836300 
0.640000 -3.282200 -2.056200 -3.487900 -2.150700 -3.661800 -3.555400 -2.216700 -5.562700 -18.013200 -6.354100 -1740.150600 
0.642000 -2.206300 -1.679200 -1.577300 -0.758100 -4.520500 -1.847100 -3.366500 -8.973100 -23.880300 -6.521500 -1427.571300 
0.644000 -5.170900 -3.405300 -0.430000 -6.365500 -3.701300 -2.526700 -7.517100 -1.413800 -23.351300 -7.069600 -1864.030400 
0.646000 -3.862100 -3.517700 -1.769200 -2.736900 -5.295900 -2.143200 -0.791500 -9.401500 -19.809100 -5.001700 -1261.706800 
0.648000 -5.925100 -2.205100 -1.625100 -1.831900 -4.631400 -1.287700 -2.783500 -3.974000 -24.580400 -2.697900 -1697.164600 
0.650000 -2.453100 -2.025700 -1.065300 -1.071300 -3.618200 -2.046400 -2.501800 -5.409000 -19.813100 -5.915400 -1869.816400 
0.652000 -2.511400 -2.443500 -3.942700 -2.356100 -4.679200 -1.011600 -3.722000 -5.883100 -13.887500 -7.603800 -1494.924200 
0.654000 -2.966900 -3.966500 -0.592900 -1.656800 -12.413000 -1.810700 -2.054600 -4.750100 -15.570100 -7.071300 -1855.828500 
0.656000 -3.086800 -2.632700 -0.836500 -1.527500 -3.566600 -3.862500 -0.819500 -8.614600 -11.979400 -12.989100 -2486.599300 
0.658000 -1.924600 -1.692900 -0.318400 -4.436100 -5.435900 -1.463400 -1.969800 -5.539300 -12.908800 -8.763400 -2579.160700 
0.660000 -0.296800 -4.667700 -0.693400 -2.063200 -4.899200 -4.146000 -2.349000 -7.331500 -11.396600 -11.474100 -2334.239300 
0.662000 -2.272000 -3.015600 -3.049300 -3.836800 -5.386500 -2.004400 -3.866400 -10.800100 -13.649000 -5.014500 -2572.204800 
0.664000 -1.435800 -2.405900 -1.803200 -2.882000 -2.531400 -4.488500 -1.380200 -4.757400 -7.888600 -10.093600 -2207.657300 
0.666000 -2.234700 -0.864200 -4.141000 -1.890800 -4.911900 -6.037600 -1.484700 -2.857900 -10.072000 -6.981500 -2370.638500 
0.668000 -4.266000 -2.309800 -1.075900 -3.559200 -3.811700 -4.004900 -3.537100 -2.244400 -12.787200 -23.699300 -2677.567600 
0.670000 -1.899800 -2.337600 -1.694700 -2.050200 -2.849100 -5.130400 -3.130000 -2.053900 -14.164600 -11.364200 -2525.271800 
0.672000 -1.567600 -2.925900 -2.016200 -3.769100 -5.322700 -6.181800 -2.324000 -5.549200 -8.831100 -13.701400 -2140.191900 
0.674000 -2.856100 -1.116200 -0.789600 -2.986000 -1.887200 -3.178000 -1.208500 -7.105700 -16.245500 -17.695700 -2175.057900 
0.676000 -4.078200 -2.837100 -2.108100 -6.137100 -2.617900 -3.499300 -3.952900 -8.293400 -11.585400 -5.238500 -2140.242900 
0.678000 -2.834500 -2.466100 -1.321900 -5.155700 -1.793200 -3.514200 -2.096700 -1.422300 -10.753200 -13.264400 -2026.604400 
0.680000 -1.490100 -4.403900 -2.413600 -6.172900 -1.168900 -4.061100 -4.706500 -2.791500 -9.080700 -14.864600 -1833.809500 
0.682000 -2.167100 -3.545900 -2.910900 -4.755300 -2.252700 -8.950100 -5.293200 -8.117900 -10.209300 -9.772700 -2197.692600 
0.684000 -1.376100 -1.354900 -2.469800 -4.344300 -4.615200 -2.197900 -2.362800 -1.545100 -13.574700 -3.445200 -2406.462300 
0.686000 -0.344400 -2.035200 -1.679400 -2.329400 -2.452400 -3.603900 -2.632800 -2.148600 -16.439900 -12.629400 -2780.117100 
0.688000 -1.291600 -0.855300 -3.401000 -2.506100 -4.249400 -4.230600 -2.746200 -1.738000 -10.588200 -11.323400 -3675.455700 
0.690000 -2.005400 -1.605200 -1.874600 -4.595000 -4.361900 -1.656200 -3.082500 -5.118000 -11.118900 -23.672900 -3134.247700 
0.692000 -1.500100 -2.955200 -3.110700 -5.193200 -2.491800 -2.249700 -4.030200 -1.223500 -9.275800 -21.833800 -3461.875900 
0.694000 -2.098000 -0.815600 -4.241500 -2.267600 -7.176800 -3.417000 -5.540300 -3.577900 -14.468100 -7.587400 -3567.969400 
0.696000 -0.797800 -1.374200 -2.329900 -0.474100 -6.112900 -3.766600 -6.517500 -4.531600 -7.684200 -13.167700 -3515.741400 
0.698000 -1.124400 -1.621500 -4.060000 -1.883100 -11.169000 -2.571900 -2.542600 -4.821000 -16.565600 -3.817700 -3722.846000 
0.700000 -2.405500 -0.577500 -2.968700 -2.909100 -11.362700 -1.228400 -5.422500 -1.322500 -9.041300 -10.593200 -3366.956700 
0.702000 -3.194700 -1.593700 -1.994500 -3.778500 -5.227200 -4.452200 -3.081800 -1.923500 -8.580500 -17.802900 -3046.080800 
0.704000 -1.128600 -2.477400 -2.076300 -2.341500 -3.490300 -0.446400 -2.026600 -1.370900 -8.870200 -10.043900 -3128.404100 
0.706000 -2.726300 -2.842600 -2.773800 -3.961300 -3.861300 -3.371900 -1.357100 -3.618100 -12.138100 -8.817600 -3963.712200 
0.708000 -3.830700 -1.332300 -1.500800 -4.332000 -2.284300 -4.268900 -1.054700 -2.686900 -16.599300 -8.512400 -4394.263300 
0.710000 -1.836300 -1.305200 -2.483800 -2.498700 -2.467700 -4.109600 -1.210600 -2.832000 -12.541600 -4.139300 -4345.942800 
0.712000 -2.806800 -3.160000 -1.700100 -4.704100 -2.525300 -7.403300 -5.203800 -4.514300 -11.787200 -6.173200 -4450.317300 
0.714000 -2.422800 -3.881600 -1.832200 -4.926500 -3.278100 -5.113600 -3.717000 -2.096500 -6.535200 -4.793900 -4855.785000 
0.716000 -1.429300 -3.642100 -3.300200 -2.423900 -5.631400 -7.451400 -3.694700 -8.482900 -7.535800 -16.756100 -5326.950600 
0.718000 -2.016400 -2.251000 -1.657100 -4.727700 -3.537400 -8.515400 -1.644500 -4.495200 -5.986100 -9.365100 -5579.477100 
0.720000 -2.499300 -1.007200 -2.037500 -3.170000 -2.774900 -1.449600 -4.364800 -1.453200 -7.433600 -3.061200 -5165.968100 
0.722000 -1.900900 -1.509900 -2.263300 -1.961400 -4.466500 -9.556100 -3.666000 -6.170700 -7.591600 -10.723200 -5339.957600 
0.724000 -2.276000 -3.386500 -10.251400 -1.760200 -2.464000 -3.969800 -6.096000 -0.979500 -10.424800 -9.009900 -6063.955300 
0.726000 -1.692700 -3.267100 -2.860800 -4.667600 -4.981400 -2.713200 -3.135800 -1.968600 -11.376300 -12.492400 -6174.570800 
0.728000 -1.218500 -1.015900 -1.182500 -3.899600 -3.744300 -5.000400 -5.336700 -3.557700 -13.574900 -7.026200 -5456.326800 
0.730000 -2.315500 -3.031000 -4.848200 -5.280800 -4.880700 -9.556700 -2.117100 -2.768500 -10.064100 -4.285000 -5525.538400 
0.732000 -3.084700 -1.606300 -2.961000 -3.014300 -4.044200 -2.428800 -1.649200 -3.158800 -18.089400 -10.335800 -6623.932600 
0.734000 -0.757900 -3.222000 -3.964500 -4.648000 -3.170000 -4.942500 -9.717700 -0.885200 -14.062000 -14.907300 -6010.756800 
0.736000 -0.786200 -1.345200 -2.713900 -1.480000 -2.400200 -7.062600 -2.576000 -1.812300 -17.397000 -10.802000 -8133.743200 
0.738000 -1.300700 -2.329000 -1.399600 -1.455400 -2.437700 -2.788100 -5.396900 -7.288600 -20.336700 -5.175200 -7356.176200 
0.740000 -1.834800 -3.439900 -0.789200 -3.164400 -6.134400 -4.493600 -3.980800 -1.889100 -11.260400 -3.974100 -6684.295600 
0.742000 -1.276700 -1.564100 -1.283200 -4.922700 -10.308800 -4.945800 -3.606300 -7.281800 -14.397200 -11.019500 -5005.403000 
0.744000 -3.696100 -2.865400 -1.168300 -3.115500 -3.798100 -4.372200 -3.498100 -2.722100 -11.900200 -8.524900 -5334.181100 
0.746000 -1.993700 -3.220900 -0.727700 -2.683900 -5.003800 -3.317900 -0.797400 -2.973200 -21.514600 -3.327900 -6375.399300 
0.748000 -0.339300 -0.694400 -0.869400 -1.686700 -2.645600 -2.642300 -0.994000 -3.492400 -19.518200 -12.495500 -5788.393100 
0.750000 -2.501300 -5.040900 -1.281800 -3.508800 -2.889200 -1.718600 -2.836300 -0.441900 -23.572700 -21.960200 -5663.849900 
0.752000 -1.922200 -1.586200 -1.682000 -2.926700 -4.297900 -6.778100 -4.233400 -4.385600 -17.180600 -9.892300 -4965.472100 
0.754000 -1.960200 -2.978900 -0.573700 -4.249400 -2.976000 -5.772700 -4.580800 -1.098800 -18.605700 -8.251400 -4712.358100 
0.756000 -1.781800 -2.376100 -0.578700 -3.023500 -2.963500 -7.984700 -4.431700 -4.702700 -24.605400 -28.568600 -4663.640500 
0.758000 -2.641800 -2.513200 -0.323500 -3.070800 -3.521900 -9.318500 -0.748700 -7.167100 -13.908600 -11.227100 -3629.366600 
0.760000 -1.348000 -3.245900 -1.230400 -6.378500 -4.780000 -3.799600 -3.659700 -1.914300 -16.660000 -11.169500 -4238.224500 
0.762000 -0.785700 -2.958900 -2.728900 -1.863800 -2.830300 -4.616700 -4.750700 -2.412300 -20.972300 -11.854900 -4508.134300 
0.764000 -1.805000 -2.105700 -1.459600 -2.732900 -7.067400 -4.093800 -2.753900 -6.914700 -11.879700 -8.615100 -4337.818700 
0.766000 -2.286000 -2.411500 -2.406300 -2.299000 -5.431300 -4.914100 -5.141400 -4.555000 -10.641800 -15.504100 -5068.239000 
0.768000 -0.622900 -5.550800 -0.819200 -3.486400 -4.639600 -7.214800 -1.724300 -4.845400 -17.819000 -3.491500 -4921.182500 
0.770000 -3.903500 -1.815900 -1.697100 -4.317400 -3.747600 -5.335200 -5.063300 -2.935200 -11.151000 -12.184000 -4086.045000 
0.772000 -1.680700 -2.271400 -1.653300 -3.869200 -6.804600 -3.998600 -2.855800 -4.617300 -11.533200 -10.051200 -4768.554800 
0.774000 -2.499300 -0.912100 -1.870700 -5.057300 -3.857700 -3.990200 -2.952800 -3.562600 -7.454000 -6.535500 -5617.962600 
0.776000 -2.932600 -1.664500 -1.878600 -3.046400 -5.386400 -5.840300 -3.895500 -5.839200 -12.330100 -18.237500 -5522.050300 
0.778000 -1.557200 -1.608200 -0.671800 -3.280400 -2.687800 -4.123400 -1.275200 -1.986100 -11.294800 -17.455000 -5625.620300 
0.780000 -1.919100 -2.303700 -1.391400 -2.317400 -5.106800 -3.793700 -8.303700 -5.577200 -22.232000 -8.133700 -4597.380400 
0.782000 -1.658600 -2.881500 -2.277900 -3.054200 -6.681500 -4.029500 -0.901100 -1.682100 -19.472300 -35.202200 -4589.781600 
0.784000 -2.426300 -4.954200 -1.291400 -1.830400 -2.953800 -2.631000 -1.397100 -3.872800 -16.503300 -7.018700 -4404.865400 
0.786000 -3.011900 -3.568500 -2.877700 -3.801400 -6.110400 -1.244300 -6.065700 -3.406800 -10.626700 -13.213900 -5376.125300 
0.788000 -1.164500 -4.862500 -2.773400 -6.065300 -3.946000 -3.200400 -1.557300 -1.905000 -27.048300 -15.825000 -5720.778300 
0.790000 -2.174600 -0.826800 -0.525300 -2.540400 -1.826500 -3.232600 -2.419100 -2.293100 -9.137900 -5.838000 -5607.704200 
0.792000 -1.362400 -2.322700 -0.505300 -3.880600 -4.004000 -6.515200 -2.315500 -9.396500 -13.835000 -12.277500 -5422.483600 
0.794000 -1.291800 -2.355000 -2.289500 -4.423300 -3.669300 -4.496000 -4.222100 -2.408000 -8.736400 -7.820700 -5986.116400 
0.796000 -1.713200 -1.451800 -1.462400 -8.709100 -0.471300 -1.874300 -1.755300 -1.927400 -13.362200 -4.202500 -5718.341200 
0.798000 -3.048800 -0.857500 -2.609000 -5.868800 -1.673300 -2.559500 -2.639700 -3.092900 -10.731300 -3.275500 -5622.031500 
0.800000 -0.518400 -2.168400 -1.636000 -4.236300 -4.715300 -4.129800 -2.440900 -3.387100 -7.243700 -10.835100 -5730.957800 
0.802000 -0.665300 -1.496400 -1.615700 -7.995400 -0.740100 -3.876000 -1.491700 -3.026800 -9.371400 -8.223200 -5507.239300 
0.804000 -1.458100 -2.793100 -1.744100 -5.167600 -1.156500 -5.090700 -6.418800 -1.173800 -17.707300 -5.568200 -5214.211000 
0.806000 -2.349200 -2.232800 -0.967800 -8.450200 -2.893400 -3.542600 -4.859100 -4.990800 -19.651700 -8.374900 -4972.640800 
0.808000 -1.401300 -5.178700 -0.713900 -3.576700 -1.249000 -3.868800 -9.033000 -1.380600 -24.945500 -15.787100 -6186.623700 
0.810000 -2.197500 -3.351500 -1.109300 -6.954000 -2.386900 -4.730900 -7.537900 -2.139700 -24.731300 -11.873300 -5729.025300 
0.812000 -5.411800 -2.779800 -1.216000 -8.343300 -1.706900 -4.193400 -3.796100 -3.577700 -11.083600 -9.096700 -5569.778500 
0.814000 -1.811300 -4.245500 -1.225800 -5.296600 -2.127000 -4.288700 -4.492000 -10.474000 -13.837200 -5.372900 -5648.962900 
0.816000 -1.204300 -3.162400 -2.550100 -3.606700 -4.710400 -4.018500 -7.175900 -4.862500 -18.584800 -9.643500 -5458.612000 
0.818000 -2.052400 -2.936600 -0.743000 -4.923900 -4.484200 -2.520900 -8.047900 -4.055900 -10.726100 -17.315600 -5703.942100 
0.820000 -0.828500 -3.333100 -0.825800 -6.432100 -1.882200 -3.673600 -6.337500 -4.601300 -18.693200 -14.421900 -5400.083100 
0.822000 -3.178100 -2.852200 -3.460900 -4.035400 -2.648300 -5.749800 -5.305100 -5.643800 -10.450600 -6.714900 -5358.642900 
0.824000 -0.756400 -3.093800 -0.509200 -3.911900 -3.934000 -5.048800 -1.795700 -1.914800 -8.799400 -6.673300 -5945.694600 
0.826000 -1.548600 -1.711700 -1.200300 -3.601600 -3.153500 -5.624900 -3.106900 -4.127600 -11.222400 -5.175800 -4580.952500 
0.828000 -0.558300 -2.272800 -1.645000 -3.473400 -2.922400 -3.422700 -5.630200 -3.658500 -14.012600 -13.258700 -4777.651700 
0.830000 -1.254900 -2.031500 -0.942000 -4.969700 -5.058200 -6.952000 -2.116500 -3.477200 -10.209700 -13.105000 -5215.180600 
0.832000 -1.926600 -1.715900 -2.768700 -3.712700 -2.666300 -5.098800 -0.656800 -1.045700 -13.505100 -15.914000 -5301.992700 
0.834000 -3.197000 -1.954300 -0.948400 -4.828300 -2.073500 -4.625200 -2.375500 -6.336700 -8.749000 -11.851000 -4797.081100 
0.836000 -1.517800 -0.632200 -0.343700 -3.981000 -3.220300 -7.642100 -5.593900 -3.319800 -11.201100 -7.788600 -5542.662100 
0.838000 -2.482800 -1.735300 -0.826000 -4.624100 -0.472300 -4.562200 -2.540000 -5.050500 -13.904200 -7.291000 -5317.303900 
0.840000 -0.597000 -1.080000 -2.721000 -5.218800 -2.725800 -3.556600 -3.632900 -4.365500 -14.372400 -4.468400 -5920.922100 
0.842000 -2.220100 -1.663900 -1.091700 -3.981500 -3.290000 -2.223500 -2.515400 -3.837800 -16.693700 -8.196700 -6038.919300 
0.844000 -3.712800 -2.018500 -1.459700 -6.528800 -2.472600 -1.982800 -2.723000 -0.914100 -15.708500 -2.597200 -5846.249500 
0.846000 -2.249100 -2.525000 -2.369800 -7.726700 -0.692100 -3.010600 -0.804300 -2.309200 -15.941100 -8.879700 -5807.947600 
0.848000 -1.650200 -2.113000 -1.607800 -2.646100 -1.086900 -6.086500 -0.665300 -7.713400 -21.439600 -6.738200 -5821.803900 
0.850000 -2.657000 -1.856900 -2.497500 -2.496700 -0.809100 -5.956400 -0.291700 -5.359800 -20.150200 -4.481000 -5685.898100 
0.852000 -1.834100 -2.678100 -3.433100 -4.092500 -1.015000 -3.480600 -9.240600 -5.472300 -13.778000 -5.162100 -5754.700600 
0.854000 -0.976200 -1.656900 -1.348300 -3.946700 -2.100100 -2.593800 -3.185300 -5.406100 -14.591800 -6.642100 -5952.865500 
0.856000 -2.787300 -1.928300 -1.727400 -4.568100 -1.629500 -5.919900 -2.650000 -7.233900 -13.662700 -8.213500 -5048.363800 
0.858000 -1.603200 -1.862500 -2.679300 -2.847000 -3.652200 -5.365000 -8.062300 -10.962700 -27.061200 -16.303500 -4802.170000 
0.860000 -1.803000 -5.213700 -2.103000 -2.183300 -12.351200 -2.852300 -7.151200 -1.172500 -23.307200 -15.629300 -5614.409600 
0.862000 -3.750000 -2.798400 -2.099600 -4.188800 -4.909800 -4.328300 -3.137800 -3.417000 -32.181400 -27.648700 -4784.748200 
0.864000 -0.223600 -6.550000 -2.606300 -1.717500 -5.334500 -3.457100 -2.913700 -7.213700 -31.209400 -14.856700 -4913.264700 
0.866000 -1.635300 -1.217200 -1.101700 -4.147500 -7.810900 -3.262700 -6.276900 -8.900200 -22.288600 -14.104200 -5760.059300 
0.868000 -3.825600 -1.974400 -1.096000 -3.746800 -2.860300 -3.006300 -8.666400 -6.749500 -13.850600 -9.348800 -6250.591100 
0.870000 -1.627200 -3.689200 -3.988000 -5.154100 -6.417800 -2.420500 -5.396700 -4.358600 -15.797400 -17.059700 -5505.734700 
0.872000 -2.326500 -1.921800 -0.961800 -3.880500 -3.728200 -5.844000 -8.106400 -3.289600 -15.933000 -16.332400 -4946.481700 
0.874000 -4.018200 -2.102800 -2.954800 -6.620000 -4.951600 -5.615300 -11.122100 -11.890400 -17.274000 -10.100100 -6440.544200 
0.876000 -2.174100 -1.089700 -1.058400 -2.536900 -4.959700 -3.986400 -1.776000 -1.328000 -20.849800 -10.718700 -6245.641800 
0.878000 -2.480800 -1.347100 -0.620200 -1.710600 -2.856500 -4.406900 -5.267800 -1.435800 -14.644700 -14.452500 -5870.697900 
0.880000 -4.515300 -2.540800 -1.465900 -2.652400 -5.169400 -1.815200 -4.763700 -4.250100 -26.733100 -22.869900 -6408.225100 
0.882000 -2.813300 -4.619900 -1.186200 -4.294100 -6.231200 -4.749600 -4.340100 -1.157600 -21.929500 -14.107100 -5929.151200 
0.884000 -1.457900 -2.076600 -0.919600 -5.475000 -5.467300 -2.582500 -3.655400 -5.550300 -28.592900 -7.928900 -6599.549900 
0.886000 -3.500400 -2.478300 -1.664800 -3.751000 -2.472100 -4.756400 -5.538700 -5.987600 -16.042600 -8.618800 -7538.561500 
0.888000 -3.143700 -1.110700 -0.733800 -3.153600 -5.573400 -6.990200 -1.445200 -3.884300 -21.833000 -8.116000 -7721.619600 
0.890000 -3.796800 -2.532400 -2.181500 -3.906600 -1.407700 -5.747300 -2.372500 -1.432200 -18.346700 -13.112400 -7004.327600 
0.892000 -5.735600 -1.639300 -1.352000 -4.323500 -3.257100 -2.266400 -2.620300 -1.316900 -27.613000 -15.779900 -7583.732000 
0.894000 -2.433100 -1.697400 -0.460300 -4.084900 -2.620100 -2.346400 -1.210500 -1.373200 -19.842500 -18.572200 -6300.605200 
0.896000 -1.596700 -2.952800 -1.158800 -5.346400 -2.513400 -5.895100 -7.158500 -1.664900 -13.672800 -6.633500 -7597.389200 
0.898000 -1.712600 -4.490000 -0.348000 -6.448900 -2.915100 -3.572200 -6.387200 -3.666500 -18.585000 -6.761300 -7510.853000 
0.900000 -2.305400 -1.429100 -3.480900 -3.865800 -1.862100 -3.631200 -7.444300 -13.856400 -13.084100 -12.514900 -7058.986400 
0.902000 -4.470000 -1.721400 -1.914900 -3.557200 -1.784600 -1.918900 -3.523800 -4.071700 -13.458700 -8.063200 -7889.619700 
0.904000 -4.222400 -1.488800 -1.831800 -6.987000 -3.054900 -5.673600 -5.624000 -2.333800 -16.017100 -6.237700 -6814.449200 
0.906000 -5.597400 -1.943200 -4.291900 -3.091800 -1.066500 -1.075700 -4.407000 -1.899900 -22.975300 -9.200800 -6228.252900 
0.908000 -3.626600 -1.737000 -1.258400 -1.075300 -2.571900 -3.233400 -3.876100 -0.970700 -9.016700 -7.035100 -6764.410200 
0.910000 -3.171100 -3.035200 -3.409500 -1.818500 -2.267900 -7.843700 -3.111200 -9.167800 -13.623600 -14.766900 -6418.666000 
0.912000 -2.965900 -2.053300 -2.478300 -3.003600 -2.780100 -5.713200 -0.814600 -7.304600 -8.915100 -5.889200 -6778.023900 
0.914000 -3.505000 -1.944000 -3.864300 -1.978000 -0.880800 -5.072100 -1.837000 -5.271200 -11.244100 -6.728800 -6857.521900 
0.916000 -2.940300 -0.619300 -4.104200 -2.560400 -4.251800 -7.139300 -2.750800 -3.947600 -18.013200 -5.175300 -6661.093100 
0.918000 -1.749800 -2.174400 -2.389200 -2.405200 -3.214700 -5.994500 -5.453000 -0.898900 -10.722200 -11.881700 -6378.223400 
0.920000 -2.347300 -1.719800 -0.971800 -3.403900 -0.970600 -2.852400 -0.721400 -3.972600 -14.812200 -14.282600 -6050.388900 
0.922000 -1.573400 -2.084000 -4.570700 -3.848800 -1.340100 -3.048800 -3.501600 -1.591200 -15.599700 -7.024900 -5964.719800 
0.924000 -3.060600 -1.255200 -1.193500 -1.209500 -1.835500 -5.607300 -9.085900 -3.125900 -9.068500 -11.942200 -5687.711800 
0.926000 -1.963200 -2.651200 -1.353100 -1.652200 -0.703300 -3.118600 -4.713200 -2.524000 -10.931300 -7.829700 -5279.656000 
0.928000 -3.483800 -1.938400 -2.926300 -1.766600 -0.608900 -5.882700 -3.275800 -1.247100 -9.692700 -14.550900 -5675.658700 
0.930000 -3.059200 -1.910700 -2.235600 -1.363000 -0.674400 -4.170600 -1.862600 -5.587900 -21.937100 -12.244400 -5722.057400 
0.932000 -2.852400 -1.001700 -1.685600 -1.625700 -0.717400 -4.028300 -6.029000 -4.207900 -11.656000 -9.362000 -6069.063400 
0.934000 -2.854300 -1.403200 -2.023100 -0.950400 -2.217400 -5.769700 -2.656200 -5.176300 -9.466300 -13.370400 -5657.766500 
0.936000 -0.690500 -0.619500 -2.072800 -3.141500 -9.527000 -4.559000 -3.137100 -6.715900 -7.889700 -7.461200 -4972.629000 
0.938000 -1.232700 -0.815100 -4.599800 -4.387500 -1.231900 -3.376500 -4.645600 -2.523700 -15.712100 -5.237300 -3988.402000 
0.940000 -3.773300 -0.822200 -1.244200 -3.013300 -2.725700 -3.048100 -5.914900 -3.241300 -14.865400 -12.158700 -4656.921800 
0.942000 -5.696700 -1.016000 -1.321400 -4.197900 -2.044200 -4.902000 -8.096900 -2.333700 -14.381600 -9.707300 -4578.698400 
0.944000 -1.576000 -3.370300 -2.377700 -4.420100 -0.541600 -4.503000 -7.923800 -4.685900 -21.319900 -13.058000 -4580.550400 
0.946000 -2.452000 -2.996800 -1.247400 -2.629900 -2.344300 -7.072200 -2.341900 -2.525100 -24.328800 -14.901500 -4669.355200 
0.948000 -2.897200 -2.122400 -1.491200 -0.555600 -0.853800 -4.743900 -8.081900 -1.344500 -21.703200 -10.683200 -4189.474500 
0.950000 -2.266100 -0.994100 -4.542500 -1.538400 -2.005000 -3.611800 -9.376400 -1.302100 -15.556800 -7.082600 -4311.459700 
0.952000 -3.662200 -1.047200 -1.937400 -4.769500 -2.446100 -2.674600 -10.204200 -5.646600 -15.840900 -6.589500 -3916.731900 
0.954000 -2.875100 -1.414500 -3.569600 -4.606000 -1.094700 -1.815100 -6.755600 -7.441900 -15.750700 -4.057600 -3995.549600 
0.956000 -1.003900 -2.523400 -2.959000 -2.574900 -5.327400 -4.323800 -7.529400 -5.556800 -15.724900 -15.344300 -4679.755300 
0.958000 -2.801500 -0.143500 -1.320400 -1.344600 -7.806500 -3.080800 -8.021700 -16.146400 -18.846900 -17.729300 -4729.070200 
0.960000 -2.905300 -2.578100 -3.735700 -2.214800 -1.723600 -3.229100 -4.846500 -5.217900 -19.978400 -9.751200 -4605.836200 
0.962000 -3.309700 -2.910400 -1.021000 -1.390100 -1.224200 -3.015100 -4.129500 -2.884300 -19.487100 -9.996600 -3334.110000 
0.964000 -3.191600 -1.439100 -2.375200 -1.687000 -3.645500 -2.188600 -6.720600 -5.822900 -26.428700 -10.731400 -3449.280000 
0.966000 -1.374000 -1.548900 -1.126900 -3.179100 -2.957200 -6.025900 -5.577500 -2.728200 -18.425300 -18.276100 -3228.177100 
0.968000 -1.395100 -1.966300 -1.478400 -4.249900 -3.232700 -2.006900 -1.632800 -11.690600 -15.256500 -11.739200 -3248.852300 
0.970000 -3.399400 -1.159600 -1.146000 -4.053800 -1.785400 -4.008700 -3.365600 -2.798100 -13.843300 -7.673400 -2981.035900 
0.972000 -1.612800 -3.666200 -2.088300 -2.899100 -4.023000 -1.855300 -2.296200 -0.532700 -17.607700 -6.363700 -2731.797500 
0.974000 -0.885200 -2.985300 -3.036100 -1.443200 -8.383000 -5.319400 -3.392900 -6.318800 -14.591400 -6.746400 -2472.924700 
0.976000 -1.957400 -2.617600 -2.631700 -4.758800 -6.274200 -6.576700 -7.368700 -2.151700 -16.037900 -13.393300 -2132.290600 
0.978000 -2.140800 -1.379000 -0.723400 -3.947600 -3.913200 -5.018600 -3.795900 -1.726700 -17.226800 -7.147700 -2257.044000 
0.980000 -1.890500 -0.898400 -0.848200 -6.238100 -4.917100 -3.406900 -3.081900 -8.912600 -22.580500 -23.040900 -1847.897600 
0.982000 -0.886100 -0.534500 -2.221700 -2.253300 -2.841600 -3.031100 -7.488300 -0.598800 -15.711300 -9.744300 -1983.066200 
0.984000 -3.539100 -1.894400 -0.388700 -4.470800 -3.662200 -2.223700 -2.227500 -1.421900 -18.547800 -4.761300 -1913.729800 
0.986000 -3.323300 -1.453200 -1.303000 -2.344900 -5.856100 -7.441400 -0.943700 -4.787600 -15.363100 -4.255600 -1826.243900 
0.988000 -1.644400 -1.878100 -1.749500 -1.854100 -1.308700 -1.866300 -5.450700 -2.787100 -14.131500 -13.950500 -2171.325000 
0.990000 -2.852300 -2.528600 -2.468000 -3.603500 -5.799700 -3.889200 -7.379000 -1.927300 -15.523200 -2.804300 -2654.329500 
0.992000 -2.841600 -0.373900 -1.774900 -4.635400 -4.252000 -4.923000 -8.889000 -1.584600 -15.169800 -5.526000 -2437.487500 
0.994000 -1.760700 -0.852400 -0.937900 -3.033400 -1.939900 -7.578000 -2.856600 -0.682300 -9.535900 -7.556100 -2142.717100 
0.996000 -2.469100 -1.102500 -0.437500 -1.916700 -6.344700 -5.220800 -4.568500 -1.589600 -20.675800 -10.899600 -1856.236000 
0.998000 -4.026500 -2.966600 -1.220800 -5.866700 -1.206800 -3.523800 -5.663500 -1.349600 -23.468800 -10.882200 -2115.211300 
