# gradients (DV/DL) for lambdas: 0.0 0.1 0.2 0.3 0.4 0.5 0.6 0.7 0.8 0.9 1.0
0.000000 -1.951600 -0.803900 -3.345000 -0.336600 -0.303500 -0.442900 -2.342100 -1.871600 -0.709500 -3.097700 -3.172500 
0.002000 -3.431000 -0.733900 -1.473900 -0.909600 -0.654900 -3.563800 -3.576200 -4.227600 -4.785200 -2.721700 -2.711800 
0.004000 -1.704500 -1.266300 -2.164100 -2.321400 -2.854700 -2.024200 -1.795300 -3.809200 -9.693100 -5.896600 -10.781100 
0.006000 -1.090100 -1.886000 -1.565400 -0.709900 -2.216100 -1.338800 -0.592800 -5.630600 -8.184600 -1.804400 -6.331800 
0.008000 -0.749700 -1.587800 -1.904200 -1.055000 -0.468100 -1.235000 -0.343700 -6.225300 -1.062500 -6.743500 -10.972900 
0.010000 -1.521300 -0.283100 -5.327300 -1.890100 -1.232500 -0.984000 -6.608600 -6.205800 -10.343400 -4.172200 -5.790400 
0.012000 -1.115300 -1.183500 -3.158300 -2.376200 -1.032600 -0.550800 -3.892800 -2.618700 -3.989100 -10.771700 -3.640000 
0.014000 -0.742100 -1.213100 -1.903500 -1.903800 -2.853800 -4.987200 -3.706000 -2.675400 -9.715900 -4.431600 -7.094500 
0.016000 -3.052800 -0.238300 -0.369200 -0.258300 -0.445400 -1.815700 -1.739400 -8.397500 -4.994000 -5.950000 -2.763300 
0.018000 -2.283600 -1.629600 -1.612100 -2.196900 -1.217800 -2.357800 -2.425300 -3.506500 -2.567700 -13.359400 -2.894200 
0.020000 -0.187100 -0.209600 -0.573800 -0.592300 -1.194300 -1.624800 -0.562100 -3.315300 -0.853100 -6.177500 -2.172500 
0.022000 -1.712000 -1.657200 -1.696100 -1.205500 -2.912700 -4.457200 -3.306500 -5.472900 -5.921200 -12.721000 -7.564400 
0.024000 -0.335800 -1.211900 -2.357600 -1.422400 -1.864300 -0.277800 -5.335000 -3.098800 -5.888500 -4.256100 -9.102800 
0.026000 -2.040000 -0.120400 -2.381200 -1.288500 -1.128700 -0.882000 -4.065300 -6.048000 -4.060500 -3.689900 -7.092500 
0.028000 -1.569300 -1.594000 -1.287400 -2.989900 -0.257900 -5.384800 -2.057200 -4.255400 -1.798000 -10.102500 -4.252400 
0.030000 -3.239900 -0.292500 -0.453500 -3.010200 -3.119900 -1.570700 -5.510000 -5.088800 -1.042500 -5.884600 -4.898800 
0.032000 -0.469800 -0.715700 -3.540000 -0.409700 -0.593600 -2.329700 -7.598600 -7.332600 -4.542100 -6.227900 -4.707700 
0.034000 -1.711400 -0.566900 -1.224400 -0.596600 -1.471300 -0.799400 -3.750400 -3.866300 -1.374900 -7.183300 -3.861700 
0.036000 -1.966500 -1.138700 -2.350900 -0.855100 -2.684500 -1.298000 -2.382500 -6.910000 -3.148500 -7.016700 -2.725000 
0.038000 -1.008200 -0.850700 -3.735300 -0.878700 -2.476500 -0.381000 -6.690200 -5.225900 -3.422300 -5.996800 -2.421300 
0.040000 -2.845500 -1.325800 -3.280000 -0.869000 -0.642300 -1.111900 -6.531100 -7.457800 -2.743000 -7.143200 -2.489000 
0.042000 -0.621200 -0.604400 -4.435400 -0.995000 -1.531400 -7.837900 -4.827700 -2.346200 -5.706600 -2.774500 -21.034800 
0.044000 -6.007300 -0.652900 -3.449500 -0.616600 -0.852300 -1.604400 -3.422200 -3.911400 -6.552800 -11.182300 -10.412600 
0.046000 -0.641600 -1.179500 -3.613700 -0.565200 -3.910200 -3.236400 -5.636900 -5.782700 -4.947600 -3.998100 -10.343400 
0.048000 -3.147000 -2.470400 -3.129300 -0.256900 -2.089600 -3.737300 -1.595600 -5.356800 -4.133400 -5.596800 -5.190100 
0.050000 -1.803200 -0.708100 -3.552500 -2.010900 -0.618900 -1.002700 -2.197600 -4.084900 -7.267500 -8.118200 -3.059500 
0.052000 -2.246600 -1.629500 -4.239700 -2.481200 -1.849000 -2.583700 -4.078500 -2.537700 -7.905600 -3.630900 -6.529300 
0.054000 -1.159400 -0.724600 -1.319700 -1.972000 -2.277200 -2.627900 -3.330600 -6.568900 -4.198200 -5.704800 -3.605700 
0.056000 -1.262400 -0.784800 -2.251500 -2.340100 -0.915700 -0.947200 -1.086000 -4.886300 -4.580200 -3.549900 -1.129000 
0.058000 -1.599800 -0.138900 -0.931600 -5.406200 -0.342900 -1.614600 -1.648500 -1.671200 -7.004600 -5.631700 -2.804800 
0.060000 -1.394400 -0.807300 -0.762600 -4.007700 -1.385100 -1.914600 -1.379200 -1.152000 -7.683500 -6.502200 -3.695400 
0.062000 -3.552800 -1.906800 -3.046800 -3.810700 -1.302000 -4.851000 -1.787600 -1.076800 -2.045500 -12.569100 -6.446800 
0.064000 -1.177700 -1.441200 -1.765400 -0.850600 -0.216100 -0.938400 -2.540600 -0.258200 -0.906900 -4.495200 -23.381500 
0.066000 -1.498300 -0.349700 -1.617300 -0.240500 -0.884000 -3.295200 -0.237000 -2.037100 -0.979800 -6.096200 -11.035700 
0.068000 -2.429800 -0.472700 -3.290500 -0.781900 -1.142600 -1.293800 -0.728200 -1.178400 -2.790900 -6.841400 -3.817100 
0.070000 -2.825300 -1.269900 -2.981200 -0.735900 -3.012000 -2.323400 -0.414900 -6.641700 -8.478000 -3.577900 -4.347600 
0.072000 -1.284500 -2.853900 -2.432000 -1.353300 -0.948000 -1.012900 -3.782500 -1.071700 -3.546600 -8.873700 -3.320100 
0.074000 -0.709500 -1.042700 -0.957300 -2.189800 -0.394200 -0.793900 -3.331000 -1.939500 -2.431700 -6.442900 -3.656100 
0.076000 -5.062900 -1.276000 -1.107100 -4.083700 -1.366000 -1.607200 -3.878900 -1.582500 -4.098400 -11.426600 -2.363100 
0.078000 -1.749200 -0.945800 -2.781500 -1.476500 -2.369500 -2.076400 -2.030100 -1.102200 -3.431800 -2.420000 -2.830900 
0.080000 -1.404700 -2.227600 -1.912200 -3.293400 -2.098300 -0.981200 -3.067100 -0.390100 -4.094300 -4.249100 -11.191900 
0.082000 -1.667300 -1.948500 -1.998200 -2.967000 -0.340400 -1.339900 -2.890800 -0.644900 -8.725500 -2.506900 -5.886200 
0.084000 -0.600000 -3.392700 -1.767900 -2.307900 -0.490000 -1.208700 -2.327000 -0.893100 -8.228300 -9.257200 -6.886000 
0.086000 -1.118200 -0.811000 -0.451400 -5.372500 -1.417300 -1.891900 -3.536900 -0.845700 -4.693900 -6.411700 -16.731100 
0.088000 -1.882000 -4.695800 -2.268900 -4.722300 -2.522300 -1.236200 -5.381800 -0.548900 -3.301200 -3.749000 -7.919300 
0.090000 -1.043500 -2.778800 -0.701000 -2.792800 -0.818600 -0.576100 -8.728800 -2.264300 -4.931600 -4.917400 -2.552800 
0.092000 -1.022700 -3.838800 -4.833600 -1.111600 -1.422400 -1.004700 -4.349400 -2.335300 -3.863800 -1.450300 -13.322900 
0.094000 -0.129700 -1.184300 -0.918800 -2.119500 -2.702600 -2.011200 -1.904900 -1.123100 -1.901300 -7.516700 -4.060700 
0.096000 -1.674400 -0.755800 -1.413500 -3.023200 -3.623600 -1.916900 -4.400700 -1.472400 -3.603000 -9.308500 -19.661400 
0.098000 -0.496000 -1.241500 -2.375900 -1.175500 -1.422800 -3.744200 -5.445100 -2.550300 -6.755000 -5.964500 -4.589200 
0.100000 -0.319100 -1.341300 -0.619500 -5.797200 -0.843400 -1.503400 -5.941500 -1.172800 -7.829300 -6.590400 -7.719900 
0.102000 -0.771700 -1.637900 -0.675000 -6.678700 -1.849000 -0.653200 -4.161700 -1.261500 -4.900100 -6.344500 -3.411000 
0.104000 -3.018800 -2.507300 -1.102100 -1.110700 -0.634000 -0.671700 -5.203300 -1.403100 -4.504800 -3.728400 -0.473800 
0.106000 -1.313300 -1.752100 -1.351700 -2.099600 -4.506800 -2.183200 -3.695000 -0.495800 -1.297900 -3.749900 -1.926100 
0.108000 -1.360100 -1.627500 -0.473500 -2.322100 -1.176700 -2.413600 -2.940600 -1.432700 -1.757700 -4.135300 -0.554400 
0.110000 -1.239500 -3.498900 -1.940500 -3.513000 -3.082000 -1.859100 -1.491700 -1.160300 -7.806900 -6.277500 -5.258900 
0.112000 -3.881800 -1.370900 -1.077100 -0.485800 -2.788400 -3.616500 -3.527300 -1.243900 -3.465100 -2.143100 -0.829100 
0.114000 -2.676900 -1.801200 -1.489400 -0.693000 -3.099400 -4.921500 -2.508900 -0.856200 -4.009200 -11.623500 -2.358400 
0.116000 -0.706500 -1.946600 -2.904000 -3.395500 -0.875600 -4.227200 -0.647100 -0.678900 -5.807900 -5.784900 -11.835400 
0.118000 -3.982400 -0.584200 -1.970000 -0.317800 -0.427700 -2.727300 -1.849400 -1.477800 -8.091000 -5.040000 -2.903600 
0.120000 -1.185300 -0.345500 -3.081500 -1.338600 -1.776400 -1.537600 -1.911800 -0.695400 -5.933300 -9.023600 -1.701900 
0.122000 -0.458300 -1.098400 -0.751300 -3.668400 -3.464000 -5.194900 -2.238100 -4.377800 -1.922900 -5.864900 -5.323900 
0.124000 -0.173100 -0.429000 -1.187500 -1.164000 -1.310200 -2.777900 -5.006700 -1.525100 -2.952500 -5.768200 -6.967100 
0.126000 -0.277900 -1.900900 -0.899100 -1.729800 -0.672700 -1.951800 -4.523200 -5.310700 -4.436700 -2.617100 -3.448600 
0.128000 -0.616800 -1.267600 -0.942200 -3.369400 -2.132500 -3.978800 -2.839700 -5.146600 -3.119200 -3.203000 -2.653900 
0.130000 -0.804100 -1.337500 -0.403300 -0.390300 -1.051200 -3.941600 -1.656000 -3.206100 -3.848100 -3.066100 -6.520900 
0.132000 -1.052900 -1.302900 -0.782600 -3.214200 -1.149900 -2.504800 -1.901200 -0.847500 -4.522500 -7.238700 -6.269600 
0.134000 -1.136700 -1.840100 -0.578700 -1.059100 -0.401400 -2.701500 -0.966800 -0.768500 -6.181300 -4.286100 -9.039000 
0.136000 -1.673400 -0.717700 -3.124300 -1.888300 -1.337500 -2.634500 -1.826200 -0.938500 -5.329400 -2.241600 -2.965300 
0.138000 -0.864200 -1.963700 -0.963500 -0.859000 -4.330300 -2.788600 -3.267400 -2.694700 -1.556500 -3.966800 -7.387700 
0.140000 -1.810700 -1.553500 -0.840200 -2.604700 -1.503900 -6.245500 -2.564300 -0.179700 -1.443200 -7.139200 -2.907100 
0.142000 -0.980400 -0.819600 -2.238400 -0.463800 -2.776600 -3.231000 -1.449000 -4.535700 -4.868200 -3.617600 -9.715100 
0.144000 -1.177100 -1.517300 -1.018500 -1.060700 -2.161500 -6.325900 -2.566200 -1.168900 -4.345600 -2.746100 -6.615100 
0.146000 -1.245200 -0.484200 -1.226300 -4.433300 -1.310900 -2.924000 -1.891400 -1.869400 -1.381000 -5.089300 -12.312900 
0.148000 -0.837400 -0.991100 -0.226900 -2.573700 -1.688500 -2.579600 -2.454000 -4.439200 -4.734100 -3.766400 -10.745300 
0.150000 -2.068900 -1.285400 -0.680600 -1.754200 -1.934400 -0.712400 -6.327700 -2.947400 -6.904000 -9.543300 -5.228600 
0.152000 -0.885800 -2.552000 -1.169300 -1.730800 -1.824500 -6.035500 -4.633400 -2.514500 -6.564100 -10.054400 -10.701500 
0.154000 -3.287900 -2.198200 -0.584000 -0.964000 -1.604200 -3.786000 -9.041500 -5.513100 -1.268400 -2.067900 -13.612100 
0.156000 -0.907000 -3.894800 -2.259900 -1.459000 -3.265600 -1.611000 -8.008900 -4.153900 -6.026900 -4.573900 -3.555800 
0.158000 -1.683700 -1.979200 -0.335000 -2.124300 -1.856000 -4.724900 -1.300900 -3.044500 -5.105600 -8.113800 -13.705200 
0.160000 -0.453000 -2.425500 -1.357900 -1.513100 -2.903900 -1.029900 -6.544200 -1.936800 -6.877800 -3.105500 -6.660300 
0.162000 -1.503100 -4.010800 -0.584900 -2.614100 -2.988500 -3.177600 -5.621100 -4.829800 -3.830400 -3.408100 -2.974500 
0.164000 -0.998900 -3.289200 -2.177400 -1.651500 -2.997400 -3.173600 -6.457600 -6.677100 -4.562300 -2.787900 -4.521100 
0.166000 -0.736200 -1.810200 -0.321100 -1.853200 -1.847300 -5.395400 -7.360100 -4.510000 -5.154300 -5.412500 -4.933700 
0.168000 -0.565000 -2.026300 -1.376000 -1.045500 -4.586500 -2.186000 -2.997100 -2.691800 -3.535900 -4.142000 -2.803200 
0.170000 -2.181700 -1.054600 -1.274200 -1.477300 -3.454700 -1.739800 -2.207500 -3.156600 -9.341300 -4.864200 -9.618200 
0.172000 -0.598800 -1.852800 -2.932800 -2.348900 -1.510000 -1.805400 -6.957000 -4.585000 -3.803400 -9.784900 -12.976700 
0.174000 -0.875700 -4.228200 -3.262700 -1.917200 -3.377800 -1.033200 -7.608300 -3.755100 -7.813600 -4.720900 -4.548500 
0.176000 -1.642400 -2.332700 -6.162400 -1.804100 -0.401400 -4.156000 -5.024000 -2.188500 -7.106500 -4.142800 -8.027200 
0.178000 -0.990600 -1.188300 -1.898000 -0.915500 -1.878300 -2.534000 -2.777800 -7.942100 -6.886800 -6.718900 -4.190500 
0.180000 -1.046100 -2.368800 -0.417100 -4.890000 -2.503700 -1.855100 -3.316200 -2.723400 -4.312100 -4.820000 -6.455900 
0.182000 -0.601900 -0.673800 -0.553100 -0.757300 -1.587200 -3.934500 -0.926600 -1.440400 -4.041300 -1.723400 -5.786800 
0.184000 -0.463300 -2.303600 -0.996600 -2.412900 -2.416000 -2.162700 -1.183700 -5.700400 -4.653900 -3.914300 -7.817100 
0.186000 -0.626000 -1.293800 -0.885000 -3.501100 -3.341200 -0.436100 -3.598200 -6.380000 -1.527800 -5.221300 -5.079000 
0.188000 -1.045100 -1.886600 -2.492700 -2.634900 -2.947800 -2.312300 -2.933300 -5.660800 -3.212900 -7.750800 -7.409900 
0.190000 -0.729600 -0.302200 -1.518600 -0.644200 -3.358300 -1.621300 -3.993000 -10.054500 -4.734800 -18.669600 -5.410100 
0.192000 -1.510200 -2.226200 -1.855100 -1.925200 -1.111200 -2.330300 -1.783000 -5.019900 -7.003300 -12.988300 -14.271000 
0.194000 -0.628500 -0.281500 -2.382800 -4.373000 -1.699800 -1.955100 -3.054700 -6.376400 -2.372200 -7.944600 -1.602200 
0.196000 -0.767700 -2.067500 -1.348000 -4.471100 -4.480900 -3.262000 -2.174600 -4.425000 -2.868700 -7.348500 -2.797800 
0.198000 -0.537500 -3.280500 -2.237200 -1.265300 -3.146100 -0.616000 -5.381000 -4.943300 -3.526800 -13.378700 -2.503800 
0.200000 -0.354000 -1.032700 -0.612400 -2.185800 -1.473500 -3.166700 -2.425400 -5.651900 -2.472900 -9.239000 -7.051000 
0.202000 -0.673900 -2.683000 -1.007700 -1.746800 -1.300500 -1.681700 -4.281700 -7.746100 -7.904800 -2.054100 -10.789500 
0.204000 -0.742800 -3.251800 -1.502900 -4.697500 -1.154400 -4.422200 -1.848700 -4.556900 -1.887900 -3.698700 -6.185800 
0.206000 -0.745300 -1.419900 -1.601300 -2.721400 -2.760000 -4.447800 -2.254700 -2.269500 -4.214100 -2.505800 -7.363100 
0.208000 -1.124500 -1.251700 -0.899000 -1.631400 -1.258700 -2.086100 -1.600500 -2.725200 -5.857900 -2.732800 -2.593100 
0.210000 -0.685600 -2.619300 -2.184200 -1.603300 -2.579500 -0.890800 -3.410200 -2.242100 -0.791500 -4.096400 -9.728300 
0.212000 -0.911700 -2.571700 -0.996400 -4.775100 -3.447100 -3.251300 -3.002700 -1.350400 -4.156300 -11.763400 -3.210200 
0.214000 -0.637100 -2.078700 -1.289600 -1.484200 -4.309000 -3.307300 -4.398300 -2.030100 -4.319200 -5.532100 -4.662100 
0.216000 -1.201300 -0.744700 -0.880700 -6.841400 -2.499200 -1.545800 -1.776400 -6.493700 -4.576900 -6.908600 -9.396000 
0.218000 -1.669800 -1.660500 -0.425200 -3.901300 -1.856700 -1.005700 -1.387000 -4.352500 -9.096200 -5.651000 -2.426700 
0.220000 -1.085500 -3.299700 -1.477400 -2.496300 -3.085400 -4.170700 -7.845900 -5.874200 -1.724900 -5.383600 -3.352400 
0.222000 -1.193700 -2.350500 -0.648100 -2.091600 -2.635700 -4.198900 -2.801500 -2.058700 -1.524700 -8.436400 -2.783900 
0.224000 -0.581200 -1.104100 -2.193700 -1.084000 -2.121900 -1.847200 -1.786300 -4.166700 -5.136300 -5.478700 -4.265700 
0.226000 -1.303600 -1.837000 -0.518800 -1.702900 -2.857300 -4.296900 -2.633600 -2.533300 -0.534100 -2.871400 -10.011700 
0.228000 -0.376500 -4.754300 -1.984200 -2.876700 -3.264900 -3.037600 -1.530000 -3.614200 -1.651900 -6.386600 -2.670600 
0.230000 -0.794500 -2.032600 -1.965200 -2.153800 -4.151600 -5.441500 -0.816600 -2.707000 -2.446900 -5.228300 -12.097600 
0.232000 -1.041700 -1.763800 -2.519500 -3.695400 -2.076400 -6.575800 -1.364700 -2.086100 -1.755200 -5.357400 -5.501900 
0.234000 -0.512700 -3.480500 -1.125700 -3.899700 -1.857400 -2.316400 -2.192500 -2.326100 -4.478400 -1.582100 -3.616600 
0.236000 -0.684700 -1.216000 -0.338400 -1.623600 -3.443900 -4.784000 -3.760900 -2.552900 -5.472400 -6.196700 -4.806600 
0.238000 -0.150800 -1.023300 -0.310800 -3.634400 -2.521200 -4.553300 -1.097200 -3.460900 -3.745900 -8.813100 -1.986600 
0.240000 -0.589200 -1.236800 -0.673400 -6.021600 -1.299100 -2.776200 -4.026900 -6.314800 -0.462400 -5.959200 -7.965100 
0.242000 -0.364900 -1.576800 -0.571700 -2.882900 -1.149700 -5.624800 -4.686900 -3.945300 -4.869300 -2.459000 -8.631100 
0.244000 -0.582900 -2.217200 -0.906500 -4.732300 -0.593400 -1.810400 -6.955100 -2.896800 -0.328200 -1.993700 -7.790400 
0.246000 -0.672300 -1.024200 -2.097300 -3.269800 -4.895800 -3.268400 -4.730300 -2.152800 -0.418300 -4.616400 -4.844000 
0.248000 -1.568700 -1.023300 -1.530600 -5.679000 -2.585500 -0.815300 -2.480400 -3.154300 -3.685100 -4.006800 -4.354800 
0.250000 -0.505400 -2.218600 -1.663000 -4.537900 -3.917800 -3.690600 -3.723700 -7.057800 -6.660900 -4.477200 -26.896200 
0.252000 -0.373900 -0.902700 -1.039000 -1.509700 -1.666400 -1.428600 -3.504500 -3.456000 -4.176100 -3.845000 -7.795600 
0.254000 -0.978100 -2.120700 -0.970400 -2.524100 -1.316000 -2.201500 -2.404600 -4.591700 -3.324900 -6.822700 -4.100100 
0.256000 -0.521900 -0.627200 -1.354100 -4.890800 -4.222900 -0.818500 -3.362300 -5.124900 -5.348900 -9.877100 -7.984400 
0.258000 -0.387500 -1.765400 -3.228200 -1.447900 -2.175200 -1.741700 -2.339900 -4.495600 -5.186200 -7.689600 -3.243900 
0.260000 -0.310200 -0.215300 -1.451400 -2.884300 -2.214300 -1.589200 -4.602200 -3.321000 -6.617200 -2.746400 -7.935400 
0.262000 -0.283100 -1.004000 -1.262200 -1.527400 -3.364500 -1.279700 -1.134300 -6.638300 -4.373000 -9.968300 -5.943500 
0.264000 -1.846200 -0.530700 -0.135600 -1.280000 -2.930800 -0.829900 -1.516600 -2.576300 -1.736100 -5.003600 -4.132100 
0.266000 -1.213400 -0.575900 -1.072000 -1.186300 -4.056200 -0.321900 -1.977500 -3.954300 -0.961800 -4.144700 -4.557800 
0.268000 -0.814200 -2.734600 -2.641900 -3.275800 -2.585000 -3.714600 -1.014200 -2.776400 -1.034800 -4.233400 -8.675800 
0.270000 -0.387400 -0.360800 -1.241100 -2.322600 -1.723000 -1.267200 -4.708400 -2.574800 -1.019800 -8.102400 -8.682000 
0.272000 -1.330100 -0.259700 -0.845800 -2.000700 -3.215900 -4.469400 -3.471800 -2.142000 -0.841400 -1.369900 -11.606800 
0.274000 -0.580600 -2.191200 -0.539400 -1.516000 -3.685800 -1.144300 -3.879400 -3.265800 -2.807600 -6.613000 -6.192400 
0.276000 -0.542400 -0.707600 -0.927900 -3.902600 -3.368200 -0.214900 -3.492800 -4.446000 -2.530100 -7.900300 -4.263100 
0.278000 -1.779400 -3.513600 -1.372600 -1.289000 -4.660000 -0.782800 -3.128400 -3.910500 -1.748500 -8.051800 -4.028700 
0.280000 -1.062100 -1.289500 -1.539600 -2.867500 -2.436600 -0.850100 -2.722100 -3.539400 -4.862800 -7.356700 -2.094300 
0.282000 -1.166800 -1.209800 -0.179400 -2.432200 -3.004800 -0.877600 -1.198400 -4.811000 -3.462900 -5.357100 -13.216000 
0.284000 -0.399400 -1.054700 -1.413200 -2.049900 -3.179300 -1.754000 -1.584400 -3.724200 -11.300800 -3.978300 -11.533200 
0.286000 -0.752700 -0.842900 -0.421300 -1.095000 -3.760000 -2.857600 -1.271500 -4.720400 -4.218900 -4.242900 -7.378400 
0.288000 -1.035600 -1.396600 -0.963000 -1.142300 -3.259600 -1.567400 -2.109400 -5.651700 -2.852100 -4.271400 -10.529500 
0.290000 -1.479100 -0.942300 -1.350300 -2.934700 -3.392400 -1.746700 -3.392700 -2.046100 -4.186600 -3.205100 -5.665900 
0.292000 -0.417400 -0.282300 -0.671500 -0.958400 -3.537500 -1.192500 -2.197500 -6.200900 -1.517400 -6.337400 -4.483900 
0.294000 -1.633600 -1.391100 -1.319500 -1.183300 -2.764900 -0.863200 -3.383700 -7.234800 -8.502300 -6.130100 -3.427600 
0.296000 -1.255800 -0.902000 -1.018400 -1.456200 -2.444700 -1.278100 -2.451600 -4.288100 -2.559900 -3.201700 -13.123700 
0.298000 -2.426500 -0.904800 -0.872300 -1.962200 -3.307800 -2.148800 -7.966600 -5.830300 -6.684100 -11.551800 -11.691600 
0.300000 -0.383000 -0.682600 -0.835300 -5.199700 -4.170400 -1.895900 -5.282500 -7.990900 -10.796400 -3.615000 -6.470400 
0.302000 -0.900100 -0.333300 -2.455900 -6.641600 -1.598100 -2.132300 -1.861800 -4.308200 -14.182400 -6.414100 -3.986500 
0.304000 -2.119700 -0.667200 -0.742700 -3.345200 -6.415300 -2.128200 -2.091900 -8.770800 -10.485800 -7.844900 -7.462000 
0.306000 -2.675800 -1.031800 -1.082200 -3.510100 -3.983800 -1.709400 -2.272300 -6.614600 -10.690100 -9.693000 -5.379400 
0.308000 -1.415700 -1.664900 -1.133700 -2.895900 -5.147300 -1.018600 -2.672200 -2.639100 -6.465800 -8.144900 -4.746500 
0.310000 -1.450600 -0.788400 -0.559200 -1.840600 -3.503800 -0.863500 -3.991800 -2.936500 -12.145800 -5.920900 -6.048100 
0.312000 -1.255400 -1.138000 -0.989900 -2.668200 -3.146500 -2.327300 -2.045600 -3.511400 -8.545600 -1.549100 -4.500100 
0.314000 -1.844600 -1.523200 -0.294700 -2.370700 -3.956400 -1.334600 -4.214700 -1.206300 -8.388600 -4.125800 -5.085800 
0.316000 -0.542000 -1.196400 -0.295700 -1.926400 -8.485400 -0.468200 -1.854600 -2.826800 -10.789100 -7.419500 -5.199000 
0.318000 -0.890500 -0.479500 -0.909000 -1.049900 -2.864700 -0.640300 -1.156200 -2.659100 -4.905000 -1.414800 -5.666200 
0.320000 -0.273800 -2.096700 -1.459400 -1.866000 -1.523900 -0.602000 -2.087400 -1.760500 -11.186100 -7.583300 -10.600400 
0.322000 -1.481400 -0.928100 -2.313900 -0.695900 -2.869300 -2.520000 -1.104700 -2.079800 -2.557000 -5.901100 -4.170500 
0.324000 -1.491500 -1.445300 -1.517900 -1.989900 -4.648300 -1.196300 -4.407700 -0.899600 -1.730000 -4.971700 -7.886000 
0.326000 -1.387400 -0.383800 -2.636600 -1.935300 -2.448500 -1.977400 -1.259800 -6.081500 -7.708500 -5.309600 -5.047300 
0.328000 -0.372600 -0.810100 -4.812800 -1.965900 -3.163500 -0.910300 -2.264300 -3.405800 -2.591300 -5.177100 -2.136400 
0.330000 -1.086700 -2.214200 -0.402300 -1.899800 -0.517800 -0.869500 -4.185300 -4.086200 -3.679800 -4.861100 -5.196900 
0.332000 -0.973200 -2.304600 -1.693300 -0.903400 -1.221800 -4.127700 -4.338600 -3.325800 -2.711000 -6.521500 -8.934400 
0.334000 -1.128500 -1.018500 -2.610000 -3.138600 -2.358300 -2.517600 -1.192700 -3.550300 -2.572300 -6.936600 -9.516800 
0.336000 -0.609400 -2.375500 -0.480900 -2.234000 -2.325600 -2.754600 -3.483500 -4.853400 -7.386600 -8.216200 -7.777800 
0.338000 -1.922000 -0.463300 -1.219000 -4.623100 -3.005100 -4.950000 -1.806000 -3.547200 -2.005500 -6.836100 -7.312300 
0.340000 -1.416200 -1.313600 -5.395100 -1.013600 -3.633800 -2.680700 -2.045600 -2.464700 -2.132500 -3.808700 -13.915500 
0.342000 -2.594800 -1.106800 -1.960600 -4.218000 -2.584200 -3.086600 -2.610900 -5.469000 -3.795700 -6.026000 -6.057900 
0.344000 -0.705800 -0.882800 -1.693900 -3.178600 -2.947400 -6.142100 -0.289800 -3.416200 -6.034800 -3.842300 -5.067800 
0.346000 -0.264000 -0.465400 -0.976800 -0.874700 -3.673800 -3.423500 -4.043600 -0.883800 -6.424700 -0.448800 -15.239800 
0.348000 -1.081000 -0.385200 -3.952500 -2.263700 -5.189400 -1.638600 -1.954100 -2.993900 -1.761800 -8.673800 -6.679500 
0.350000 -2.810000 -0.380300 -0.942300 -1.272900 -2.846600 -3.264000 -1.712400 -0.791000 -0.516700 -4.937400 -2.774700 
0.352000 -0.729100 -2.769700 -0.124300 -3.457400 -1.258600 -3.667200 -3.821700 -4.964700 -3.364700 -4.476500 -10.517100 
0.354000 -0.666400 -2.586600 -2.398100 -1.224100 -1.393800 -3.936100 -6.361200 -2.192800 -6.171900 -0.158300 -2.215500 
0.356000 -1.230700 -1.034500 -0.764200 -0.474600 -0.485100 -3.264900 -5.383200 -2.018500 -6.450400 -8.905800 -5.772600 
0.358000 -0.745400 -1.774500 -0.893700 -1.118500 -1.104000 -2.331900 -3.833300 -1.177700 -4.634800 -4.723100 -2.339600 
0.360000 -0.780900 -0.841400 -0.283800 -5.260600 -3.767100 -2.648700 -1.796600 -4.204700 -3.599700 -6.047800 -3.505800 
0.362000 -0.744500 -0.468400 -1.331900 -1.039700 -2.341500 -4.433600 -4.984000 -6.851400 -5.918400 -3.859200 -12.684200 
0.364000 -0.899700 -0.796700 -3.587600 -1.545600 -2.369600 -7.926500 -3.698200 -1.354700 -7.342600 -14.923700 -11.024900 
0.366000 -0.606900 -0.169800 -1.274000 -2.462700 -3.642100 -1.623800 -4.288900 -8.436500 -1.678000 -5.000100 -8.765000 
0.368000 -1.643100 -3.059300 -0.514800 -1.949400 -1.918900 -1.767200 -4.122500 -5.448800 -0.517100 -3.908100 -6.579900 
0.370000 -1.966600 -0.765600 -3.640900 -1.850700 -5.378200 -5.444400 -1.218700 -2.881700 -3.253200 -4.967300 -6.292800 
0.372000 -1.306300 -0.940500 -0.346800 -0.778300 -2.061600 -3.342400 -4.344400 -0.833700 -0.191800 -5.987300 -10.561400 
0.374000 -2.217600 -0.633000 -1.454300 -1.553300 -3.625600 -4.126600 -3.054200 -11.117100 -0.577500 -6.880000 -15.169600 
0.376000 -0.791600 -0.769200 -1.688500 -1.454000 -4.542000 -7.537700 -3.378900 -4.108400 -1.719600 -3.899300 -4.079200 
0.378000 -0.527800 -1.245900 -0.800200 -0.986400 -5.418000 -2.434000 -4.658800 -5.503100 -4.763400 -4.426100 -7.253200 
0.380000 -0.119800 -0.425100 -2.974200 -0.177900 -2.750200 -4.057200 -2.412600 -3.837300 -1.097800 -7.509600 -26.282400 
0.382000 -1.780000 -0.583800 -2.114000 -0.686900 -2.699500 -1.487100 -4.617300 -2.018900 -0.511800 -3.784600 -12.730700 
0.384000 -0.528200 -0.784600 -2.602800 -0.891900 -3.582700 -4.123600 -6.915300 -2.912700 -4.889800 -5.142800 -9.659500 
0.386000 -0.696600 -1.199800 -1.198700 -1.348600 -4.919900 -2.314200 -4.371700 -2.305200 -5.255800 -6.731700 -5.134600 
0.388000 -0.783600 -0.618300 -1.165200 -1.740800 -5.806500 -1.573900 -2.076100 -1.436700 -1.574100 -1.369000 -17.553700 
0.390000 -1.004300 -0.734000 -1.097500 -0.745600 -3.219400 -3.633200 -2.921200 -3.221900 -0.403700 -3.936000 -10.992500 
0.392000 -3.063600 -0.474000 -0.735100 -1.042700 -4.505500 -1.325900 -0.589400 -6.014600 -4.979400 -5.138400 -4.918500 
0.394000 -1.670700 -1.670100 -0.832400 -0.319700 -2.086300 -2.966700 -3.896100 -2.004100 -1.152100 -6.269700 -3.864000 
0.396000 -0.929400 -2.211700 -1.419900 -2.129700 -2.692000 -3.346200 -4.153200 -2.014800 -3.527000 -3.963300 -4.391700 
0.398000 -0.279600 -0.513800 -1.577200 -0.954300 -1.989200 -2.906300 -3.873100 -8.715900 -3.208500 -3.885200 -5.540100 
0.400000 -0.281100 -1.396100 -0.586800 -1.274900 -4.683600 -1.709900 -2.899500 -2.141800 -5.202900 -5.045400 -13.555800 
0.402000 -1.313700 -2.388200 -2.339800 -2.784300 -4.521000 -0.110900 -3.629400 -1.045700 -1.081600 -7.242300 -4.895300 
0.404000 -1.136200 -2.914200 -0.606400 -1.141100 -4.133000 -0.931300 -1.536600 -5.034400 -4.207400 -10.183000 -7.605200 
0.406000 -2.277900 -1.836800 -0.499800 -2.609400 -5.298300 -1.163700 -3.859500 -7.979400 -0.823100 -3.658300 -8.657000 
0.408000 -1.822400 -0.687600 -1.119600 -0.458400 -3.066200 -2.467200 -2.897200 -9.083200 -3.259600 -10.309600 -3.432000 
0.410000 -1.089600 -1.336800 -0.810100 -3.076100 -3.461200 -1.863700 -4.502300 -7.085800 -5.540100 -5.508400 -7.546100 
0.412000 -0.645700 -1.494900 -2.478300 -0.911900 -6.834000 -1.714000 -1.965600 -3.278600 -4.049800 -10.958400 -2.248800 
0.414000 -1.014400 -0.722200 -0.469500 -0.927100 -1.461000 -2.853300 -3.997000 -2.804700 -0.980600 -6.097100 -7.310800 
0.416000 -1.656700 -0.555700 -0.586200 -0.150400 -3.420000 -4.915200 -1.722400 -4.690100 -7.288500 -9.364600 -8.148500 
0.418000 -0.524900 -0.748900 -1.931700 -0.818200 -5.535000 -2.252500 -5.459000 -4.609300 -3.223500 -9.811300 -4.586200 
0.420000 -0.989100 -1.287500 -0.334800 -0.612100 -1.384200 -2.868500 -3.708600 -5.061200 -3.700900 -4.680400 -9.864200 
0.422000 -1.340500 -1.050000 -2.163100 -0.627800 -1.967500 -1.983900 -1.966300 -3.374300 -3.085200 -4.449500 -10.708000 
0.424000 -1.793900 -0.618700 -1.134100 -0.779300 -6.864900 -2.667900 -1.646700 -3.490500 -3.504700 -5.615800 -10.911100 
0.426000 -2.860000 -0.294700 -0.210100 -1.005400 -2.156300 -2.775000 -1.472600 -1.970100 -0.761100 -1.884700 -2.577500 
0.428000 -0.724900 -1.819500 -1.611500 -1.700200 -1.869100 -3.555900 -1.725500 -2.211200 -2.973900 -5.651000 -9.310400 
0.430000 -0.693100 -1.057600 -0.450800 -0.633300 -2.426900 -4.639100 -2.181500 -2.629400 -2.173700 -3.343100 -7.570400 
0.432000 -0.942400 -0.431800 -1.901400 -2.258200 -1.175700 -6.674200 -3.630000 -6.179000 -2.724400 -6.103900 -7.767800 
0.434000 -2.281700 -2.780300 -0.487200 -1.944400 -3.454600 -3.156000 -2.757800 -2.071300 -1.307200 -2.445500 -13.304600 
0.436000 -0.953900 -1.028100 -0.248900 -0.670100 -3.139100 -1.000100 -2.453300 -2.176900 -0.570900 -3.834900 -8.958200 
0.438000 -2.578200 -2.311900 -1.362200 -0.534100 -2.132600 -1.922100 -1.742000 -4.045700 -1.353400 -6.426700 -10.664800 
0.440000 -0.721100 -1.366900 -1.672900 -1.821600 -2.096000 -0.601600 -5.723500 -1.980100 -2.447600 -4.012700 -6.786900 
0.442000 -1.507600 -0.861300 -0.614800 -1.678400 -1.598100 -0.437800 -5.610200 -1.324900 -4.135200 -4.440800 -12.423000 
0.444000 -1.515400 -0.324500 -1.136800 -1.090300 -1.510800 -2.255800 -1.390500 -3.103000 -3.832200 -4.439000 -7.977500 
0.446000 -0.928600 -0.851600 -1.487300 -2.505700 -2.912400 -1.894800 -3.612600 -4.480100 -0.385900 -9.722700 -16.684800 
0.448000 -0.489400 -0.157500 -1.350600 -0.809500 -4.846800 -3.859100 -3.653600 -6.403300 -14.729700 -7.243200 -6.407300 
0.450000 -1.118400 -0.646200 -3.857800 -0.744900 -3.440500 -3.483500 -2.999000 -2.495400 -2.579900 -4.637000 -10.019800 
0.452000 -0.303200 -1.640700 -0.532700 -2.039900 -4.267000 -5.286600 -3.979800 -2.188600 -1.670900 -6.544500 -4.025200 
0.454000 -1.620700 -1.270000 -0.603100 -2.732000 -4.261100 -3.204400 -3.642600 -1.776300 -6.445000 -3.406100 -2.385500 
0.456000 -0.279200 -1.270200 -0.839900 -2.231700 -3.780700 -3.272800 -3.841000 -0.683700 -6.452700 -2.896500 -9.514300 
0.458000 -1.998200 -0.766900 -0.360000 -2.059800 -2.002700 -0.940800 -3.416800 -1.284300 -8.419500 -4.676400 -4.987700 
0.460000 -1.151100 -0.594500 -1.057000 -4.302200 -3.028500 -1.671700 -4.315900 -1.799500 -1.951700 -5.088700 -7.713900 
0.462000 -0.345200 -0.653600 -1.105600 -0.281800 -3.060700 -1.507100 -1.732300 -0.937000 -8.710000 -4.031200 -1.478600 
0.464000 -1.821300 -2.172600 -1.613400 -1.792000 -2.137200 -2.360700 -5.630500 -3.137700 -0.766000 -4.988700 -5.828500 
0.466000 -1.745100 -0.831400 -0.217300 -2.754200 -2.897800 -4.857400 -7.359200 -3.815200 -1.990600 -4.682300 -3.849400 
0.468000 -0.442900 -0.328900 -0.950500 -1.930200 -2.889900 -2.891200 -3.698900 -5.144600 -3.100200 -2.290300 -22.733200 
0.470000 -1.721900 -1.724600 -0.759100 -2.073500 -3.215300 -4.558400 -3.628700 -2.825200 -7.397700 -3.204000 -11.675400 
0.472000 -1.349600 -0.912800 -1.499100 -2.119900 -5.056000 -2.557300 -2.122400 -2.035800 -6.031300 -3.048400 -10.402700 
0.474000 -2.240800 -2.194300 -0.610100 -1.859700 -1.538700 -2.373200 -2.038200 -2.856900 -5.647500 -3.438200 -22.243500 
0.476000 -1.593400 -0.543500 -1.069200 -3.015100 -1.439700 -1.595200 -3.199100 -1.076300 -9.006100 -5.770300 -9.959800 
0.478000 -1.265600 -1.144600 -1.717400 -1.077600 -2.955000 -2.551500 -2.363200 -0.586100 -3.882400 -10.014200 -18.018500 
0.480000 -0.685400 -0.620500 -0.792000 -1.400000 -1.507000 -2.200600 -4.181300 -4.264200 -5.812700 -12.701400 -5.849700 
0.482000 -2.481400 -1.361800 -0.732300 -3.939900 -3.651200 -2.530000 -5.695200 -1.878900 -7.170000 -7.694900 -4.008700 
0.484000 -0.389100 -0.855200 -0.665100 -1.445100 -2.212700 -2.056100 -5.056800 -4.691200 -4.867100 -6.273800 -4.427700 
0.486000 -1.125200 -0.535900 -0.938500 -1.910400 -1.628600 -3.468400 -2.476600 -2.548500 -4.577200 -2.703300 -3.664300 
0.488000 -1.296300 -0.434300 -1.694300 -2.341000 -3.228700 -0.937900 -3.778500 -6.258900 -2.882600 -4.556000 -2.701900 
0.490000 -0.483200 -2.393800 -0.363600 -3.670100 -0.966800 -1.573800 -7.939800 -5.814100 -6.213200 -4.049100 -2.390900 
0.492000 -0.893900 -0.511000 -0.530300 -0.746100 -3.427500 -1.737300 -2.565100 -3.212000 -5.141400 -1.663700 -5.655400 
0.494000 -0.537800 -1.102900 -0.678300 -0.517900 -1.344200 -3.210500 -1.685300 -5.933700 -5.364400 -6.549500 -10.927300 
0.496000 -0.392800 -1.805100 -0.143700 -0.373900 -4.008500 -1.652400 -2.737100 -6.018900 -3.877700 -3.187700 -3.995700 
0.498000 -0.729300 -0.147900 -1.492200 -1.389600 -2.296100 -3.288000 -4.363900 -2.822000 -2.735200 -4.042600 -4.221900 
0.500000 -0.772800 -1.130800 -3.001800 -0.530800 -4.258000 -5.520700 -3.783200 -0.805800 -0.603300 -5.093400 -6.134800 
0.502000 -0.948100 -1.999400 -1.155600 -1.415600 -4.223300 -2.538700 -4.877800 -5.292900 -6.756500 -5.985200 -4.920800 
0.504000 -2.965100 -1.883800 -3.584600 -0.480500 -2.859300 -5.717800 -2.773800 -4.946100 -2.585900 -6.047300 -10.075800 
0.506000 -0.614700 -0.627200 -0.280600 -0.825100 -2.171800 -3.191100 -2.289800 -6.513800 -4.178700 -5.657400 -5.985900 
0.508000 -2.328900 -0.355000 -0.293600 -0.674600 -1.505900 -1.492300 -3.414600 -1.838500 -3.032500 -16.883400 -3.641100 
0.510000 -2.787300 -0.287800 -0.492100 -1.633500 -3.378000 -2.615500 -5.962300 -4.377700 -4.803100 -7.260900 -12.136400 
0.512000 -1.035700 -0.323400 -0.244000 -0.689800 -1.279700 -1.503300 -0.796700 -6.294400 -5.917000 -3.252600 -5.152100 
0.514000 -0.731300 -0.974800 -0.579000 -0.801000 -1.068000 -7.689500 -3.188400 -2.124400 -2.131200 -4.207400 -8.315700 
0.516000 -1.335000 -0.532300 -1.506900 -1.188000 -2.180900 -1.460900 -3.636700 -3.130900 -7.534900 -2.444600 -9.176300 
0.518000 -0.631200 -0.752700 -0.399000 -0.355400 -1.710900 -2.089700 -5.420700 -1.117800 -5.532700 -10.174800 -7.642700 
0.520000 -0.313500 -0.651500 -1.763400 -0.419700 -4.811400 -2.411300 -4.827300 -3.709200 -5.201600 -5.443200 -6.229300 
0.522000 -0.653800 -0.312600 -0.571500 -1.434100 -3.554000 -2.292900 -2.907900 -8.310400 -1.522800 -5.975300 -14.057600 
0.524000 -1.653200 -2.237900 -1.006200 -0.348600 -2.154500 -2.490400 -5.384100 -4.334600 -1.277000 -8.184700 -8.201600 
0.526000 -1.078600 -0.879500 -1.073900 -0.571200 -1.728200 -0.936600 -5.799500 -4.342900 -7.265000 -4.216900 -6.289800 
0.528000 -1.767700 -1.863000 -1.581100 -0.924000 -3.212400 -5.009900 -1.773200 -1.262000 -2.256400 -7.724700 -8.329500 
0.530000 -0.334800 -0.542500 -0.679200 -0.888900 -0.951700 -3.006000 -3.861900 -5.926000 -5.511400 -5.502200 -4.669900 
0.532000 -2.053300 -1.742900 -2.545200 -0.838500 -0.548600 -2.974000 -2.844400 -0.726600 -9.173100 -5.931500 -4.319000 
0.534000 -5.851400 -2.612000 -1.947300 -1.547100 -1.156900 -3.642000 -4.423100 -1.042000 -6.145700 -4.101200 -2.774000 
0.536000 -1.110500 -0.434700 -2.716400 -3.426700 -2.752500 -3.386200 -3.915600 -2.411800 -7.860500 -7.241800 -4.914200 
0.538000 -2.154700 -0.606800 -0.637700 -1.794900 -2.441600 -5.000300 -2.135400 -2.603800 -7.755400 -6.073800 -7.455500 
0.540000 -0.808800 -1.842100 -1.475900 -1.333100 -2.866600 -5.335500 -4.270600 -1.984200 -8.000200 -9.901600 -7.173400 
0.542000 -2.233500 -0.856000 -0.639300 -2.793000 -3.446100 -3.110800 -3.689900 -5.771100 -11.052600 -4.757100 -7.033700 
0.544000 -1.288300 -0.196900 -1.564600 -1.396700 -2.378800 -3.481700 -3.021700 -3.046200 -14.856600 -3.421600 -10.557400 
0.546000 -4.190800 -0.975500 -0.521000 -6.885000 -6.679000 -2.337300 -2.159100 -4.709900 -10.598400 -2.938700 -13.009300 
0.548000 -0.508000 -1.337500 -1.070600 -2.543600 -2.797200 -3.250000 -3.748500 -4.971800 -5.387900 -5.536300 -4.017400 
0.550000 -0.725200 -2.710100 -4.146000 -1.809600 -2.699100 -4.167000 -4.803600 -5.899800 -4.172800 -4.749100 -12.243800 
0.552000 -0.603000 -0.537500 -0.772600 -3.356400 -3.076600 -4.488400 -2.676200 -8.008700 -9.223600 -6.026400 -7.650300 
0.554000 -1.405600 -0.434500 -1.443400 -2.825700 -3.592800 -3.998200 -4.391000 -4.556700 -7.206100 -9.658400 -4.965900 
0.556000 -2.445700 -2.475000 -3.094300 -4.377300 -5.953000 -2.281800 -3.507600 -4.833300 -8.154700 -10.876100 -4.321100 
0.558000 -1.947300 -1.011100 -1.750900 -3.933600 -3.447900 -5.382900 -3.636000 -4.573400 -8.227500 -1.335600 -6.233200 
0.560000 -0.594200 -0.683300 -2.081500 -2.899200 -3.472800 -1.497600 -2.083600 -6.778800 -4.074000 -2.937800 -9.875200 
0.562000 -0.533200 -1.301200 -0.862300 -2.121200 -0.999500 -2.129200 -2.574000 -2.826300 -2.022700 -5.726300 -8.173500 
0.564000 -1.048300 -0.283100 -2.065900 -1.533000 -0.542300 -2.717500 -2.308400 -4.319600 -8.104200 -3.163500 -10.357500 
0.566000 -1.232900 -1.369500 -2.080700 -4.078000 -4.468700 -4.553100 -3.278700 -5.907500 -11.289300 -3.539700 -9.609100 
0.568000 -1.274000 -3.107300 -2.100000 -4.136100 -1.252700 -2.920200 -3.422500 -3.166000 -7.907500 -6.288700 -2.948500 
0.570000 -0.359900 -0.596900 -0.490400 -0.720200 -1.365000 -2.028500 -5.006400 -6.487700 -6.942200 -7.877200 -11.345900 
0.572000 -0.786300 -0.815500 -2.119100 -4.232800 -0.601200 -5.644900 -3.609400 -5.986100 -3.492400 -3.880900 -10.956900 
0.574000 -1.195400 -0.077000 -2.126900 -2.875400 -3.080800 -2.159700 -4.573600 -6.038100 -1.187500 -9.027800 -15.491500 
0.576000 -1.433300 -1.257000 -0.382000 -0.475800 -3.071500 -4.436100 -2.893100 -3.973200 -8.695500 -2.267900 -3.796800 
0.578000 -3.338900 -2.087000 -1.426400 -2.027000 -3.426100 -3.533300 -2.512900 -2.335000 -5.584400 -4.559800 -10.511800 
0.580000 -1.446500 -0.706000 -3.727000 -2.361100 -1.073900 -4.879600 -4.242200 -0.943100 -2.031200 -6.033700 -14.925100 
0.582000 -0.553900 -0.797000 -1.218300 -1.086000 -4.417300 -3.691100 -1.797600 -1.459900 -4.625300 -6.256000 -3.163700 
0.584000 -0.340200 -0.592100 -1.835100 -1.322000 -0.920100 -1.541000 -6.328400 -1.097200 -6.781800 -4.686300 -7.878900 
0.586000 -0.460800 -0.415600 -3.214900 -0.668500 -2.760500 -0.866400 -6.320100 -8.931700 -3.892700 -5.940600 -4.215000 
0.588000 -2.453300 -0.717000 -4.413200 -3.441500 -4.508800 -1.107500 -5.002400 -0.712100 -5.012100 -4.904300 -5.629800 
0.590000 -1.081900 -0.911700 -1.309500 -1.832000 -1.793600 -3.114400 -3.720000 -5.267700 -0.755200 -6.337000 -4.436200 
0.592000 -0.868200 -4.528200 -0.942800 -4.550200 -1.827200 -2.666200 -5.583700 -5.217200 -3.736400 -4.731900 -4.943200 
0.594000 -1.540100 -0.365100 -1.245000 -1.265300 -1.079200 -1.757500 -5.007700 -6.294600 -4.100800 -4.299700 -6.002500 
0.596000 -1.119000 -1.043900 -2.811200 -0.825100 -2.295900 -1.193800 -2.388600 -3.826700 -4.580200 -3.634700 -5.574300 
0.598000 -1.656200 -1.404000 -0.328000 -0.925600 -1.021100 -4.165600 -4.821500 -3.780500 -5.186200 -9.244800 -7.628300 
0.600000 -0.861400 -0.539600 -2.449200 -4.301000 -2.577100 -6.812700 -6.825800 -4.087100 -1.340800 -10.637900 -6.421500 
0.602000 -1.154200 -2.129400 -2.208900 -0.366500 -1.413700 -6.448800 -4.054600 -2.639400 -4.427700 -6.621000 -6.232800 
0.604000 -1.731000 -0.854900 -1.853800 -0.464800 -1.808000 -5.683600 -3.166200 -8.997900 -6.867100 -5.050200 -7.770600 
0.606000 -0.681300 -1.338200 -1.536800 -1.412000 -6.737600 -3.723200 -1.498200 -4.841600 -4.311200 -6.719800 -5.317500 
0.608000 -0.928200 -0.254800 -1.480800 -1.356000 -3.565800 -2.870000 -3.557500 -5.898400 -6.708700 -4.560900 -13.205700 
0.610000 -0.830900 -0.270200 -4.333400 -2.351600 -4.930700 -2.344600 -2.447000 -3.627100 -1.808700 -7.621300 -6.265200 
0.612000 -0.535300 -1.535100 -1.121200 -2.267500 -2.157500 -1.180200 -3.354800 -2.396400 -5.716100 -6.036200 -4.684800 
0.614000 -0.532800 -2.077300 -0.403000 -2.611200 -1.767900 -3.301000 -1.957700 -1.080300 -14.987400 -5.311900 -6.173500 
0.616000 -1.582500 -1.394800 -1.775700 -0.833000 -2.315500 -1.973600 -1.436800 -2.966900 -11.059700 -2.755600 -6.295800 
0.618000 -1.630100 -1.153000 -0.414100 -1.413500 -1.433200 -3.400200 -3.282300 -1.065100 -10.491800 -7.269300 -2.179400 
0.620000 -0.648000 -1.980100 -1.825100 -0.400600 -0.398300 -5.941300 -3.278400 -4.545200 -9.254800 -5.391500 -4.598800 
0.622000 -0.425800 -0.841100 -1.898800 -1.315700 -1.169200 -2.289500 -3.041600 -1.006300 -11.651100 -8.375000 -4.211200 
0.624000 -1.433200 -0.749600 -2.624500 -0.708500 -3.543700 -4.023300 -3.905500 -1.006500 -10.872300 -2.873000 -4.610900 
0.626000 -0.835900 -0.920700 -1.257200 -1.652000 -1.422300 -3.255000 -1.448800 -0.584700 -13.452500 -3.863200 -4.555800 
0.628000 -0.996700 -0.421300 -2.644500 -0.727800 -4.767000 -2.623900 -1.886300 -2.822500 -12.225600 -1.695600 -6.710800 
0.630000 -0.399400 -0.150600 -3.531800 -0.767800 -2.232300 -1.091100 -4.003400 -1.559100 -10.605500 -6.338100 -5.414900 
0.632000 -1.199300 -1.659900 -2.678500 -0.368300 -2.866900 -1.626300 -2.505000 -0.350300 -11.235000 -4.297200 -2.936100 
0.634000 -1.548900 -0.837200 -4.602600 -1.271900 -3.423100 -7.177500 -2.156400 -1.423400 -11.681700 -5.176100 -3.539000 
0.636000 -0.094300 -1.271400 -2.603400 -0.994000 -1.396000 -4.287800 -2.174400 -0.796600 -13.113100 -7.314500 -5.162700 
0.638000 -0.765300 -0.622300 -1.324600 -1.064100 -4.831800 -3.177100 -4.306100 -2.360000 -11.408800 -3.256900 -4.439600 
0.640000 -1.720900 -0.529800 -1.733100 -1.558600 -1.564800 -1.991400 -1.817000 -2.937200 -8.239200 -4.411700 -8.015100 
0.642000 -0.352400 -0.510900 -2.645900 -0.520900 -0.430600 -3.898900 -2.958400 -0.475800 -9.438300 -2.781200 -14.823200 
0.644000 -1.165700 -0.882800 -0.378000 -2.322800 -1.404800 -3.208000 -2.411300 -1.070100 -10.184100 -4.946700 -6.228300 
0.646000 -1.781200 -1.649400 -2.560600 -1.071700 -4.412300 -2.344200 -6.279700 -0.294100 -11.984800 -8.327200 -9.197100 
0.648000 -0.617000 -2.345100 -2.344300 -0.477700 -2.089800 -2.413100 -7.761800 -1.149800 -7.318100 -8.171900 -6.780400 
0.650000 -0.112800 -1.015800 -0.942300 -1.767000 -1.603000 -2.464500 -3.174600 -2.566200 -19.228700 -3.384100 -3.464300 
0.652000 -2.268400 -1.778600 -1.085900 -1.473300 -2.536700 -1.922000 -2.595500 -3.982700 -10.810400 -5.738100 -3.254900 
0.654000 -0.671500 -1.573200 -0.571500 -1.037400 -4.284800 -2.663700 -2.925200 -2.519500 -11.979400 -4.091800 -6.204700 
0.656000 -0.783800 -0.879300 -0.530500 -0.756400 -1.220900 -5.655800 -3.687900 -1.399400 -14.090100 -2.785700 -5.376400 
0.658000 -0.168400 -1.695100 -3.355100 -0.882600 -2.271600 -3.681500 -4.286300 -4.050200 -21.854600 -3.562800 -4.150500 
0.660000 -1.047200 -2.300100 -0.903300 -0.735800 -2.728500 -1.932300 -0.920100 -0.134800 -8.679500 -3.275600 -13.919600 
0.662000 -0.514700 -0.398200 -1.467600 -0.786600 -2.342800 -3.670300 -1.269700 -2.548200 -14.771100 -3.297000 -3.500600 
0.664000 -0.208500 -1.600600 -2.095700 -1.359600 -3.509300 -2.102700 -3.813100 -3.408600 -15.960000 -4.461800 -5.840200 
0.666000 -1.915000 -2.038000 -1.412900 -0.420900 -2.439400 -1.967400 -3.419500 -1.234900 -13.288400 -3.661700 -12.603400 
0.668000 -0.590300 -0.965600 -1.509000 -1.285500 -2.721700 -2.082600 -1.101900 -4.676100 -13.169200 -6.835700 -8.716200 
0.670000 -0.593100 -0.583000 -1.463300 -0.415300 -1.206200 -5.153100 -0.848000 -4.469800 -19.827600 -4.245300 -9.298000 
0.672000 -0.932600 -0.810300 -0.265400 -2.241900 -1.488300 -2.073200 -2.997900 -1.793300 -19.347800 -3.470500 -5.564500 
0.674000 -1.704200 -0.111500 -1.970600 -0.631600 -1.113500 -2.729900 -4.292500 -3.363800 -14.060500 -5.616400 -5.094800 
0.676000 -0.585200 -0.741400 -0.912100 -2.408800 -3.137400 -3.309200 -2.698200 -5.605100 -13.590400 -6.324300 -11.852300 
0.678000 -0.596400 -0.880200 -3.468800 -1.005500 -1.234800 -3.272300 -3.284200 -4.903400 -17.096600 -4.377600 -9.115300 
0.680000 -1.466100 -1.028200 -2.104900 -1.822800 -1.441900 -3.568800 -3.833300 -6.465100 -11.862700 -3.443300 -5.083600 
0.682000 -1.134400 -1.438500 -3.738300 -0.982700 -2.013600 -3.706300 -3.174500 -5.449100 -15.796900 -2.115600 -3.930300 
0.684000 -1.312600 -1.025800 -0.905500 -0.381800 -3.139400 -2.245800 -4.404200 -1.522500 -14.526200 -4.992200 -8.953300 
0.686000 -0.454600 -2.733600 -3.060300 -0.757600 -2.475600 -3.441600 -3.110300 -5.040200 -7.198400 -9.601400 -5.224000 
0.688000 -0.267300 -1.231100 -0.382500 -1.677500 -3.744800 -1.776300 -2.678400 -4.205100 -14.060600 -5.692800 -5.867300 
0.690000 -0.451300 -0.965900 -1.073200 -0.568700 -4.870800 -3.532000 -2.504700 -1.198200 -9.975800 -2.299100 -6.934500 
0.692000 -0.690600 -0.754100 -3.281100 -2.498600 -0.686400 -4.015300 -3.190900 -2.537000 -2.686200 -4.354800 -2.517100 
0.694000 -1.043500 -1.268500 -1.050500 -1.080500 -3.126600 -5.331000 -2.506300 -3.446700 -10.112100 -6.428800 -3.159500 
0.696000 -0.869300 -0.344400 -0.445800 -0.646000 -3.544800 -3.751000 -2.277300 -4.332000 -22.053700 -6.998700 -8.261400 
0.698000 -0.638700 -0.511300 -1.358100 -0.659100 -1.326300 -2.377100 -4.190300 -1.665100 -21.970400 -2.500300 -7.446800 
0.700000 -0.246400 -1.076200 -2.262900 -0.887000 -1.894000 -4.772400 -1.812300 -3.233500 -8.757000 -2.044200 -2.403500 
0.702000 -1.077400 -0.417700 -0.277100 -0.587400 -0.884100 -2.340000 -2.737200 -3.763200 -16.262400 -4.440400 -6.662600 
0.704000 -1.155200 -1.178100 -1.720300 -1.087300 -2.963700 -1.674700 -2.557800 -1.845800 -20.452800 -3.396900 -4.310100 
0.706000 -0.449400 -0.409600 -0.864700 -1.304000 -0.366600 -1.938300 -7.313100 -1.513900 -14.966300 -5.345000 -6.215600 
0.708000 -0.444500 -1.266000 -0.747800 -0.286200 -0.743200 -3.611600 -6.884900 -3.085000 -16.228600 -4.760500 -9.641900 
0.710000 -0.303500 -0.961900 -0.806600 -0.527500 -1.695600 -2.811300 -8.877100 -2.391800 -14.273600 -2.861400 -10.237900 
0.712000 -1.644700 -1.089000 -0.405200 -0.264000 -0.642600 -3.485700 -5.848800 -3.723200 -29.064300 -5.856300 -5.148900 
0.714000 -0.390000 -1.385200 -2.366400 -0.308000 -0.542900 -1.023600 -1.252600 -3.747200 -7.379400 -2.565200 -8.046700 
0.716000 -0.544400 -1.627600 -0.660500 -0.656300 -1.001800 -4.227500 -3.576300 -1.593800 -3.816600 -4.513300 -10.655600 
0.718000 -0.851000 -0.523200 -1.733700 -0.518600 -1.341200 -4.885200 -2.896900 -1.326300 -5.051900 -9.776600 -10.487500 
0.720000 -0.718300 -0.954500 -2.260700 -3.200800 -1.675900 -3.817800 -2.354700 -4.005800 -9.872700 -4.660400 -6.770000 
0.722000 -1.122400 -0.650800 -1.472600 -1.329400 -1.047600 -1.797500 -4.457900 -2.696900 -1.753100 -3.601300 -6.356800 
0.724000 -0.783100 -0.890400 -1.856500 -1.523100 -0.795300 -3.023700 -1.790700 -4.344600 -5.576600 -5.516900 -5.661400 
0.726000 -0.724300 -1.389900 -0.700700 -0.764700 -1.389000 -1.264800 -0.766400 -4.453900 -9.585300 -2.523200 -6.008900 
0.728000 -0.766700 -2.260100 -1.027200 -0.762100 -0.769200 -4.606700 -2.448000 -0.978000 -5.130800 -4.595000 -7.213700 
0.730000 -4.214100 -1.217000 -0.819900 -1.726800 -1.068000 -2.297000 -4.552400 -3.637700 -6.713500 -7.086500 -6.055300 
0.732000 -0.889400 -1.039800 -0.357500 -0.757100 -0.448600 -4.843100 -3.866600 -0.996600 -4.052200 -5.844300 -9.800400 
0.734000 -0.783600 -1.358300 -0.204600 -0.266100 -3.565300 -3.750800 -6.081200 -7.997800 -6.517400 -4.130500 -5.214900 
0.736000 -0.235000 -1.800100 -0.450800 -0.176100 -2.800300 -4.515500 -1.668000 -4.355800 -3.613800 -2.780600 -6.154300 
0.738000 -1.142200 -1.395000 -0.930900 -2.376600 -3.130000 -4.336500 -1.712200 -2.572600 -8.265400 -7.396600 -7.501700 
0.740000 -1.578400 -1.095200 -2.236300 -0.646700 -0.348000 -1.176300 -1.300200 -8.419700 -4.772700 -2.664600 -3.748800 
0.742000 -0.982500 -1.690300 -1.162700 -0.910200 -3.133400 -2.026000 -0.163000 -2.429700 -5.291800 -3.719000 -10.880700 
0.744000 -1.613500 -0.483000 -3.647500 -4.246400 -6.060300 -2.203200 -2.028700 -1.017500 -3.787300 -8.644600 -6.972200 
0.746000 -0.457000 -0.697900 -1.076900 -0.662200 -1.188300 -5.694400 -1.055700 -3.178400 -6.019800 -5.276800 -1.783800 
0.748000 -0.242900 -1.507000 -0.912200 -0.648700 -2.286200 -5.793900 -2.197200 -6.106100 -4.793600 -7.207500 -6.891600 
0.750000 -0.490800 -0.420600 -2.431400 -2.547100 -2.833300 -2.626300 -0.804200 -5.789000 -5.883300 -5.460400 -5.828300 
0.752000 -1.732400 -0.156400 -0.878600 -0.673100 -2.398900 -4.960300 -2.375000 -2.159300 -5.680500 -4.838100 -2.964000 
0.754000 -0.327800 -0.678700 -1.831100 -1.504400 -0.287900 -5.511500 -3.082000 -4.140200 -9.147700 -5.163200 -7.159900 
0.756000 -0.622900 -1.598800 -4.204400 -1.444300 -0.949200 -1.780100 -1.545000 -2.877500 -6.384600 -6.983200 -8.913300 
0.758000 -1.491700 -0.399500 -2.112700 -2.119300 -4.219300 -2.314800 -0.676400 -2.861200 -9.641900 -6.887400 -8.558000 
0.760000 -0.911200 -2.747800 -0.249000 -0.976600 -0.787600 -4.494300 -1.042100 -1.989900 -2.855200 -11.088400 -21.689100 
0.762000 -0.147500 -2.829300 -0.481700 -2.566600 -5.512500 -1.522600 -2.505000 -3.400500 -5.737400 -4.282900 -8.863900 
0.764000 -0.180000 -1.551300 -1.100100 -1.007400 -0.912400 -3.636500 -0.754300 -1.140900 -1.938300 -3.932900 -2.941100 
0.766000 -1.350300 -2.987600 -0.835400 -2.869100 -1.775300 -5.183600 -1.128100 -2.944700 -5.513500 -1.830500 -10.116900 
0.768000 -1.162000 -2.409400 -2.034700 -1.231300 -1.181700 -4.330800 -2.564100 -3.599200 -6.942900 -3.715100 -8.469200 
0.770000 -1.193200 -2.392500 -1.320100 -2.531600 -2.911200 -3.002200 -0.781000 -0.357800 -1.978300 -6.941200 -13.541100 
0.772000 -0.525500 -1.144500 -1.624900 -1.212800 -1.255300 -9.819500 -5.467200 -0.541900 -10.221000 -5.051100 -8.243600 
0.774000 -0.964300 -0.341700 -0.890000 -0.722100 -0.828900 -0.720900 -1.236600 -0.951100 -9.368400 -8.434700 -2.625800 
0.776000 -0.819200 -3.531100 -2.324100 -0.372700 -0.543500 -4.074800 -0.847900 -1.023100 -12.092500 -1.388200 -4.981600 
0.778000 -0.608900 -2.714400 -1.732700 -1.049200 -1.858300 -3.005900 -2.901500 -1.957100 -9.774700 -2.384800 -9.173100 
0.780000 -1.759300 -1.579200 -0.900100 -1.339800 -2.923800 -3.055200 -9.042100 -4.575900 -11.125100 -2.509500 -6.655000 
0.782000 -0.856400 -2.151600 -0.808300 -1.743300 -2.229000 -4.035100 -2.114500 -2.394100 -13.610200 -5.592200 -5.907600 
0.784000 -1.878100 -2.453300 -1.216800 -0.349200 -3.982500 -4.707400 -4.036500 -6.260600 -8.974800 -3.358700 -14.445300 
0.786000 -0.270600 -2.413700 -1.118100 -0.814200 -2.877400 -4.508200 -2.625000 -2.065100 -9.125300 -5.870500 -6.441500 
0.788000 -0.937100 -1.420000 -2.110800 -1.800700 -3.342100 -3.505600 -2.008900 -4.382400 -11.673900 -5.170200 -11.174500 
0.790000 -0.562100 -2.075600 -1.444800 -1.794500 -2.886000 -4.045600 -1.914800 -4.457600 -10.969200 -7.438000 -5.106400 
0.792000 -1.226500 -2.781500 -1.230200 -1.461600 -2.634600 -6.626400 -1.349200 -3.002000 -9.390500 -3.799000 -7.575300 
0.794000 -0.128800 -2.513700 -1.026100 -1.232100 -1.681100 -0.730600 -1.255100 -6.130800 -10.750600 -4.704100 -7.533500 
0.796000 -0.426200 -4.286500 -0.867200 -1.838600 -3.164500 -5.950800 -0.426600 -3.853500 -3.930000 -7.857800 -8.119400 
0.798000 -1.256300 -2.349800 -2.295200 -1.916200 -4.300600 -2.392600 -1.699400 -4.295700 -3.537100 -5.764700 -11.527400 
0.800000 -1.807200 -1.803800 -1.090100 -0.629600 -3.471700 -2.452900 -1.044700 -8.970200 -5.086800 -5.933400 -3.409200 
0.802000 -0.994600 -1.359300 -2.822400 -0.723100 -3.017900 -2.683000 -1.441200 -3.489300 -15.218300 -4.605500 -17.734000 
0.804000 -0.923700 -2.076100 -1.420900 -1.159900 -4.203600 -3.354900 -0.748000 -3.884900 -5.041200 -7.665100 -6.108300 
0.806000 -1.436100 -3.052300 -1.086300 -0.370100 -2.671700 -1.166700 -1.667900 -1.007400 -3.510800 -10.962700 -3.974000 
0.808000 -0.235700 -1.544600 -0.709100 -0.383800 -3.045500 -3.782500 -0.948300 -3.873000 -4.934600 -6.426200 -3.857600 
0.810000 -0.664500 -1.665400 -0.659900 -1.665500 -0.486600 -7.159700 -1.826200 -5.297000 -3.142500 -5.504400 -2.082200 
0.812000 -1.794000 -1.396100 -0.658900 -1.737500 -3.029900 -3.034400 -1.781300 -9.528100 -6.406900 -4.146300 -3.460600 
0.814000 -1.015200 -2.115700 -0.431900 -1.087100 -3.632900 -1.188000 -3.270200 -4.268800 -6.600600 -2.763000 -10.568300 
0.816000 -0.614800 -2.672600 -2.277700 -0.510200 -2.042400 -2.768500 -1.673200 -4.672900 -7.880300 -4.997000 -52.551800 
0.818000 -0.714500 -1.269200 -0.860500 -2.493400 -1.386300 -2.678500 -3.140900 -1.727600 -6.650800 -3.294000 -17.318800 
0.820000 -0.307000 -1.683100 -1.236600 -1.961200 -3.743800 -3.566000 -0.711800 -2.223000 -17.450200 -7.131300 -6.714900 
0.822000 -1.052800 -1.176500 -2.800800 -4.530400 -2.982800 -4.471800 -0.850000 -2.457800 -14.852000 -6.924400 -4.313100 
0.824000 -0.285400 -1.869900 -1.071000 -3.581300 -4.977300 -3.616400 -0.549600 -2.467800 -11.343200 -6.990300 -7.610400 
0.826000 -0.502400 -3.394500 -0.435700 -1.178100 -2.348300 -5.341400 -2.601200 -4.202000 -8.875400 -3.749500 -2.878700 
0.828000 -1.908700 -2.682500 -0.137600 -3.025400 -0.936900 -1.765900 -0.591200 -2.320000 -14.003100 -8.243800 -7.806600 
0.830000 -0.438500 -4.161000 -1.093200 -0.853500 -1.143500 -4.126800 -2.746400 -4.016800 -16.666700 -4.741900 -8.123600 
0.832000 -0.294800 -1.645500 -2.309600 -0.777100 -3.216100 -2.842300 -2.395500 -1.180500 -12.328000 -2.747800 -7.756900 
0.834000 -1.790700 -2.547600 -0.492900 -0.814900 -1.153700 -2.196200 -0.566200 -2.393300 -14.391300 -1.427700 -4.179500 
0.836000 -0.476100 -0.598000 -0.157100 -1.748600 -1.780900 -1.747800 -0.687400 -5.386400 -13.376300 -3.522200 -11.017600 
0.838000 -1.305200 -1.148700 -2.585100 -0.890300 -1.888200 -2.075900 -2.571500 -7.240400 -7.198800 -1.335600 -15.864700 
0.840000 -1.716700 -1.024900 -1.886500 -1.860700 -2.177200 -2.760500 -2.157200 -4.655900 -11.215900 -5.836800 -10.367900 
0.842000 -0.466300 -1.789600 -1.135800 -0.999300 -1.854400 -3.920300 -1.680700 -2.331700 -12.631500 -2.691600 -3.335600 
0.844000 -0.597700 -1.439600 -1.941700 -0.938700 -0.143000 -2.524200 -0.864000 -5.009300 -24.335200 -1.238500 -6.975600 
0.846000 -1.082400 -2.803900 -1.610600 -0.544700 -2.510400 -3.571000 -1.866100 -4.778000 -10.367500 -5.407800 -9.734000 
0.848000 -0.722900 -1.007500 -1.409300 -1.148400 -0.906900 -3.684500 -0.923900 -2.962600 -15.430100 -2.073100 -6.471800 
0.850000 -1.085600 -1.784700 -1.804600 -2.988900 -2.190600 -5.265900 -1.480700 -4.009400 -9.553200 -9.094800 -7.120100 
0.852000 -0.200900 -1.217500 -2.059200 -2.213400 -4.632800 -3.279600 -1.440900 -3.178700 -5.080300 -6.269500 -7.788500 
0.854000 -0.735400 -1.766500 -0.527600 -0.592500 -2.855400 -4.580200 -0.644800 -4.484400 -9.083100 -4.570500 -8.199700 
0.856000 -0.706700 -3.167400 -2.419100 -1.149700 -3.428200 -4.408600 -0.840000 -4.169200 -3.780500 -4.889500 -5.900000 
0.858000 -2.210200 -0.949500 -0.532900 -0.949100 -2.628700 -3.470400 -0.334400 -1.876300 -12.626900 -5.312700 -5.897600 
0.860000 -1.899000 -2.163500 -2.148000 -0.819500 -1.375200 -1.548400 -3.150200 -6.403800 -6.021700 -6.982500 -8.180200 
0.862000 -1.202700 -2.178000 -1.890900 -1.603200 -1.880100 -2.910700 -1.908400 -4.183000 -3.342500 -4.972900 -7.895000 
0.864000 -1.107100 -1.483600 -0.391100 -0.731800 -4.034800 -4.495400 -1.910400 -4.399600 -5.073100 -7.744800 -6.026400 
0.866000 -0.665900 -5.142900 -1.342800 -0.915000 -4.129300 -3.172100 -2.361400 -2.365600 -10.288700 -4.472300 -9.140900 
0.868000 -2.041200 -0.468300 -4.316800 -0.971100 -2.565000 -7.594200 -1.810200 -3.293900 -6.223900 -7.904600 -10.223200 
0.870000 -3.101300 -2.407100 -1.989400 -1.281000 -5.147700 -2.020400 -0.391200 -2.387800 -7.489000 -7.895500 -7.445300 
0.872000 -3.392200 -2.440700 -0.325400 -0.661100 -0.846000 -3.799500 -3.501200 -4.752200 -2.701700 -3.612300 -5.901600 
0.874000 -1.973100 -2.458500 -3.399400 -0.392200 -1.833400 -2.774700 -1.258500 -1.505100 -4.769700 -5.712000 -6.220700 
0.876000 -1.992400 -5.362900 -4.278800 -0.528000 -1.149800 -1.873200 -0.779300 -4.009200 -5.363500 -2.784300 -9.050900 
0.878000 -0.741800 -1.683900 -0.882200 -1.387400 -1.162400 -4.592100 -2.179400 -5.509300 -1.226600 -3.867400 -7.991500 
0.880000 -2.220000 -1.687600 -2.058200 -0.450700 -3.886100 -2.924900 -2.189300 -5.575500 -2.946000 -2.300300 -8.401600 
0.882000 -4.647300 -2.289000 -1.993000 -0.450000 -2.243600 -1.499000 -0.612000 -2.091100 -9.237400 -5.529200 -7.144400 
0.884000 -2.733600 -1.258400 -3.108300 -0.966100 -1.731900 -2.898200 -0.530500 -3.103400 -4.312700 -5.246300 -16.101200 
0.886000 -1.642200 -0.302900 -0.862200 -1.011500 -2.713200 -6.594200 -1.438100 -4.449200 -9.988000 -4.107700 -11.589200 
0.888000 -1.441200 -1.075700 -2.146100 -3.062700 -0.608400 -1.840400 -1.224800 -3.497600 -5.217600 -6.438700 -5.258500 
0.890000 -1.317500 -0.725400 -1.031600 -3.042800 -3.212700 -3.281100 -0.727900 -5.975300 -11.073800 -2.514600 -10.850700 
0.892000 -1.718300 -1.535200 -2.275800 -3.889400 -2.773700 -5.096700 -0.645200 -2.448600 -4.323400 -5.886900 -11.599300 
0.894000 -1.580900 -3.023200 -0.629300 -1.027400 -1.433300 -1.222400 -2.840000 -0.406700 -6.344200 -3.708600 -8.385300 
0.896000 -1.808200 -2.078200 -2.171000 -2.771500 -4.805500 -3.435900 -1.895300 -3.991800 -3.643200 -6.044200 -2.518700 
0.898000 -1.624400 -2.236800 -1.591200 -2.787300 -2.527800 -2.800500 -0.865200 -5.962800 -4.344700 -3.421000 -6.664400 
0.900000 -1.202600 -1.280300 -1.057200 -1.269600 -2.120100 -0.871900 -1.317600 -6.283200 -4.843300 -4.845400 -6.261200 
0.902000 -1.156200 -3.499300 -2.078600 -2.337400 -2.223500 -1.293500 -1.190200 -0.687800 -9.984400 -6.300100 -5.479800 
0.904000 -0.771600 -0.680000 -1.923100 -4.404700 -1.084800 -2.589700 -2.494000 -3.032900 -4.893800 -10.793900 -5.926100 
0.906000 -2.214000 -1.463100 -1.026200 -2.622900 -3.187400 -1.847500 -1.714000 -4.523600 -2.800600 -3.488300 -4.133500 
0.908000 -0.894000 -2.382700 -0.701300 -1.148000 -0.811400 -1.547800 -1.315700 -2.967500 -4.476100 -3.289200 -3.681700 
0.910000 -1.113000 -2.698000 -1.316500 -1.052800 -2.165900 -4.517300 -0.797000 -2.241700 -5.110400 -4.373300 -2.454900 
0.912000 -4.690500 -3.304400 -0.375200 -1.012000 -3.247300 -1.755700 -1.726800 -7.842700 -6.144500 -4.127700 -6.902100 
0.914000 -1.092600 -1.022600 -0.575700 -3.060200 -2.199000 -4.925900 -0.564100 -9.389000 -1.484300 -0.961300 -4.525900 
0.916000 -1.152900 -1.099500 -1.321200 -1.106700 -0.866200 -1.607900 -1.349300 -5.806000 -2.847900 -6.453900 -3.350300 
0.918000 -1.566000 -0.876800 -3.099700 -1.972300 -1.191300 -2.731000 -1.263400 -1.994500 -8.628600 -7.955800 -1.184400 
0.920000 -1.301000 -2.721600 -2.780000 -1.250500 -3.866900 -0.855800 -0.623000 -3.876000 -1.638200 -4.423500 -6.666200 
0.922000 -3.916600 -2.612400 -0.423100 -1.422900 -2.499200 -2.749400 -1.250800 -7.482000 -5.364700 -3.321200 -6.735300 
0.924000 -6.414400 -1.663500 -2.893400 -2.500500 -3.215300 -3.809900 -1.951600 -4.415900 -10.753800 -3.319900 -28.733700 
0.926000 -1.680300 -2.652300 -2.910700 -1.063800 -2.384200 -1.654800 -1.852400 -4.054000 -7.600800 -2.798500 -9.666700 
0.928000 -1.151300 -4.192500 -1.295000 -0.328700 -0.806300 -1.449300 -1.992500 -3.252100 -9.061600 -4.745500 -27.783600 
0.930000 -3.666500 -4.337000 -0.173300 -2.865600 -1.137300 -2.455300 -0.831100 -3.726100 -5.478400 -2.698700 -5.817900 
0.932000 -3.262300 -0.984600 -0.953000 -2.136400 -0.911900 -0.742700 -1.202000 -5.642200 -6.016600 -3.703800 -1.597300 
0.934000 -1.921700 -1.621500 -2.339900 -1.708100 -3.044900 -2.194400 -4.992100 -2.754500 -18.487800 -6.614000 -9.713400 
0.936000 -1.308100 -2.345600 -1.996700 -0.386800 -2.647400 -2.299100 -1.032000 -4.173900 -15.958600 -2.746000 -7.805800 
0.938000 -2.294500 -3.278900 -1.071300 -1.099600 -2.740600 -3.079100 -2.455500 -4.398300 -26.921600 -2.761200 -10.604200 
0.940000 -1.496300 -2.105300 -1.171400 -0.800400 -1.735000 -0.696100 -0.591700 -4.490800 -14.057400 -6.836800 -9.005100 
0.942000 -2.213800 -1.786400 -0.766900 -1.222400 -3.579800 -1.467200 -1.423500 -8.111300 -9.199900 -7.055800 -7.351600 
0.944000 -0.433700 -2.149100 -0.636400 -1.842400 -0.976400 -0.785900 -4.325600 -2.422200 -18.352200 -6.568100 -6.648700 
0.946000 -1.509200 -2.515800 -0.874600 -1.618700 -2.986500 -0.985400 -1.236700 -4.288800 -15.636900 -3.429700 -7.002000 
0.948000 -1.540600 -1.162200 -2.740700 -0.716600 -1.997700 -2.857400 -1.574100 -3.916300 -17.626500 -2.724000 -15.557200 
0.950000 -1.688100 -3.294100 -1.273000 -2.945500 -2.691400 -2.860400 -1.013000 -3.628800 -16.251500 -6.272800 -4.833800 
0.952000 -1.324100 -1.311500 -1.252600 -1.193700 -2.775400 -3.306600 -1.983700 -4.715400 -12.797100 -3.617300 -19.113800 
0.954000 -2.358400 -0.799100 -0.931100 -3.765300 -0.720600 -1.929700 -0.781100 -5.510500 -18.689100 -9.902200 -7.769400 
0.956000 -4.090200 -2.463100 -1.007900 -1.533600 -2.035800 -4.379500 -1.187100 -4.858400 -16.253800 -4.558500 -4.308500 
0.958000 -2.978800 -1.091500 -0.819900 -1.790200 -1.351100 -0.765600 -0.737400 -3.757900 -17.087500 -7.566700 -4.849200 
0.960000 -2.379900 -2.808000 -3.445700 -1.289000 -1.935100 -2.672800 -4.733300 -5.002800 -24.212600 -3.199800 -7.830200 
0.962000 -0.251300 -2.656400 -1.090700 -1.512400 -4.099400 -2.014700 -0.408100 -5.907500 -14.547300 -9.942500 -6.526900 
0.964000 -1.645900 -0.893800 -1.822800 -2.937500 -2.874700 -5.055700 -0.438800 -2.961200 -23.667500 -2.293100 -7.105500 
0.966000 -0.602100 -2.537400 -1.896100 -2.703700 -3.659900 -4.106500 -1.765300 -5.113500 -12.828400 -7.570600 -5.578500 
0.968000 -2.126800 -3.842700 -0.152300 -2.132100 -2.657200 -5.018700 -0.102200 -2.362200 -14.078400 -7.607500 -3.348600 
0.970000 -1.556400 -1.670500 -0.802700 -1.702800 -8.476000 -4.494000 -1.170900 -1.668600 -15.088800 -9.006200 -7.999400 
0.972000 -0.930000 -1.502900 -1.577300 -0.451700 -2.343600 -0.931000 -1.067300 -1.551600 -14.814200 -3.962500 -7.595600 
0.974000 -0.796100 -1.287200 -2.018600 -0.586100 -3.489100 -3.140500 -0.865200 -4.222200 -12.211600 -4.027500 -13.316900 
0.976000 -0.909000 -1.812000 -0.782500 -0.915900 -3.448100 -2.084700 -1.398000 -2.872100 -14.950100 -6.927000 -9.505600 
0.978000 -0.820500 -2.606300 -1.656400 -1.919200 -5.247500 -3.819400 -0.522200 -3.430700 -14.116700 -3.601200 -5.743900 
0.980000 -1.376600 -1.263500 -2.434500 -1.043600 -4.746000 -3.014300 -0.939600 -4.976000 -18.459700 -8.451100 -4.219400 
0.982000 -1.232100 -1.807100 -0.432000 -0.327600 -2.288600 -1.931500 -2.358600 -5.187300 -16.116100 -8.091900 -2.968800 
0.984000 -1.175800 -2.098600 -1.565300 -0.742200 -4.232400 -2.008200 -0.975600 -2.421400 -20.324100 -9.082000 -3.343900 
0.986000 -2.615300 -1.413700 -2.582500 -2.116300 -3.557100 -2.006700 -5.112300 -4.555300 -19.900700 -8.810500 -2.716700 
0.988000 -0.836500 -1.249100 -0.644400 -2.149900 -3.279000 -2.710600 -2.720500 -4.625900 -17.008500 -5.679600 -5.333900 
0.990000 -1.304800 -1.986500 -1.069300 -0.813800 -1.606800 -1.706100 -2.852300 -7.845400 -21.996500 -10.333700 -9.224200 
0.992000 -0.770700 -2.606200 -0.707300 -2.440200 -2.500400 -4.465100 -4.442500 -1.454000 -28.734600 -9.733100 -5.670500 
0.994000 -1.900400 -2.391100 -0.590600 -2.551900 -1.027100 -2.801000 -0.809700 -3.563900 -16.018300 -4.366800 -7.510900 
0.996000 -1.158400 -0.510900 -0.637500 -0.623000 -1.337600 -2.240900 -1.838900 -3.719300 -7.665300 -18.045300 -4.802900 
0.998000 -2.398500 -1.128100 -0.471200 -2.233500 -2.140800 -2.643900 -3.733100 -3.759400 -12.018900 -5.010400 -6.546200 
