# gradients (DV/DL) for lambdas: 0.0 0.1 0.2 0.3 0.4 0.5 0.6 0.7 0.8 0.9 1.0
0.000000 -2.391600 -3.018500 -3.150600 -0.835500 -3.183700 -3.707100 -3.746800 -3.119500 -0.574800 -20.245500 -32.747100 
0.002000 -2.114900 -1.991200 -1.765000 -3.795100 -2.851500 -5.114300 -4.046600 -1.776100 -4.595700 -29.461500 -21.261600 
0.004000 -2.052500 -1.940700 -1.588700 -2.005100 -2.948200 -3.105100 -6.654700 -0.624300 -4.177200 -32.163400 -25.906000 
0.006000 -1.911600 -2.030200 -0.630600 -0.540800 -2.282200 -7.066600 -5.173800 -1.283100 -2.785900 -40.286400 -47.289700 
0.008000 -1.393200 -2.815500 -1.607400 -0.603400 -2.100500 -4.722800 -7.734200 -4.210000 -6.061200 -33.522300 -19.511500 
0.010000 -3.694300 -1.466900 -1.488200 -1.565200 -2.614600 -6.198800 -3.463100 -3.170400 -4.051200 -25.335400 -21.164800 
0.012000 -1.461000 -1.414500 -1.195900 -2.344500 -3.617700 -3.046100 -2.110400 -0.761700 -1.735800 -20.982600 -24.971600 
0.014000 -4.044700 -1.206700 -0.706300 -1.311100 -2.089300 -6.654100 -4.771800 -1.442000 -3.843500 -18.265200 -21.256400 
0.016000 -3.551700 -2.980700 -2.572600 -1.863200 -1.720700 -4.195700 -1.770500 -7.123800 -1.737200 -28.203000 -29.441500 
0.018000 -1.893300 -4.022400 -1.512300 -1.254100 -2.388400 -3.660500 -4.781900 -4.655200 -2.149800 -14.545900 -25.851900 
0.020000 -2.616300 -3.422300 -0.770800 -1.023000 -6.564300 -3.266100 -3.960700 -4.740300 -4.133100 -13.074600 -22.285700 
0.022000 -2.013600 -1.792900 -1.858500 -2.506200 -3.465500 -4.256300 -3.395800 -1.671700 -3.500700 -23.340000 -23.591100 
0.024000 -5.654000 -1.982300 -1.581000 -0.880600 -3.277800 -3.542400 -4.983100 -1.464000 -2.502900 -23.059200 -19.977200 
0.026000 -2.456300 -2.992800 -1.110100 -1.989100 -1.936300 -7.137200 -1.852600 -1.016300 -10.551500 -30.045100 -21.762900 
0.028000 -1.397600 -3.104300 -2.334900 -0.959000 -1.449200 -6.936100 -2.992500 -1.456200 -2.422300 -41.404300 -34.538800 
0.030000 -3.480300 -3.586200 -0.450700 -0.905300 -2.448500 -4.133400 -1.701400 -1.085800 -4.175300 -23.862400 -20.989500 
0.032000 -4.480500 -2.486300 -1.475300 -2.299900 -3.190600 -9.045700 -3.052400 -1.199800 -2.842200 -20.804100 -21.660300 
0.034000 -3.168200 -5.995700 -2.773000 -1.938000 -2.984700 -4.865500 -1.478400 -1.247000 -2.910000 -41.093100 -27.429800 
0.036000 -3.986300 -3.248800 -0.439800 -0.201300 -1.185700 -6.324900 -4.304600 -3.272300 -4.347000 -44.235400 -18.098700 
0.038000 -2.168700 -5.073700 -1.117900 -1.112900 -3.394700 -3.030600 -5.632400 -1.120800 -7.376200 -13.463500 -25.784600 
0.040000 -1.387100 -1.945800 -1.117700 -1.412500 -4.282500 -4.587300 -4.674200 -1.586700 -2.489700 -9.199800 -16.663300 
0.042000 -1.682000 -2.745700 -2.821800 -0.797900 -2.295700 -3.625700 -6.401100 -0.587500 -1.114500 -45.076200 -21.375800 
0.044000 -2.537000 -4.874800 -3.125000 -6.093300 -3.243500 -3.140500 -4.718200 -0.352800 -2.893200 -27.660400 -32.183200 
0.046000 -1.819200 -5.157100 -2.110200 -2.021900 -2.679400 -5.854300 -3.415500 -2.632800 -2.949200 -30.908700 -22.587400 
0.048000 -1.878300 -1.843500 -1.443700 -0.763800 -5.784400 -5.674000 -5.007400 -1.184600 -4.595000 -35.467800 -22.880500 
0.050000 -1.671200 -2.455600 -0.754400 -0.905300 -3.145000 -6.064500 -2.068600 -2.730000 -1.359800 -21.736500 -22.939600 
0.052000 -3.269500 -3.694100 -0.994100 -0.695000 -0.859800 -1.624500 -1.868700 -2.486200 -5.832900 -7.111000 -22.219000 
0.054000 -1.558200 -3.149200 -1.140200 -1.485100 -3.633600 -6.560200 -3.377000 -4.260800 -11.120300 -9.086600 -32.723600 
0.056000 -1.892600 -1.985000 -0.486500 -5.080800 -1.847400 -4.579200 -6.577900 -1.800500 -2.863000 -15.670800 -23.058700 
0.058000 -2.710900 -1.958700 -1.368300 -0.725200 -3.861400 -3.451300 -1.106900 -3.291500 -3.631900 -18.229200 -27.400100 
0.060000 -1.545700 -1.948000 -0.290300 -1.254200 -7.380200 -4.306600 -3.145500 -1.509500 -2.445500 -25.899600 -26.444800 
0.062000 -4.427600 -1.800100 -0.390600 -3.974000 -2.015400 -4.499100 -1.896200 -5.375900 -8.482400 -13.466200 -29.627600 
0.064000 -1.249200 -1.470900 -1.052700 -2.067900 -1.116000 -6.358700 -4.567500 -1.958900 -0.858300 -18.541000 -32.797700 
0.066000 -2.772200 -2.629400 -1.260400 -0.247600 -2.150800 -3.697000 -4.312600 -0.915100 -2.265800 -14.247600 -35.848400 
0.068000 -1.654600 -2.575900 -2.090700 -2.445200 -1.468800 -2.400200 -1.008500 -2.785000 -3.712500 -5.271400 -26.347800 
0.070000 -2.020900 -3.220500 -1.762400 -1.100000 -2.623100 -4.626500 -1.757300 -3.376400 -12.469600 -9.221600 -48.588500 
0.072000 -2.482400 -1.705800 -0.844400 -1.137200 -2.318000 -5.194900 -3.722200 -2.372900 -4.975700 -5.743400 -27.241400 
0.074000 -2.594300 -1.999800 -4.157600 -1.501900 -0.475600 -6.882600 -1.750200 -2.560700 -2.214600 -14.055500 -25.058000 
0.076000 -1.263100 -2.081900 -2.409700 -3.470800 -3.775100 -4.311200 -3.248100 -4.775100 -1.768900 -13.020500 -22.937000 
0.078000 -2.250000 -3.480200 -0.651500 -2.509200 -6.759300 -3.037800 -2.851400 -4.967600 -6.727300 -9.427200 -16.296400 
0.080000 -3.182200 -2.306700 -0.866600 -3.784700 -5.459700 -4.740600 -1.304300 -2.123400 -3.327700 -5.524000 -39.124000 
0.082000 -2.047300 -2.289800 -1.936000 -3.296800 -9.460400 -3.118800 -1.754700 -4.049500 -2.060800 -22.544300 -26.800100 
0.084000 -1.190400 -1.431500 -0.427800 -1.796300 -3.762000 -4.208200 -2.593100 -4.216800 -2.418500 -12.190300 -20.696400 
0.086000 -1.820300 -0.974500 -3.704400 -3.413400 -3.860700 -2.248700 -4.098700 -0.643200 -2.776800 -14.095400 -24.602700 
0.088000 -0.663400 -4.859600 -2.499500 -2.373600 -3.551600 -4.889600 -6.279400 -0.744100 -3.212400 -21.217600 -20.960300 
0.090000 -1.352500 -1.535600 -3.184400 -1.615400 -2.338200 -5.164400 -2.463800 -3.694900 -2.769600 -9.363300 -24.299200 
0.092000 -2.493500 -1.039600 -2.180700 -1.431500 -1.744800 -2.045800 -1.634600 -1.947100 -10.565900 -13.308600 -22.465100 
0.094000 -2.453300 -2.248500 -1.563500 -1.068300 -4.450200 -5.957300 -3.670000 -3.091000 -6.314400 -10.027400 -28.006400 
0.096000 -2.313600 -2.484600 -0.649600 -4.834700 -1.970000 -7.498800 -3.115700 -4.320700 -3.816900 -5.517400 -21.400300 
0.098000 -3.508700 -2.409900 -1.701500 -1.291100 -5.432600 -5.474900 -1.290400 -7.180700 -5.352600 -7.855900 -21.419900 
0.100000 -2.029800 -2.562800 -1.387000 -1.904900 -2.222000 -3.615200 -0.177900 -2.415800 -3.112000 -7.223900 -18.767000 
0.102000 -2.015600 -0.922300 -2.268700 -1.386300 -1.175300 -2.542100 -0.285000 -4.132800 -6.565200 -6.486700 -18.472700 
0.104000 -2.517300 -1.203700 -1.278400 -1.386000 -1.225600 -4.998600 -0.848900 -2.351100 -3.952900 -7.152900 -22.431500 
0.106000 -3.430500 -2.948900 -2.476300 -0.476200 -2.986800 -7.644400 -1.109500 -2.080200 -4.663100 -6.676000 -24.165300 
0.108000 -3.091400 -3.079800 -0.667600 -1.913000 -4.081100 -4.263000 -4.398000 -1.298100 -2.460800 -16.167200 -26.281400 
0.110000 -2.375500 -1.279000 -1.169100 -2.810100 -0.453200 -5.387100 -1.780100 -4.121100 -8.828700 -10.724800 -20.337500 
0.112000 -1.323000 -0.835700 -1.374000 -2.176700 -3.320700 -4.434500 -1.863100 -1.029500 -7.337500 -10.264400 -22.342700 
0.114000 -2.053900 -2.495100 -1.310200 -3.299000 -1.346900 -3.547700 -0.825900 -2.106000 -5.087700 -8.726500 -15.746000 
0.116000 -2.376300 -2.958200 -1.107800 -2.083000 -3.323700 -3.793700 -1.707000 -2.803700 -2.307000 -7.209400 -39.327400 
0.118000 -1.949700 -2.291100 -1.768300 -1.953100 -1.744600 -2.080400 -0.534900 -2.319300 -5.884500 -9.660300 -28.993200 
0.120000 -2.250900 -1.071300 -0.950500 -2.327800 -6.178600 -5.351900 -0.651300 -3.624400 -2.333400 -8.857800 -27.156800 
0.122000 -2.709800 -1.852500 -0.616800 -1.633600 -4.539300 -3.018700 -2.872800 -8.873800 -8.295100 -4.863800 -19.347300 
0.124000 -2.365500 -0.851600 -1.946300 -3.493300 -2.446500 -4.029700 -5.804300 -1.788900 -8.505700 -5.901900 -19.483800 
0.126000 -2.275600 -0.726700 -1.338000 -1.280200 -4.686100 -1.724200 -5.793500 -2.441100 -3.920100 -5.778400 -26.538600 
0.128000 -1.784500 -1.962500 -1.050700 -1.097400 -4.262000 -5.330300 -7.685300 -3.494500 -1.889400 -6.598200 -23.581900 
0.130000 -1.798100 -1.972500 -0.771800 -2.674000 -2.217100 -1.941100 -5.116900 -2.625400 -2.332000 -8.907000 -33.461000 
0.132000 -0.957800 -1.510800 -2.489700 -1.585400 -3.318700 -3.564000 -0.479000 -4.686400 -4.827800 -6.964600 -30.368400 
0.134000 -1.855600 -1.648800 -0.958800 -0.758900 -1.594100 -2.634800 -2.232600 -6.198800 -2.637300 -12.668600 -35.061600 
0.136000 -2.125000 -1.945800 -2.733500 -2.381900 -1.027100 -4.217700 -0.819900 -2.648500 -7.565800 -7.644500 -45.967400 
0.138000 -1.712900 -2.486000 -1.494700 -1.940800 -2.762400 -4.699000 -1.453000 -6.091000 -1.254200 -9.457300 -27.118300 
0.140000 -1.357700 -2.658500 -2.283800 -1.712700 -1.334200 -4.273800 -2.378700 -5.111400 -0.901800 -11.911400 -39.288300 
0.142000 -3.431400 -1.528500 -0.823200 -2.639500 -5.476100 -3.258100 -0.606700 -5.614500 -2.774100 -6.847900 -21.399100 
0.144000 -2.371000 -1.615500 -0.763000 -2.212000 -3.340100 -2.945300 -0.583200 -2.951700 -1.965900 -14.895900 -19.979000 
0.146000 -1.069900 -1.679200 -0.909200 -0.776300 -0.915200 -3.936700 -1.417900 -4.355300 -1.507800 -8.331700 -24.573800 
0.148000 -1.749700 -1.826200 -0.709800 -1.575400 -2.877100 -3.192700 -1.445500 -1.990300 -4.992800 -11.845100 -21.729400 
0.150000 -2.875200 -2.596400 -1.219700 -1.061400 -1.923500 -4.232500 -1.394100 -2.280200 -1.463900 -8.342200 -19.218500 
0.152000 -2.570000 -2.319000 -1.320300 -1.503500 -1.353000 -3.403700 -0.321100 -3.978000 -4.159300 -6.763600 -19.442900 
0.154000 -4.032900 -2.913000 -0.910500 -1.053000 -2.405300 -6.375000 -1.227500 -4.188800 -2.372600 -7.549300 -20.872400 
0.156000 -1.214200 -2.625900 -1.052300 -1.297000 -3.303600 -2.911500 -4.942100 -1.991400 -1.500000 -11.267600 -22.593800 
0.158000 -1.218600 -1.303900 -3.469600 -0.636600 -1.908500 -3.785000 -0.396000 -1.909400 -6.210000 -5.700000 -39.773000 
0.160000 -4.690900 -3.658000 -2.106900 -0.946000 -4.133800 -3.957400 -0.743200 -0.857200 -4.741200 -8.845100 -28.058400 
0.162000 -2.029700 -2.415900 -2.113100 -3.811100 -3.684200 -2.848700 -2.075100 -5.299100 -4.222400 -7.404800 -20.353400 
0.164000 -1.501500 -2.854800 -1.174900 -1.226900 -1.693400 -4.415100 -1.359800 -2.553000 -2.300900 -7.602500 -26.161100 
0.166000 -2.008100 -1.846700 -0.742500 -1.532100 -1.307200 -6.803100 -2.987000 -2.521300 -16.139400 -7.276700 -17.137200 
0.168000 -1.972700 -1.905400 -0.356900 -5.909200 -2.291500 -3.803600 -3.821400 -2.179700 -3.967500 -7.623400 -21.961000 
0.170000 -2.110300 -2.911100 -1.382000 -1.988400 -1.615400 -5.148800 -0.943200 -2.335100 -5.005500 -8.893000 -17.577300 
0.172000 -1.529500 -3.606400 -1.388400 -0.515400 -0.631700 -5.097500 -2.704800 -4.372700 -8.969500 -8.537500 -22.720600 
0.174000 -2.559400 -2.341100 -1.531700 -0.491900 -0.871200 -4.060500 -1.845000 -1.747600 -7.483300 -5.154700 -15.473200 
0.176000 -1.956400 -2.956800 -0.630800 -0.435200 -6.924800 -8.365000 -2.724900 -1.342700 -4.143900 -5.519000 -20.809000 
0.178000 -2.771700 -1.797800 -2.893100 -1.136800 -3.378300 -7.649700 -4.116000 -8.327400 -2.620100 -6.702200 -23.147800 
0.180000 -2.764400 -2.016800 -1.737500 -1.332100 -2.766300 -8.554900 -1.086500 -0.969900 -20.247300 -8.229200 -28.056100 
0.182000 -2.264200 -1.972400 -1.292000 -1.128200 -2.858600 -3.493300 -2.204900 -3.644600 -5.159200 -5.873300 -35.670100 
0.184000 -1.477300 -3.546400 -0.758700 -1.671500 -3.455800 -5.908300 -0.960100 -4.766100 -8.245700 -10.779300 -30.259300 
0.186000 -3.156100 -2.289100 -0.300400 -1.229500 -2.775000 -7.578300 -0.925400 -6.875900 -4.115400 -5.901500 -38.026500 
0.188000 -4.297000 -2.486300 -0.450400 -2.884200 -1.396800 -9.496000 -1.482200 -0.602400 -7.858600 -10.136000 -31.768900 
0.190000 -1.678300 -2.989100 -0.716100 -2.093500 -2.808100 -6.655200 -1.486100 -1.240400 -9.619900 -6.779200 -32.055700 
0.192000 -2.761400 -2.833300 -1.191800 -0.521100 -5.382900 -5.435000 -1.201700 -2.177700 -11.699300 -11.460700 -27.983300 
0.194000 -3.420200 -2.958000 -2.801000 -2.675800 -4.532600 -5.465100 -2.722000 -7.595200 -4.177400 -8.785300 -20.764500 
0.196000 -2.777200 -2.053100 -1.382700 -2.000000 -4.095600 -5.434700 -1.636200 -2.010800 -6.757600 -8.795400 -26.165600 
0.198000 -1.788500 -3.186500 -1.956800 -1.293300 -7.123400 -5.098400 -0.923900 -2.075400 -9.682600 -7.427500 -23.581500 
0.200000 -4.607700 -2.495300 -2.006400 -1.341400 -6.694000 -4.087300 -4.444300 -2.942900 -5.414800 -9.568800 -23.307100 
0.202000 -1.376700 -1.857400 -1.448800 -0.521400 -1.978800 -3.793000 -1.440100 -0.729400 -11.755700 -9.779500 -23.130800 
0.204000 -3.410000 -3.649900 -0.958800 -0.904500 -3.168200 -4.186000 -1.230000 -6.280000 -11.819900 -7.646500 -22.634700 
0.206000 -0.975100 -4.401500 -1.936400 -1.324200 -3.827300 -4.225600 -1.075200 -2.502600 -3.408600 -15.224800 -37.807300 
0.208000 -2.169300 -2.460700 -1.931100 -2.256200 -4.288900 -5.580000 -1.703400 -2.798500 -4.953100 -9.702100 -29.775400 
0.210000 -3.906400 -2.027300 -0.559700 -0.805300 -5.239500 -7.179500 -3.267200 -1.621900 -1.773000 -9.516900 -26.483800 
0.212000 -2.460100 -1.452800 -1.004200 -2.410400 -3.411700 -3.321800 -2.151800 -5.935900 -4.409500 -7.610300 -21.970300 
0.214000 -2.033200 -2.385900 -2.368200 -1.572800 -3.612700 -8.953100 -1.499000 -2.983300 -1.411800 -11.541500 -29.001300 
0.216000 -2.791200 -1.158800 -1.954700 -1.116900 -2.982400 -4.842500 -3.674400 -3.173700 -1.828200 -10.950900 -26.499000 
0.218000 -1.992900 -1.121700 -1.771600 -0.973400 -0.835600 -7.483000 -2.325700 -5.219200 -4.088600 -15.465900 -37.002700 
0.220000 -2.265200 -1.032600 -4.166800 -1.190100 -2.088900 -7.944400 -1.548700 -2.816200 -3.428400 -14.573700 -19.877100 
0.222000 -2.201700 -2.723700 -1.671800 -1.362400 -1.760600 -5.713000 -0.996700 -2.619400 -10.295000 -9.205800 -22.553400 
0.224000 -1.848700 -1.585500 -0.923300 -0.698000 -1.395300 -4.098100 -3.688800 -3.354500 -6.465300 -5.047000 -23.194900 
0.226000 -3.210200 -1.971600 -2.655200 -1.196100 -2.686100 -4.229600 -6.678200 -1.100200 -9.633600 -7.109000 -18.429100 
0.228000 -2.707000 -0.955000 -1.463600 -2.777400 -1.588900 -3.739400 -2.206600 -1.783900 -7.560600 -6.247300 -51.016200 
0.230000 -2.364900 -3.606800 -0.549600 -1.764200 -1.397800 -2.875700 -4.438500 -2.775500 -4.146100 -11.065800 -33.041500 
0.232000 -3.315800 -2.245100 -0.925500 -3.427400 -2.276500 -3.028600 -7.819900 -1.317200 -8.738400 -8.897600 -31.904000 
0.234000 -3.716800 -2.195700 -1.314900 -4.354000 -1.523600 -3.292300 -1.012000 -0.774200 -7.883600 -7.164200 -41.590500 
0.236000 -3.672400 -3.029600 -1.134300 -3.428700 -1.861900 -7.302700 -2.476800 -1.693800 -9.378100 -5.901900 -32.906400 
0.238000 -2.064000 -2.470400 -0.913300 -0.758300 -3.132900 -6.333100 -0.950500 -1.884300 -14.604100 -7.254200 -28.773800 
0.240000 -3.203200 -1.608800 -1.021200 -0.894500 -3.431300 -4.569800 -1.671800 -1.941800 -12.597900 -6.887900 -42.468800 
0.242000 -1.280800 -3.155600 -1.649200 -2.478700 -9.293500 -3.819000 -4.419000 -1.152200 -10.023200 -5.339400 -33.173200 
0.244000 -3.947600 -2.371000 -2.841600 -1.978200 -2.795000 -4.077700 -2.911300 -2.304300 -11.471200 -8.877000 -53.828100 
0.246000 -2.368700 -2.314400 -0.872500 -0.767800 -2.997500 -5.559600 -4.601200 -1.392300 -8.708100 -7.244300 -24.770900 
0.248000 -3.674000 -3.116500 -2.237000 -1.038500 -2.724000 -3.524000 -4.775500 -7.285100 -11.061200 -3.833600 -27.922600 
0.250000 -2.027400 -4.056500 -1.299200 -0.327300 -5.503400 -6.788500 -2.165400 -5.468700 -12.534400 -3.438900 -26.929900 
0.252000 -5.310500 -3.015800 -0.594300 -0.435300 -4.616000 -8.421700 -1.485800 -2.563700 -11.222600 -7.161500 -67.256200 
0.254000 -2.355600 -3.549500 -0.438300 -2.926100 -0.947000 -3.968500 -3.604500 -0.515600 -9.341300 -9.043200 -31.091000 
0.256000 -3.033600 -2.328400 -0.484800 -1.160700 -3.193200 -3.210700 -3.489800 -4.638900 -10.433000 -9.238900 -36.612500 
0.258000 -3.847600 -2.185000 -0.505400 -1.385800 -3.278800 -3.483400 -7.693700 -5.009700 -9.221600 -11.004800 -32.177500 
0.260000 -2.235300 -2.186300 -1.324900 -0.806300 -2.476200 -6.429200 -1.285000 -5.944400 -14.052100 -8.921300 -30.625500 
0.262000 -1.688000 -0.845100 -1.020000 -1.507600 -4.530600 -5.201500 -4.896100 -2.244700 -8.352000 -7.355900 -49.611700 
0.264000 -1.364200 -2.828100 -0.418400 -2.013700 -4.840300 -7.010700 -1.253500 -1.244100 -13.441600 -5.429000 -25.117100 
0.266000 -4.740800 -1.145000 -0.696900 -2.728500 -3.262800 -6.353700 -1.332200 -3.299000 -9.193900 -4.717300 -24.068900 
0.268000 -2.171900 -2.426900 -1.525100 -2.770500 -3.544300 -5.518800 -1.750100 -2.717600 -7.329900 -6.231300 -22.006600 
0.270000 -2.734800 -1.575800 -1.619600 -1.478500 -1.930800 -6.656000 -3.452000 -2.715300 -12.142600 -4.989700 -40.685300 
0.272000 -1.836100 -3.063900 -0.778500 -0.943300 -2.520900 -7.993200 -4.276800 -1.289100 -15.030400 -6.046700 -27.595900 
0.274000 -5.314900 -2.574000 -0.419800 -0.660200 -2.636800 -3.435500 -4.328100 -1.453300 -12.071000 -4.671600 -33.184700 
0.276000 -4.470100 -3.143000 -0.724800 -1.361900 -3.283100 -6.769400 -1.966500 -2.570200 -10.815900 -6.417800 -38.866000 
0.278000 -1.083600 -2.157000 -0.488900 -2.115600 -2.737000 -4.478200 -2.015700 -1.839300 -6.091300 -8.227100 -30.328500 
0.280000 -4.267400 -2.786500 -1.439500 -1.517300 -0.922900 -4.930900 -3.008600 -1.320100 -9.862400 -4.662500 -27.002400 
0.282000 -2.899000 -0.718200 -0.325400 -3.212500 -1.633600 -4.361200 -4.181900 -4.296600 -12.656400 -5.448400 -31.737100 
0.284000 -4.120900 -1.939200 -0.878900 -1.434400 -4.082300 -2.819200 -1.330200 -3.352400 -11.489000 -4.106700 -53.814500 
0.286000 -3.428100 -1.029100 -3.300900 -1.624000 -4.049000 -2.809000 -3.350000 -2.247400 -12.810500 -7.292100 -17.358300 
0.288000 -1.485800 -2.444400 -1.290200 -3.066700 -1.151100 -2.520500 -2.606800 -1.138800 -12.534300 -4.627700 -23.237900 
0.290000 -2.987400 -3.006900 -1.330200 -1.355900 -1.722000 -4.379300 -1.043000 -2.352200 -10.975400 -2.417000 -20.211400 
0.292000 -2.278000 -1.416900 -2.328600 -0.768500 -1.784300 -4.489600 -4.248900 -4.220700 -8.840300 -5.106700 -19.970500 
0.294000 -2.704000 -1.633000 -0.651400 -1.173800 -3.376400 -8.006000 -4.069200 -1.302700 -9.398500 -7.735200 -26.365000 
0.296000 -1.879400 -0.908100 -2.064700 -1.481200 -1.253300 -5.405200 -3.825200 -2.299400 -17.138800 -6.606500 -42.377300 
0.298000 -2.003800 -2.456100 -0.850400 -2.288200 -3.508700 -3.965700 -1.656400 -1.772700 -13.049700 -7.453300 -40.398900 
0.300000 -3.611600 -2.023800 -1.085200 -3.999000 -0.555200 -3.840800 -2.909300 -1.119800 -14.790500 -13.899500 -38.041000 
0.302000 -2.470600 -1.753600 -0.512500 -0.992000 -1.893400 -4.579800 -2.653400 -1.023900 -17.299600 -10.777700 -25.484200 
0.304000 -2.672800 -1.591400 -0.811800 -2.286900 -0.450000 -3.943100 -2.154000 -5.026800 -9.821400 -11.047500 -16.096900 
0.306000 -3.138400 -2.390100 -0.144500 -1.813400 -4.539100 -3.424200 -2.398400 -0.883100 -11.079800 -12.072400 -29.919400 
0.308000 -2.072600 -1.308100 -2.657500 -1.278800 -2.382200 -2.786500 -2.564000 -3.478500 -10.659500 -13.332000 -44.694600 
0.310000 -2.391000 -2.525000 -0.914800 -2.260800 -0.731300 -4.108700 -2.039300 -1.915300 -10.668100 -8.704700 -43.974800 
0.312000 -1.589000 -2.246400 -1.302100 -1.369700 -0.818100 -2.822200 -2.039900 -1.978700 -9.969900 -12.946400 -64.998800 
0.314000 -1.679100 -2.068900 -2.364500 -1.089600 -1.577600 -3.967600 -2.499800 -5.544000 -8.884900 -17.824500 -65.100200 
0.316000 -4.317600 -1.158400 -2.133200 -1.471400 -2.980000 -3.037500 -3.093500 -4.395300 -6.967000 -11.881300 -24.129300 
0.318000 -2.951200 -2.071900 -3.354200 -0.992300 -0.764900 -6.052500 -2.856500 -1.079100 -5.659800 -10.453300 -29.225900 
0.320000 -1.994000 -1.999000 -1.933500 -6.320500 -1.808000 -5.182000 -1.981000 -3.434600 -15.237700 -9.310900 -56.030600 
0.322000 -2.550600 -1.644900 -2.121600 -0.859800 -1.060100 -6.600200 -2.222900 -3.573200 -12.719300 -7.932900 -49.842400 
0.324000 -1.852200 -1.673800 -2.420500 -1.547400 -3.360900 -4.264000 -4.465600 -2.967400 -10.639300 -9.336100 -52.170400 
0.326000 -1.869900 -1.245300 -1.000500 -1.790000 -1.800400 -3.351800 -2.059900 -0.750100 -6.344200 -12.391000 -88.400300 
0.328000 -4.627800 -1.238300 -1.629400 -1.556600 -1.583100 -4.680200 -8.772000 -1.483900 -22.209100 -5.539700 -77.849200 
0.330000 -2.976600 -1.269700 -1.023300 -1.534600 -3.071400 -4.288100 -1.340500 -2.037400 -9.055600 -10.174100 -27.910400 
0.332000 -3.567900 -2.600500 -3.190900 -2.111000 -2.356200 -3.803600 -6.297600 -2.100400 -11.208700 -14.549500 -25.481900 
0.334000 -2.308200 -1.523300 -2.303300 -3.547900 -0.820300 -4.995400 -3.232800 -2.324400 -13.783200 -10.614500 -27.566300 
0.336000 -3.039100 -1.422700 -1.053900 -2.892300 -2.025100 -4.572300 -2.796100 -2.640000 -12.839900 -8.023100 -17.959700 
0.338000 -1.720600 -0.899300 -3.073400 -3.426600 -1.981500 -3.868200 -5.696900 -2.467100 -12.758300 -6.838300 -16.183300 
0.340000 -2.368100 -1.790000 -1.067600 -1.947100 -0.186500 -2.022800 -0.435900 -4.393100 -14.021100 -8.079200 -27.855200 
0.342000 -2.044700 -2.415900 -2.437200 -3.835300 -1.167100 -4.499200 -3.290400 -2.017500 -15.025700 -5.437800 -18.021800 
0.344000 -3.372200 -1.284600 -2.151200 -2.346900 -5.648600 -2.864500 -1.516200 -3.080500 -13.307500 -5.743500 -35.064000 
0.346000 -4.297500 -1.750400 -1.925900 -1.427700 -2.716200 -4.824400 -1.664000 -2.296100 -13.247500 -4.501700 -23.129700 
0.348000 -1.825400 -2.903300 -0.226600 -1.527800 -4.088700 -3.261400 -1.892500 -1.779500 -18.262700 -7.458800 -21.185200 
0.350000 -1.642200 -1.592000 -1.970000 -1.752300 -1.577900 -5.025300 -1.995900 -4.217700 -18.513100 -5.205700 -21.631200 
0.352000 -1.845500 -1.680900 -0.497100 -0.919900 -1.033100 -4.849900 -4.016400 -4.188200 -27.673700 -7.613700 -20.513100 
0.354000 -2.480800 -1.507100 -1.971900 -1.852800 -0.745600 -3.946000 -1.218600 -2.644500 -20.299600 -7.733700 -40.110600 
0.356000 -2.282200 -1.967000 -2.571700 -2.216500 -1.661700 -3.048400 -2.883900 -3.529200 -22.546200 -4.029600 -46.411700 
0.358000 -2.251200 -2.300300 -0.791500 -0.693100 -1.348500 -3.954600 -2.619300 -7.398600 -20.635200 -6.148200 -12.722300 
0.360000 -2.574600 -1.945200 -1.066300 -0.870700 -1.747800 -4.761400 -1.817900 -2.695600 -19.022700 -6.496400 -18.560900 
0.362000 -1.196500 -2.240200 -2.749900 -1.990400 -1.715900 -5.645300 -3.484000 -2.467600 -17.467600 -6.830900 -32.120600 
0.364000 -2.754900 -1.672500 -2.155200 -2.698900 -2.122900 -3.879600 -3.947100 -1.099200 -17.392200 -4.875000 -71.222800 
0.366000 -3.092400 -2.702700 -1.215100 -2.683400 -1.176000 -3.648900 -5.031700 -1.930800 -20.325400 -6.664600 -23.315000 
0.368000 -1.999100 -3.856400 -4.261900 -0.996800 -2.838300 -2.341800 -1.799500 -3.133300 -20.640000 -4.824900 -22.574800 
0.370000 -1.485700 -2.077800 -1.854900 -1.612900 -0.915700 -7.526200 -0.747800 -4.987800 -17.065300 -7.508900 -18.237200 
0.372000 -1.820700 -3.753600 -2.312800 -1.469700 -1.490400 -6.515100 -4.701800 -4.526100 -20.044300 -4.454400 -24.107800 
0.374000 -2.039900 -1.340000 -3.752300 -2.607900 -2.193500 -6.218800 -3.402500 -1.274100 -13.738700 -9.628500 -20.574200 
0.376000 -2.330400 -2.688600 -2.185300 -1.467600 -0.839700 -4.502100 -1.426300 -2.602200 -12.618700 -5.533800 -24.173000 
0.378000 -1.878800 -2.976300 -1.363100 -3.270800 -2.381600 -3.693300 -4.299300 -3.068000 -8.740800 -2.617400 -23.054900 
0.380000 -3.026500 -1.971900 -3.284800 -0.207000 -1.267100 -5.854300 -3.968200 -2.005600 -21.806500 -10.537700 -14.031000 
0.382000 -4.342700 -1.649600 -0.520300 -1.767100 -3.283900 -3.598800 -2.653700 -5.086000 -15.317600 -8.512300 -23.287400 
0.384000 -3.992500 -2.326800 -3.145400 -0.938700 -2.614600 -5.616100 -2.497600 -1.060200 -23.281600 -9.369700 -21.068000 
0.386000 -2.044200 -3.000600 -1.207100 -1.168400 -3.428200 -4.264400 -2.355600 -2.246000 -14.106100 -15.840100 -23.108200 
0.388000 -3.639700 -1.044300 -3.022100 -0.977200 -2.651000 -5.874000 -4.981500 -2.405000 -22.265000 -5.578700 -21.691800 
0.390000 -4.516300 -2.288800 -2.390300 -1.379300 -3.814100 -5.848900 -1.713000 -2.649600 -20.691200 -6.672800 -16.521000 
0.392000 -2.553900 -2.528500 -4.448900 -2.488000 -4.722900 -3.686800 -7.117200 -3.826700 -13.382300 -8.700900 -37.180800 
0.394000 -4.609300 -1.029400 -0.610400 -1.040600 -1.944000 -5.235600 -2.695600 -4.642900 -32.129000 -5.791900 -23.446900 
0.396000 -3.121900 -1.143400 -0.496900 -1.229700 -3.813500 -8.278300 -3.780100 -4.784800 -13.034200 -5.769300 -71.800200 
0.398000 -2.588300 -2.078200 -0.797700 -1.495500 -0.993500 -4.208500 -2.225700 -0.877000 -30.619200 -12.905900 -20.999400 
0.400000 -3.081800 -2.487900 -0.719100 -1.347500 -3.826300 -7.856100 -4.147000 -1.670000 -27.237900 -6.080000 -24.468200 
0.402000 -3.353600 -2.980500 -1.923000 -1.617100 -1.465300 -4.347000 -4.263700 -3.283300 -31.073700 -8.319100 -37.775000 
0.404000 -3.177100 -2.281200 -1.604700 -0.939100 -5.560800 -2.895500 -5.254900 -5.373900 -22.063100 -7.405300 -25.674100 
0.406000 -1.249900 -1.546200 -1.954100 -1.176000 -2.831900 -6.406700 -1.771200 -6.707300 -18.824900 -8.832100 -22.438600 
0.408000 -2.208100 -2.238900 -0.631600 -1.246800 -3.059400 -7.408900 -1.812000 -6.982800 -21.646100 -10.066700 -47.864600 
0.410000 -2.124600 -1.010700 -2.711500 -0.636100 -4.785800 -6.249600 -2.544600 -13.273300 -25.603000 -6.813700 -29.241900 
0.412000 -3.962100 -1.372600 -2.523300 -0.754800 -5.695800 -4.387000 -4.937400 -5.086900 -27.160300 -10.671600 -32.117300 
0.414000 -2.777800 -1.892000 -2.018800 -2.679800 -4.518200 -7.525500 -2.818500 -4.247900 -28.303600 -13.716300 -32.797900 
0.416000 -1.882400 -0.954200 -1.919400 -0.331200 -7.684800 -10.591200 -5.145800 -2.433800 -15.465400 -12.138600 -17.302500 
0.418000 -2.453900 -2.727500 -1.753800 -1.236400 -4.210700 -1.830400 -5.873200 -1.674100 -36.613300 -9.410900 -26.474100 
0.420000 -0.468400 -0.752300 -2.923500 -1.541900 -4.925500 -4.186800 -2.653600 -3.576300 -28.811900 -14.739100 -18.427500 
0.422000 -1.613700 -2.436900 -0.820100 -1.193200 -3.490800 -2.485900 -1.683900 -4.500200 -26.935800 -10.124600 -21.577200 
0.424000 -1.558000 -2.028600 -4.523500 -1.685500 -8.032200 -2.157500 -1.671200 -1.927900 -33.502400 -30.203700 -15.071200 
0.426000 -2.616400 -1.853200 -0.930400 -0.950300 -1.426800 -4.207100 -3.649700 -3.059300 -36.180500 -6.449000 -20.402000 
0.428000 -2.629800 -4.472400 -2.385400 -1.922900 -2.709000 -4.260200 -5.136100 -2.783200 -35.094000 -7.075200 -16.820600 
0.430000 -2.514800 -2.679800 -5.150200 -1.345400 -0.854000 -2.484000 -1.674400 -2.877200 -27.002000 -8.619300 -15.541400 
0.432000 -1.583400 -2.012000 -2.409900 -2.810600 -2.009900 -4.027600 -0.676000 -2.355400 -25.401300 -7.828500 -18.909500 
0.434000 -1.357500 -1.389600 -1.894800 -0.764500 -6.722800 -5.193200 -8.674800 -3.544400 -38.287800 -12.122600 -37.675500 
0.436000 -1.762500 -2.442200 -2.472200 -1.223200 -5.028800 -4.150900 -1.468400 -1.296200 -33.410600 -9.764300 -51.211900 
0.438000 -1.389500 -1.534400 -2.842900 -2.616000 -6.491700 -3.051000 -3.243100 -1.594700 -44.702200 -8.609400 -27.629400 
0.440000 -1.238200 -4.287700 -1.738000 -1.581300 -6.118900 -3.628500 -2.562000 -4.158700 -30.811100 -13.183500 -13.145300 
0.442000 -1.213500 -2.275000 -3.049400 -0.767800 -3.314800 -7.039900 -5.479700 -4.990900 -30.993100 -6.567000 -48.128200 
0.444000 -1.551400 -2.698600 -3.871500 -1.478700 -0.419600 -4.442200 -3.658600 -7.485700 -21.031600 -9.850000 -45.580300 
0.446000 -2.624800 -3.413900 -2.087500 -2.835100 -3.789900 -7.743200 -4.888000 -2.802000 -33.077800 -3.170400 -28.837100 
0.448000 -2.057300 -2.970500 -1.309700 -1.442900 -4.484300 -5.447800 -3.406100 -3.249300 -24.589400 -5.316900 -92.382400 
0.450000 -1.087400 -1.992400 -0.599500 -0.539300 -2.520300 -2.851400 -4.693500 -4.154100 -46.011400 -7.975000 -51.317200 
0.452000 -2.580100 -1.526800 -1.427400 -1.005700 -2.103400 -5.652600 -3.589700 -3.573200 -26.667600 -6.804400 -25.466800 
0.454000 -2.712600 -0.961100 -2.447600 -1.064400 -1.551000 -6.437100 -2.105000 -1.373000 -21.549300 -9.781700 -44.636500 
0.456000 -2.029700 -2.743700 -1.274600 -0.216400 -2.020900 -4.367800 -9.602200 -2.745800 -27.243000 -20.818900 -39.868100 
0.458000 -3.345100 -1.857500 -1.868300 -2.233500 -3.982400 -4.909900 -1.982100 -4.505900 -27.725400 -10.442700 -66.613600 
0.460000 -3.694300 -1.949400 -1.130600 -0.868000 -2.842600 -7.478000 -4.576500 -2.742400 -24.655300 -11.876100 -57.744600 
0.462000 -2.945300 -1.735200 -1.566600 -1.428800 -2.064600 -4.361700 -5.281300 -1.099700 -22.528400 -10.864000 -51.693800 
0.464000 -3.739800 -1.711700 -0.965500 -2.924900 -2.423500 -4.685700 -2.338600 -2.562300 -26.457700 -19.696000 -31.963800 
0.466000 -1.275500 -2.031100 -4.090100 -3.096500 -1.130500 -7.163000 -4.603800 -5.224000 -24.912400 -21.001600 -27.601800 
0.468000 -2.964000 -2.034500 -2.084000 -1.624600 -1.317400 -4.082600 -4.536400 -2.668500 -21.985300 -7.821600 -45.391500 
0.470000 -3.014000 -0.378800 -0.783500 -0.960800 -1.695400 -5.411000 -2.406400 -2.420200 -19.695500 -6.398100 -34.081200 
0.472000 -4.862100 -1.500700 -1.682600 -3.428300 -2.079000 -4.476300 -3.452200 -3.853600 -20.236500 -2.966800 -29.168300 
0.474000 -3.753800 -2.027900 -1.264200 -1.128800 -2.438700 -4.207600 -2.561100 -1.857800 -21.292100 -6.639400 -48.543600 
0.476000 -2.160700 -1.898200 -0.917700 -0.950400 -1.948500 -5.581700 -3.049700 -1.375700 -18.244400 -2.572000 -36.714600 
0.478000 -1.423000 -2.789100 -1.193300 -1.066000 -1.556400 -6.307400 -3.107800 -3.169600 -15.594800 -5.472500 -62.135100 
0.480000 -2.053800 -1.173100 -1.561100 -0.602100 -1.959000 -5.976900 -4.531600 -2.045400 -16.527900 -3.211300 -37.476900 
0.482000 -2.506000 -1.600300 -2.092000 -1.376100 -1.300300 -8.020800 -4.358600 -1.661700 -18.151000 -4.393300 -95.295500 
0.484000 -1.873900 -1.052300 -0.457100 -0.645000 -2.558800 -6.629400 -3.238300 -4.313200 -21.282400 -4.600100 -56.521000 
0.486000 -2.415900 -2.172900 -0.623700 -0.335400 -2.401900 -4.780100 -3.842600 -3.171900 -17.671600 -10.678500 -52.957500 
0.488000 -2.067200 -2.153800 -1.413900 -2.083300 -2.483200 -6.000700 -4.117900 -3.010200 -15.505400 -7.490500 -46.028500 
0.490000 -3.128000 -1.974600 -2.812000 -3.081700 -2.890500 -6.588500 -4.469200 -3.035100 -16.056100 -5.020900 -55.465500 
0.492000 -3.403500 -1.232700 -0.577300 -2.579000 -1.903100 -5.346600 -3.694000 -3.547800 -17.416100 -5.335300 -71.071200 
0.494000 -4.306000 -1.091100 -1.037800 -1.738500 -3.667800 -5.101500 -3.552300 -2.502600 -14.592800 -6.024300 -36.680100 
0.496000 -3.061100 -1.644800 -1.988300 -2.027100 -2.946200 -6.852800 -2.148000 -2.057600 -17.937700 -3.422600 -68.515000 
0.498000 -4.136300 -1.386100 -3.803100 -1.779400 -1.777600 -7.244300 -5.125200 -1.362300 -18.277600 -2.207900 -42.747300 
0.500000 -2.744400 -3.523700 -2.447700 -1.573600 -3.666700 -11.475000 -0.946600 -4.213600 -19.890100 -4.586500 -61.856900 
0.502000 -1.936200 -2.426600 -1.629900 -0.688900 -3.491300 -6.284600 -2.761500 -7.929800 -22.275000 -4.176600 -22.569600 
0.504000 -1.322900 -1.978300 -0.787800 -1.973200 -2.742700 -4.846400 -2.569900 -2.934200 -21.524100 -1.441800 -21.479800 
0.506000 -1.234400 -2.247400 -1.558700 -1.023900 -1.385600 -7.622400 -2.837200 -3.094400 -26.416400 -2.750400 -17.885300 
0.508000 -3.606200 -1.267700 -0.982900 -2.510400 -1.915100 -10.275400 -2.770100 -7.181700 -20.085100 -1.937000 -17.523500 
0.510000 -1.301000 -2.310400 -2.964200 -1.021000 -3.034800 -7.826300 -4.095900 -5.484800 -21.892400 -11.013000 -19.413000 
0.512000 -1.787800 -0.916400 -3.791100 -1.116600 -1.596800 -6.197100 -5.463000 -4.681500 -17.805400 -4.476200 -15.053100 
0.514000 -1.053100 -2.034700 -3.425700 -1.906700 -1.214500 -12.642500 -4.076500 -5.344400 -27.689000 -6.137300 -22.148400 
0.516000 -3.653000 -1.765300 -2.631300 -1.263700 -2.154500 -6.683800 -4.176200 -0.643200 -29.993500 -2.308800 -20.354400 
0.518000 -2.646900 -3.685300 -3.137800 -1.044700 -2.546500 -5.466700 -3.969900 -2.482700 -26.888700 -1.902700 -17.500100 
0.520000 -4.215900 -3.442900 -4.419000 -3.159600 -1.708400 -5.751800 -6.695500 -1.978600 -20.543400 -5.074300 -16.170600 
0.522000 -2.463800 -1.186400 -5.304500 -1.809200 -1.332000 -5.270000 -1.753400 -1.868200 -25.247200 -3.813700 -22.232000 
0.524000 -1.654700 -2.493200 -2.531800 -0.964600 -7.015200 -4.974800 -2.744000 -1.645200 -14.908800 -11.867800 -31.640900 
0.526000 -2.998300 -2.512400 -3.563400 -1.072300 -2.660700 -5.769600 -4.434400 -1.718200 -22.895700 -6.087300 -30.204600 
0.528000 -3.413200 -2.261800 -0.962000 -1.905100 -0.858500 -5.150500 -2.446700 -2.925600 -19.185500 -2.263900 -26.488300 
0.530000 -2.985900 -1.204100 -2.857700 -2.183600 -3.081600 -4.456800 -2.456800 -3.041000 -19.021900 -1.157900 -31.879400 
0.532000 -4.111600 -1.796800 -1.289700 -1.324600 -1.041000 -6.676700 -2.165200 -3.327200 -19.008500 -3.111200 -21.863500 
0.534000 -3.810500 -1.529500 -0.455200 -2.384300 -1.814400 -3.915800 -2.395600 -2.853400 -22.660000 -7.132400 -27.179900 
0.536000 -2.838400 -0.900200 -2.269500 -2.727300 -2.150100 -4.532300 -5.120600 -2.612500 -26.265200 -1.377800 -35.429800 
0.538000 -2.151700 -1.827700 -0.789400 -0.998500 -3.404000 -3.110100 -1.561600 -0.924200 -21.316400 -7.883100 -22.469300 
0.540000 -4.692600 -1.973300 -0.722200 -1.838400 -1.081200 -6.559700 -1.694100 -4.411100 -28.379000 -2.253900 -20.720500 
0.542000 -3.064900 -2.323700 -0.664300 -0.853500 -1.794500 -4.305300 -1.764600 -1.681300 -19.564800 -6.475600 -28.601200 
0.544000 -5.260400 -1.784000 -1.542600 -1.008700 -3.104200 -3.801300 -2.040600 -5.778000 -24.659500 -7.298200 -19.995800 
0.546000 -3.280700 -1.243000 -0.818900 -1.289700 -2.443500 -5.082800 -3.323600 -5.058400 -22.192800 -2.782100 -18.536600 
0.548000 -3.274300 -1.333700 -1.496800 -3.466500 -3.338100 -8.795600 -1.151500 -4.290400 -22.220700 -3.996900 -42.275600 
0.550000 -4.338300 -1.171900 -0.764000 -0.961800 -1.090100 -7.664500 -2.346300 -3.023000 -22.130100 -7.435300 -19.328900 
0.552000 -3.686100 -1.455600 -2.482100 -1.404500 -2.907100 -4.225900 -1.341000 -2.367800 -21.428600 -6.157400 -23.456200 
0.554000 -3.368600 -1.274400 -1.457500 -0.776000 -0.529600 -7.925600 -2.806200 -2.401500 -26.046500 -5.839900 -23.741200 
0.556000 -3.088900 -2.449300 -0.920600 -1.042400 -2.653900 -4.373500 -2.641200 -1.536100 -20.481600 -3.418200 -21.179500 
0.558000 -4.197600 -1.366500 -0.648300 -1.579000 -3.940300 -7.284000 -4.313500 -2.786800 -27.985700 -6.070300 -23.206200 
0.560000 -4.541800 -1.355300 -2.296100 -1.403700 -2.925100 -5.263800 -2.123100 -1.501300 -22.320100 -4.060200 -28.663800 
0.562000 -2.732800 -1.295800 -1.890600 -0.127400 -2.595600 -8.104600 -0.848400 -3.133600 -21.089200 -5.447000 -41.688700 
0.564000 -3.053600 -1.450200 -1.669100 -4.276600 -4.769000 -4.495800 -5.236000 -1.494900 -21.613300 -7.350900 -24.923300 
0.566000 -3.644900 -1.348400 -3.018700 -1.542800 -6.189000 -6.460500 -7.338400 -0.262100 -28.715000 -2.711900 -18.572700 
0.568000 -3.424000 -2.957300 -1.421600 -2.079700 -8.721200 -4.613700 -8.409900 -2.753200 -27.378100 -6.986900 -22.877900 
0.570000 -2.849800 -0.864700 -3.459400 -1.054600 -10.255500 -7.218800 -4.130900 -1.169200 -24.912500 -2.563400 -24.889300 
0.572000 -3.565500 -1.502400 -1.222300 -1.888200 -3.725300 -5.026900 -2.274700 -1.388100 -31.947400 -2.348200 -31.787500 
0.574000 -2.689100 -3.811300 -1.513400 -4.004800 -3.833800 -7.360800 -1.133400 -1.944600 -24.255700 -2.685200 -20.702500 
0.576000 -1.406600 -3.194400 -1.554500 -0.580200 -5.219100 -6.265400 -2.623500 -3.110600 -21.897500 -2.519200 -20.179700 
0.578000 -4.905600 -1.439700 -0.770000 -1.840100 -2.883300 -4.681200 -2.447100 -0.326200 -12.974700 -4.902300 -21.136600 
0.580000 -3.277100 -3.312300 -1.822500 -2.006100 -3.590900 -6.948000 -2.939200 -2.999600 -19.233200 -2.205100 -20.946700 
0.582000 -2.439600 -2.111800 -0.667500 -1.607400 -4.504200 -5.424300 -5.254300 -1.604600 -19.603000 -4.202600 -25.515600 
0.584000 -4.387700 -1.898000 -1.085500 -1.780600 -2.903800 -6.200200 -4.369200 -7.702500 -23.138300 -3.968200 -25.369500 
0.586000 -2.456300 -2.715200 -4.977100 -1.052500 -2.837000 -4.035800 -4.095100 -3.155200 -27.536600 -4.488100 -22.937900 
0.588000 -3.727200 -1.491300 -1.446700 -0.615000 -5.130300 -4.086400 -5.970400 -2.339600 -17.282300 -6.711900 -24.506000 
0.590000 -3.840500 -2.383900 -2.079700 -0.338700 -2.788300 -6.509500 -2.846300 -6.979700 -23.954000 -6.541400 -23.467900 
0.592000 -3.159200 -2.877100 -2.137700 -1.097500 -3.530100 -5.548400 -5.523700 -1.139100 -25.027400 -7.909100 -17.410400 
0.594000 -1.501100 -1.417100 -2.176600 -1.355400 -2.365500 -4.861600 -4.019400 -0.992100 -19.748700 -3.561300 -21.588800 
0.596000 -3.237200 -5.584100 -1.684000 -0.632600 -1.013400 -5.526000 -3.769800 -3.160200 -20.781500 -5.649500 -20.748500 
0.598000 -2.143600 -2.016900 -1.241900 -0.759500 -2.966200 -7.765000 -4.080500 -3.962300 -17.048500 -5.742600 -22.469200 
0.600000 -4.423300 -1.668300 -0.299000 -1.166900 -5.540500 -5.990900 -1.984000 -5.364300 -22.484500 -9.191800 -19.031700 
0.602000 -3.641300 -1.812700 -2.186500 -1.489800 -1.286100 -5.811000 -3.284400 -4.275700 -20.088500 -6.979800 -24.653400 
0.604000 -3.157200 -1.079400 -0.554900 -0.488200 -3.377000 -7.511600 -4.057700 -8.184700 -21.755900 -7.872500 -24.883100 
0.606000 -3.134100 -1.738100 -1.014400 -0.402200 -3.879700 -8.411300 -3.437700 -3.685800 -24.892800 -3.608100 -27.523400 
0.608000 -4.169500 -2.159000 -1.609500 -3.427000 -2.185300 -8.017000 -6.398500 -6.527300 -20.409700 -4.538600 -26.748500 
0.610000 -3.354200 -1.016900 -3.404700 -0.516800 -4.864700 -5.403600 -5.640700 -7.651800 -27.452800 -8.049600 -25.525600 
0.612000 -2.275000 -2.437300 -2.220100 -0.792900 -0.819900 -5.607200 -7.662400 -5.963600 -21.553600 -5.477400 -19.408500 
0.614000 -2.382900 -1.878600 -1.580100 -2.246400 -5.197400 -8.989800 -3.323900 -2.817200 -27.429900 -7.047000 -20.971500 
0.616000 -2.595300 -2.196000 -2.798200 -1.629400 -1.862200 -4.202000 -6.728700 -2.423500 -17.330100 -6.230700 -23.088300 
0.618000 -4.816100 -2.407500 -1.799700 -2.630900 -5.528700 -3.923600 -2.674600 -1.571500 -17.994800 -7.356700 -24.789800 
0.620000 -3.479700 -1.020400 -1.259300 -2.075900 -2.670200 -6.691000 -6.000000 -2.481300 -21.844800 -4.853800 -27.889100 
0.622000 -3.675700 -2.198900 -1.983500 -0.802800 -5.073200 -4.992500 -1.787600 -3.287800 -25.814700 -4.661000 -22.983700 
0.624000 -3.156000 -1.533600 -0.489200 -3.329500 -2.394000 -3.502800 -2.403700 -7.208200 -15.054400 -4.959900 -26.462100 
0.626000 -3.229900 -1.610700 -3.001700 -1.395600 -1.838300 -6.039500 -2.655500 -4.693600 -17.055000 -5.642200 -21.962900 
0.628000 -4.382600 -1.133800 -0.856000 -1.710100 -3.341500 -5.381600 -2.475300 -5.250800 -17.949800 -8.234600 -28.583800 
0.630000 -2.597500 -1.308800 -0.324200 -2.384100 -6.068500 -5.005800 -4.598400 -2.005900 -20.171000 -6.833200 -27.998100 
0.632000 -3.527400 -2.456600 -0.746100 -1.765000 -3.897900 -2.771900 -0.892500 -4.320500 -17.046800 -7.925400 -19.708500 
0.634000 -2.620700 -0.458800 -0.934400 -3.820300 -3.663500 -3.826500 -5.171800 -2.351300 -18.612800 -8.164000 -31.621100 
0.636000 -5.154900 -1.587500 -3.493900 -1.341500 -4.744800 -4.107200 -1.726400 -2.661800 -12.962300 -3.113300 -21.407800 
0.638000 -2.775000 -0.775700 -2.437600 -2.232500 -3.938100 -3.493100 -3.205900 -2.865100 -22.389600 -3.961500 -19.831300 
0.640000 -2.707800 -2.073200 -1.071100 -3.781200 -5.706800 -2.813500 -2.438500 -0.669700 -16.791400 -6.559500 -23.985500 
0.642000 -3.408300 -1.433100 -1.621700 -1.187800 -2.686600 -3.863800 -5.494200 -3.777300 -25.791100 -4.329100 -26.251900 
0.644000 -2.054300 -4.187800 -1.235000 -0.809600 -1.647900 -5.479000 -3.303900 -2.606100 -30.178600 -5.603200 -26.472800 
0.646000 -2.634100 -2.778100 -1.508000 -1.559600 -6.833600 -4.442700 -8.108900 -0.755500 -34.458600 -6.596900 -23.318100 
0.648000 -5.296400 -1.715100 -1.115200 -0.642800 -0.699000 -5.543200 -2.343700 -4.196300 -37.120900 -7.594500 -57.586000 
0.650000 -4.919200 -1.785100 -1.190700 -0.398900 -4.779600 -5.488600 -1.680200 -4.336000 -27.789900 -6.301900 -34.023400 
0.652000 -3.267500 -4.131800 -2.207900 -1.732100 -1.378200 -3.282900 -3.084500 -1.202000 -38.817300 -6.201100 -30.405500 
0.654000 -3.641200 -2.872300 -2.586300 -0.657400 -3.778300 -8.274200 -1.921500 -3.939100 -22.681100 -3.216600 -31.503900 
0.656000 -2.570700 -2.847400 -2.426300 -1.117400 -1.301400 -1.521500 -3.132700 -3.148300 -22.459400 -5.222000 -29.356000 
0.658000 -1.283800 -0.870500 -1.382000 -2.784700 -1.123700 -4.957300 -3.113600 -0.700400 -38.022200 -6.656800 -40.202500 
0.660000 -1.004300 -1.176100 -0.823400 -1.586700 -2.510600 -6.166400 -3.570400 -4.852800 -30.601600 -5.787200 -41.285400 
0.662000 -3.243200 -1.839400 -1.559900 -0.928900 -1.727500 -4.307900 -6.915900 -3.319200 -33.019100 -6.505100 -22.164900 
0.664000 -4.152500 -2.070700 -1.230900 -2.528800 -0.916500 -4.775300 -6.118700 -1.994600 -27.363400 -2.883400 -21.818200 
0.666000 -2.880100 -1.641600 -0.658100 -0.650200 -2.155600 -4.492300 -2.934900 -1.877900 -28.776400 -2.573700 -33.497800 
0.668000 -2.091500 -0.964900 -0.857000 -2.501600 -2.487600 -5.986000 -6.884900 -0.891400 -29.247900 -2.643100 -36.972600 
0.670000 -2.166600 -2.840800 -1.810900 -1.100000 -0.472500 -4.041600 -6.270600 -3.384000 -23.421400 -3.138900 -24.097100 
0.672000 -2.811200 -1.830500 -1.870500 -2.812700 -1.123100 -3.157700 -3.811500 -2.541500 -24.038800 -6.963000 -32.917200 
0.674000 -2.379200 -3.789400 -2.851900 -1.007500 -0.530500 -5.453700 -3.212300 -1.109600 -20.704500 -3.145600 -34.856700 
0.676000 -1.657300 -3.533000 -1.574500 -0.878900 -0.640800 -3.508900 -4.552400 -2.393200 -28.938200 -4.842400 -20.865300 
0.678000 -2.012900 -2.123100 -1.487600 -0.610700 -2.975800 -4.620000 -15.404100 -2.952500 -30.336500 -8.170000 -22.322400 
0.680000 -3.505500 -2.982400 -1.038400 -0.370600 -4.123900 -4.067500 -4.531600 -1.636000 -20.767700 -6.799000 -18.553000 
0.682000 -3.315100 -1.242800 -0.567200 -0.869500 -2.324700 -4.756700 -3.878500 -3.255500 -31.461200 -4.211100 -22.602700 
0.684000 -3.136600 -1.290900 -1.199300 -1.180400 -6.061700 -5.280100 -4.049600 -4.703600 -30.594000 -3.222000 -23.606700 
0.686000 -3.992200 -2.120000 -1.917000 -0.595800 -6.238600 -4.692500 -7.223300 -1.412700 -15.380900 -4.171600 -46.239300 
0.688000 -1.777600 -2.058500 -1.248100 -2.337700 -3.216700 -5.099700 -4.978400 -3.787500 -24.930300 -4.835600 -38.033700 
0.690000 -2.147500 -2.873900 -0.909300 -3.365300 -1.832700 -4.756600 -7.078800 -4.315300 -24.914900 -4.459400 -33.747600 
0.692000 -1.961700 -1.598000 -1.898100 -1.581500 -1.854100 -2.728000 -3.997200 -3.891600 -27.891500 -3.064700 -27.646400 
0.694000 -2.139800 -1.852200 -1.976000 -1.814100 -7.096700 -7.835300 -7.716700 -0.881800 -24.928400 -1.975200 -23.586700 
0.696000 -3.137300 -0.860300 -1.330200 -2.332700 -3.988400 -2.900700 -3.846100 -1.823200 -17.008600 -2.967700 -44.732200 
0.698000 -1.830300 -1.585200 -0.506600 -0.450800 -4.318100 -5.134000 -6.846100 -2.306500 -19.467600 -2.432700 -27.979300 
0.700000 -3.176100 -3.231600 -1.553400 -0.426600 -4.294900 -4.319400 -7.155300 -1.497900 -14.904100 -8.093300 -68.406500 
0.702000 -3.483000 -1.949200 -3.402700 -1.209400 -3.827600 -1.615700 -5.448400 -5.057600 -28.550400 -2.844100 -58.396000 
0.704000 -2.872700 -3.226600 -0.860400 -0.238600 -4.336600 -5.664600 -4.148700 -5.238400 -13.652900 -1.164500 -100.917200 
0.706000 -1.932600 -1.958100 -2.138600 -0.853800 -2.411700 -4.058300 -3.496900 -3.350200 -19.944200 -5.736600 -34.895000 
0.708000 -3.673100 -2.070500 -3.048900 -2.404700 -3.009100 -3.008500 -6.312000 -1.287200 -28.884200 -4.794900 -56.643900 
0.710000 -2.895900 -4.401800 -1.222800 -0.933300 -0.597400 -4.883500 -2.899300 -5.658600 -23.677900 -3.083900 -43.710800 
0.712000 -2.961300 -1.818200 -1.261400 -1.217400 -6.167600 -4.256800 -4.932700 -3.167400 -21.385300 -3.987200 -54.231800 
0.714000 -5.711900 -2.285900 -2.717800 -2.511400 -5.701800 -3.332100 -5.435000 -5.407300 -24.571300 -6.451200 -112.163900 
0.716000 -2.996000 -0.762300 -1.243000 -0.911400 -3.053900 -2.531800 -1.975400 -3.701900 -21.573800 -5.606900 -37.241500 
0.718000 -1.427900 -2.239300 -1.822000 -2.146400 -6.865700 -2.401400 -2.019700 -3.937200 -27.749800 -2.817600 -49.612900 
0.720000 -3.339500 -2.538100 -3.192300 -1.112900 -9.787200 -4.830600 -6.313700 -4.127900 -27.178400 -1.632200 -65.598300 
0.722000 -1.870800 -2.405300 -0.747900 -1.165200 -1.105300 -2.395400 -2.805100 -3.631800 -23.379600 -2.050400 -58.510000 
0.724000 -3.609800 -5.774200 -2.031100 -0.846800 -1.731400 -1.886300 -2.797600 -4.982100 -25.187100 -2.821800 -42.804100 
0.726000 -2.922300 -0.939500 -1.157500 -1.214000 -2.111500 -7.023900 -3.216500 -2.647000 -19.973900 -8.825600 -81.580800 
0.728000 -2.696600 -2.509100 -0.201300 -2.814000 -2.881700 -1.702000 -2.832200 -3.095100 -27.823000 -5.043800 -90.240000 
0.730000 -2.617100 -1.781300 -0.316600 -0.223500 -2.782600 -4.102300 -3.250400 -5.265300 -29.313300 -6.361700 -77.920900 
0.732000 -2.198300 -2.453700 -1.032200 -1.780600 -3.944000 -5.350600 -3.876500 -2.732900 -24.039500 -9.882000 -47.054600 
0.734000 -3.222400 -1.628600 -1.181300 -2.990200 -3.477300 -5.351100 -2.290600 -1.962000 -23.630800 -6.433300 -61.674000 
0.736000 -1.388700 -1.548200 -0.849200 -2.624400 -1.803000 -6.139300 -5.161800 -1.083500 -26.401400 -5.415400 -87.329000 
0.738000 -2.470800 -0.896600 -2.777900 -0.713500 -2.073100 -2.403200 -4.045600 -1.826500 -20.071400 -5.631300 -65.661800 
0.740000 -2.766300 -1.995000 -0.875300 -0.761700 -4.725500 -4.025200 -3.450400 -0.922100 -14.035000 -5.483900 -49.393600 
0.742000 -1.560000 -2.351700 -1.377500 -0.938800 -2.148900 -2.351200 -4.589500 -0.746700 -14.204300 -3.934000 -83.951900 
0.744000 -3.303800 -2.141800 -2.108000 -0.991700 -7.155700 -9.310200 -3.001000 -4.316200 -23.930800 -4.821100 -61.607000 
0.746000 -4.190500 -1.110100 -0.492800 -1.573400 -2.534400 -4.228800 -2.921300 -1.043600 -16.930800 -1.900100 -51.881500 
0.748000 -3.057200 -1.923500 -2.049900 -1.004000 -4.191900 -7.378000 -4.027300 -1.870300 -20.309300 -5.524000 -39.130500 
0.750000 -2.745100 -3.961600 -2.725800 -1.491500 -1.989200 -4.444900 -3.700000 -2.620700 -22.700900 -4.232600 -54.969600 
0.752000 -3.026600 -4.217800 -1.324200 -1.604700 -1.580000 -3.653200 -1.772400 -1.499700 -13.706500 -2.964200 -55.621300 
0.754000 -2.961900 -2.628500 -3.438700 -4.204900 -4.662800 -6.813000 -2.256400 -3.025200 -17.445000 -2.573900 -41.489900 
0.756000 -2.288200 -2.192200 -0.256700 -2.746900 -4.040500 -4.088300 -1.108600 -3.113700 -16.639500 -4.593700 -49.003500 
0.758000 -2.017100 -1.083700 -1.748300 -0.986700 -1.012900 -6.920100 -6.255800 -1.770800 -16.280300 -9.254700 -55.999500 
0.760000 -1.923100 -1.143200 -1.296800 -3.684900 -1.501000 -2.714100 -2.450800 -2.347500 -20.383100 -1.992300 -68.285700 
0.762000 -2.834700 -1.194300 -1.921300 -0.686400 -3.310500 -6.144000 -2.330200 -1.607800 -19.000500 -5.418200 -44.788800 
0.764000 -1.225200 -0.811500 -2.384500 -1.728300 -1.252700 -6.184500 -1.078800 -4.927100 -17.668100 -7.481000 -61.136600 
0.766000 -3.578600 -1.138600 -0.735100 -2.272800 -2.228900 -6.420200 -1.542000 -2.754900 -22.113100 -7.394900 -60.729200 
0.768000 -2.047300 -1.139000 -0.593800 -1.461400 -2.273000 -4.687200 -1.487500 -2.852600 -24.760100 -2.798700 -64.009600 
0.770000 -2.196700 -1.076300 -0.641500 -3.218900 -3.492600 -4.676000 -1.570300 -4.362900 -30.037800 -12.896500 -57.058500 
0.772000 -2.505100 -2.338600 -2.477300 -2.192800 -2.488400 -5.720900 -1.367400 -1.863600 -30.154900 -5.819500 -66.195700 
0.774000 -3.642600 -3.460800 -1.235600 -1.763100 -0.511900 -4.782300 -1.408000 -2.091100 -23.063400 -7.223900 -43.707900 
0.776000 -2.885500 -2.536800 -1.069800 -2.284900 -2.142800 -4.204800 -1.420200 -1.759500 -13.795600 -3.240800 -26.636100 
0.778000 -3.781500 -3.114500 -2.051400 -0.513200 -1.458700 -4.309600 -1.521300 -3.693500 -16.805200 -4.946000 -32.213500 
0.780000 -2.570400 -1.815100 -0.813100 -1.850100 -2.183600 -2.841200 -2.096200 -2.181200 -22.395200 -5.858200 -40.605400 
0.782000 -1.451700 -0.986400 -2.670500 -2.175300 -0.882300 -3.900300 -1.733600 -4.129300 -19.197500 -7.176500 -40.978200 
0.784000 -3.494700 -1.244200 -2.336200 -1.740300 -0.992300 -8.102000 -1.726200 -2.846800 -28.346700 -10.620100 -26.134900 
0.786000 -3.113500 -2.766300 -2.138900 -1.291300 -4.730000 -3.150400 -2.256500 -2.345700 -24.544400 -10.656200 -29.565700 
0.788000 -1.827100 -1.201900 -2.325800 -2.986500 -1.775400 -1.826900 -3.126400 -3.397500 -15.846800 -6.497400 -29.788600 
0.790000 -1.984300 -1.409600 -1.185800 -0.684300 -4.609600 -5.145800 -2.790500 -1.506100 -23.178100 -2.319200 -42.779100 
0.792000 -3.349000 -2.954500 -1.533600 -2.985900 -1.441500 -3.091900 -2.689400 -2.926700 -23.705100 -2.540100 -26.495000 
0.794000 -2.881900 -2.149600 -1.480600 -3.049000 -1.678300 -2.218900 -2.887900 -2.234400 -22.415000 -2.635600 -31.779800 
0.796000 -2.465800 -4.346200 -2.640200 -0.798700 -2.266500 -1.996300 -1.989600 -1.846000 -17.837500 -6.350400 -38.258500 
0.798000 -2.059000 -2.432500 -0.953600 -1.391000 -3.589500 -4.011700 -2.609500 -0.943900 -13.930900 -4.906400 -35.852800 
0.800000 -4.586100 -2.537500 -1.658400 -0.222400 -1.933700 -3.416800 -4.239900 -2.063900 -23.537500 -2.450100 -48.020800 
0.802000 -6.661900 -1.555000 -1.057600 -0.483400 -1.700100 -4.355100 -4.874100 -2.849300 -22.090100 -4.648500 -45.419000 
0.804000 -2.317600 -1.479900 -1.372400 -1.891600 -1.974900 -6.001700 -2.698700 -2.224200 -22.892400 -3.436900 -33.400700 
0.806000 -3.557200 -2.987900 -0.274900 -1.422000 -1.067100 -3.940900 -3.325000 -5.497900 -21.655700 -5.328100 -34.084500 
0.808000 -1.964300 -1.894800 -2.805400 -2.369800 -1.324200 -4.782000 -3.399700 -1.465700 -21.524900 -7.962900 -35.029500 
0.810000 -3.672600 -1.753100 -0.802600 -1.420000 -2.934300 -5.991500 -2.488400 -1.493400 -21.612900 -4.903200 -29.801400 
0.812000 -2.116900 -2.020500 -2.423700 -1.519800 -2.475900 -5.647200 -5.070900 -2.406400 -16.398100 -4.741100 -29.741700 
0.814000 -2.130700 -1.468900 -1.350300 -0.612500 -2.035400 -4.175500 -4.094800 -5.071000 -15.249600 -4.303700 -29.425900 
0.816000 -3.624000 -1.659300 -0.427200 -1.876200 -5.665600 -3.807200 -6.465500 -2.653900 -13.442300 -9.090500 -48.550700 
0.818000 -2.383400 -2.382900 -2.003500 -0.347800 -1.563900 -1.725300 -9.759500 -2.468700 -21.496300 -8.630200 -36.127600 
0.820000 -2.275300 -3.233100 -0.660600 -1.474300 -3.929100 -3.780600 -2.781600 -6.904600 -16.980300 -6.222500 -48.974300 
0.822000 -2.276100 -0.756500 -2.841400 -1.847000 -2.371100 -3.683300 -3.185700 -3.539600 -22.664500 -6.183800 -46.522000 
0.824000 -2.037900 -1.485200 -1.323600 -0.546000 -2.372600 -2.382700 -3.055600 -2.259600 -21.059900 -4.589400 -82.750100 
0.826000 -1.917000 -0.804000 -1.005300 -1.262900 -2.642800 -6.512500 -3.833400 -2.815100 -11.905500 -3.500400 -55.468500 
0.828000 -2.957900 -2.762500 -1.515500 -2.202100 -1.357800 -1.812000 -6.988200 -1.584600 -19.177300 -5.628600 -38.407100 
0.830000 -2.069400 -1.955800 -1.389200 -0.824200 -2.501800 -2.423300 -6.587800 -2.189600 -23.138100 -2.916400 -99.633500 
0.832000 -2.259900 -2.662600 -1.465200 -0.512000 -3.030300 -3.028700 -2.671500 -2.333600 -24.416800 -2.917600 -68.186400 
0.834000 -3.215000 -2.183700 -2.361900 -1.615600 -3.195100 -2.906200 -4.354600 -2.125800 -22.285700 -4.422100 -61.221300 
0.836000 -2.666400 -2.819400 -1.662600 -0.639100 -0.527700 -2.887900 -3.094400 -2.359100 -17.393000 -8.066800 -66.175600 
0.838000 -1.956300 -1.115900 -0.967500 -0.725200 -3.365600 -4.774700 -2.858600 -2.756900 -18.166400 -3.941000 -44.787800 
0.840000 -1.986800 -1.216100 -2.088200 -0.542900 -2.036800 -3.668900 -3.090400 -1.249800 -29.717500 -9.517900 -36.268600 
0.842000 -2.522000 -1.882500 -2.906800 -0.390900 -3.838500 -7.513800 -2.065600 -3.958300 -25.710400 -6.138900 -33.839500 
0.844000 -2.470600 -2.116800 -1.232600 -4.224000 -3.000700 -4.714500 -4.804700 -3.302200 -21.380500 -5.050500 -40.640600 
0.846000 -4.118400 -4.275000 -1.143900 -0.414400 -2.982200 -6.647400 -3.028600 -3.737000 -22.661900 -4.789000 -63.729600 
0.848000 -4.385500 -2.088400 -2.014300 -0.681400 -1.453900 -2.683900 -2.686200 -4.891800 -18.799600 -7.284200 -39.693400 
0.850000 -1.458600 -2.422100 -2.152600 -1.069800 -1.128200 -3.830100 -2.548400 -0.990000 -14.702200 -3.021800 -38.837900 
0.852000 -4.442200 -2.099400 -1.094200 -1.941200 -2.613500 -3.248900 -1.691300 -1.602800 -19.579300 -5.928400 -63.724700 
0.854000 -1.101500 -2.054800 -2.222900 -2.860800 -3.303300 -3.514400 -2.368300 -1.698100 -26.017600 -10.419800 -30.367900 
0.856000 -2.100300 -1.575700 -1.061000 -0.791500 -1.671000 -4.479600 -4.229800 -1.076100 -21.765900 -13.265200 -45.071600 
0.858000 -2.209600 -0.688300 -1.637300 -0.354800 -3.441500 -6.361800 -2.400000 -3.991400 -17.994800 -5.235000 -15.709100 
0.860000 -2.631100 -2.959200 -2.468600 -0.970400 -1.465100 -6.437200 -3.044100 -1.781300 -19.124100 -2.934900 -67.003100 
0.862000 -2.840600 -3.312900 -1.263400 -1.191100 -2.869200 -2.241700 -1.702600 -1.003400 -28.121800 -3.144400 -22.489200 
0.864000 -0.881800 -3.067100 -2.171700 -0.890600 -1.556600 -2.390800 -2.438500 -1.104800 -22.154200 -3.630800 -28.602000 
0.866000 -4.793700 -1.516200 -1.414100 -2.194400 -3.827600 -4.866200 -2.726600 -0.499500 -21.876400 -3.444600 -19.446300 
0.868000 -1.620500 -1.401500 -1.868300 -0.826600 -3.851900 -6.512400 -7.730000 -2.214200 -19.589600 -6.305300 -21.910900 
0.870000 -2.659100 -2.220100 -2.232500 -0.377300 -0.881500 -6.916800 -3.932000 -2.152700 -21.826400 -5.399600 -39.565900 
0.872000 -1.552600 -3.192700 -0.362900 -0.798700 -1.271400 -2.815500 -4.005200 -3.976800 -18.459000 -5.090300 -23.824800 
0.874000 -3.142200 -3.199100 -1.235800 -0.743500 -1.469600 -3.221100 -1.731900 -2.575900 -23.840600 -2.240000 -32.475700 
0.876000 -3.042300 -2.506000 -0.954400 -1.680500 -1.124700 -3.079700 -4.046700 -4.635500 -17.330500 -1.949600 -27.530800 
0.878000 -4.333900 -5.688700 -1.280500 -1.447800 -4.410400 -2.790100 -4.936400 -1.170500 -23.160800 -6.193600 -31.159300 
0.880000 -2.609200 -1.705100 -0.722900 -0.881600 -2.870000 -5.876700 -3.366700 -1.384300 -24.558000 -5.358700 -23.600700 
0.882000 -1.748100 -2.871700 -2.071100 -1.584700 -1.548200 -5.239700 -4.127200 -2.822300 -33.552300 -3.584000 -46.172500 
0.884000 -3.595700 -2.086300 -2.373100 -0.292600 -3.356300 -3.594900 -3.177800 -3.948900 -29.819700 -4.008300 -42.594000 
0.886000 -3.782300 -1.080500 -0.435800 -1.660600 -1.163100 -3.179800 -3.073300 -2.851800 -24.561700 -11.895600 -36.798400 
0.888000 -3.013300 -1.543200 -0.922300 -1.387700 -2.009200 -2.388300 -2.000100 -4.206000 -25.867300 -6.946000 -50.444000 
0.890000 -2.219900 -4.765600 -0.462300 -2.295000 -0.636900 -2.056900 -1.853700 -3.116500 -17.786700 -6.315600 -40.859100 
0.892000 -3.147100 -1.774300 -1.813600 -1.466400 -3.772300 -6.091900 -3.110200 -3.049000 -29.547600 -9.206900 -53.006600 
0.894000 -2.828100 -5.189100 -0.670000 -1.951500 -1.354600 -1.969200 -3.968900 -2.100900 -18.610100 -4.169600 -33.514500 
0.896000 -1.927900 -1.894600 -1.624100 -4.659600 -2.722300 -2.729900 -3.321900 -2.821600 -25.638500 -3.999700 -35.231600 
0.898000 -3.592400 -1.082900 -0.665100 -1.126100 -4.340500 -5.814200 -0.929100 -2.364300 -37.653400 -6.276300 -25.452000 
0.900000 -4.228300 -3.523900 -3.431000 -1.091000 -2.137300 -2.601800 -1.162900 -2.174900 -31.343300 -4.502300 -25.071100 
0.902000 -4.600100 -3.337900 -0.779000 -2.222700 -1.914800 -8.345800 -0.638800 -1.678100 -26.933500 -11.409600 -17.809000 
0.904000 -2.536300 -2.231000 -0.891200 -1.184200 -3.060400 -5.121700 -2.229000 -4.170500 -21.928200 -8.727200 -58.323200 
0.906000 -2.632100 -0.948500 -0.308700 -1.410800 -1.517700 -3.463800 -1.021000 -4.429100 -26.232800 -10.569400 -63.821500 
0.908000 -2.574000 -2.604000 -1.608200 -0.639800 -1.564100 -1.993600 -1.686500 -4.446100 -15.791700 -7.196300 -50.536700 
0.910000 -1.851700 -3.847200 -0.699400 -0.758400 -1.263300 -2.388700 -2.581200 -6.455900 -14.167300 -5.846200 -49.990600 
0.912000 -2.767800 -2.372800 -0.440000 -1.885800 -1.655300 -2.318900 -2.730900 -1.987600 -22.586700 -7.166300 -31.183600 
0.914000 -3.401400 -3.892300 -1.411900 -2.132000 -1.321800 -1.540700 -2.537200 -7.675600 -8.437100 -5.958900 -56.310700 
0.916000 -2.579700 -2.381600 -0.819500 -0.707100 -0.911500 -4.715000 -5.409700 -3.763200 -15.054000 -7.775000 -30.263500 
0.918000 -4.164100 -3.371000 -1.128800 -1.620100 -2.299000 -5.261900 -6.011700 -3.993300 -11.977500 -5.362100 -23.987800 
0.920000 -1.259400 -1.367100 -0.753400 -0.911900 -1.376700 -5.439800 -2.901600 -2.133100 -12.529100 -5.392200 -79.116700 
0.922000 -5.982900 -4.459800 -1.336600 -0.575600 -2.008700 -3.585100 -2.298400 -8.214100 -10.589200 -3.925100 -31.642300 
0.924000 -2.569500 -1.315000 -1.239100 -0.045300 -1.513000 -2.546000 -2.450300 -1.622300 -16.133200 -3.689000 -50.878500 
0.926000 -2.064800 -3.564400 -0.812600 -0.421000 -1.859900 -2.966200 -1.815800 -4.588100 -10.263500 -4.158900 -28.520000 
0.928000 -2.724400 -3.247900 -2.250000 -0.794500 -2.583000 -2.073100 -4.787400 -7.171200 -9.573500 -4.720500 -29.816200 
0.930000 -2.852700 -2.796600 -1.393200 -0.473300 -1.272100 -1.976500 -8.114500 -2.808300 -10.388600 -1.631400 -48.613100 
0.932000 -2.224900 -4.495500 -1.813100 -1.815300 -3.451100 -4.361200 -1.428500 -4.133700 -11.150800 -7.847900 -28.618200 
0.934000 -2.308900 -1.967500 -1.582300 -1.247100 -0.770700 -3.936300 -3.741600 -4.585800 -15.578600 -1.650600 -25.333900 
0.936000 -3.349400 -2.194100 -0.793800 -0.599100 -1.480000 -3.397400 -1.841600 -4.111500 -10.229700 -7.269800 -35.268200 
0.938000 -2.537400 -1.807600 -0.901700 -1.624100 -1.984900 -3.387400 -4.285300 -1.610100 -15.750900 -5.778000 -41.056800 
0.940000 -3.054900 -1.699300 -1.427700 -1.161400 -2.280800 -3.804400 -4.819800 -4.873100 -15.186500 -5.959100 -32.562900 
0.942000 -2.220000 -0.836500 -1.309900 -1.873900 -0.691900 -3.710700 -5.820700 -3.896600 -11.905600 -4.777400 -39.422000 
0.944000 -3.301900 -1.204600 -1.988800 -1.486100 -2.866000 -3.740600 -0.912500 -1.692100 -14.694400 -4.156100 -29.335400 
0.946000 -2.198500 -2.292500 -2.714000 -1.988600 -1.926500 -4.842300 -2.727300 -4.215100 -31.620500 -9.631100 -36.734100 
0.948000 -2.698800 -1.007500 -0.583300 -1.745500 -2.173900 -3.587900 -2.386200 -3.384400 -19.159700 -16.476700 -20.121600 
0.950000 -2.756900 -1.179000 -1.426900 -0.499200 -1.383700 -3.125500 -3.827500 -0.523500 -14.735700 -11.192100 -27.008100 
0.952000 -2.562900 -0.833700 -1.437400 -1.763300 -0.680300 -2.263000 -3.101400 -4.085200 -25.765600 -4.144300 -45.117500 
0.954000 -1.607100 -2.445800 -2.968900 -5.653500 -1.900800 -3.410200 -1.435000 -6.906100 -19.795000 -1.989700 -36.471400 
0.956000 -1.882800 -1.972200 -2.442100 -2.249000 -1.342300 -1.780900 -1.560400 -6.436800 -18.190500 -5.099300 -26.002800 
0.958000 -1.234700 -1.811700 -1.718900 -1.423400 -2.741200 -4.723700 -2.336400 -6.233800 -19.145700 -8.465700 -28.814200 
0.960000 -1.270300 -3.601800 -1.207000 -0.516000 -2.973100 -6.123700 -1.291300 -4.188300 -21.806100 -6.104100 -25.543000 
0.962000 -2.332000 -1.936100 -2.047600 -0.765600 -2.134900 -5.159100 -2.879700 -4.227700 -24.878700 -7.354100 -23.097800 
0.964000 -3.216300 -3.365200 -0.862200 -3.909800 -0.710900 -3.036600 -1.532900 -5.682700 -24.917800 -9.717100 -33.223000 
0.966000 -3.524300 -2.359800 -1.181800 -1.846800 -0.807700 -3.048900 -2.447400 -6.542600 -25.555300 -6.644200 -63.374000 
0.968000 -2.791600 -3.538700 -2.021100 -2.056600 -1.668400 -2.727400 -1.090000 -3.029600 -24.495900 -3.406800 -38.218000 
0.970000 -1.922800 -2.764200 -1.490800 -0.495300 -3.564500 -4.359600 -0.918300 -2.590200 -26.740100 -6.159100 -45.665100 
0.972000 -1.500500 -3.555700 -1.714200 -0.982100 -2.669800 -3.390300 -2.898400 -1.479500 -23.342500 -9.689600 -47.583200 
0.974000 -2.577600 -3.174200 -4.003700 -0.481400 -1.597300 -3.834000 -0.774300 -5.828900 -19.083600 -3.552200 -30.455000 
0.976000 -2.077100 -0.863700 -2.546100 -0.977300 -2.046000 -4.567400 -1.585500 -3.232400 -27.233000 -5.047400 -25.730700 
0.978000 -3.182100 -2.852900 -2.365200 -0.868700 -0.822700 -5.215200 -1.058000 -4.592700 -28.155100 -8.693300 -29.559200 
0.980000 -1.017500 -2.073300 -6.285300 -1.710100 -2.845500 -3.233700 -2.570400 -1.294300 -26.339400 -4.990300 -22.138700 
0.982000 -2.609000 -2.616300 -4.042400 -0.980100 -0.262100 -2.858700 -1.826100 -2.252100 -21.941400 -6.813400 -22.744300 
0.984000 -1.185500 -2.386300 -2.225300 -0.258800 -2.147300 -5.267100 -1.243300 -1.827300 -17.491000 -4.662400 -28.422700 
0.986000 -3.422300 -1.810800 -0.825900 -3.238000 -3.274100 -3.978100 -4.133600 -1.335800 -20.489100 -5.999700 -25.760500 
0.988000 -2.918600 -1.867700 -3.035800 -1.984800 -1.821400 -3.249300 -0.825600 -2.326600 -21.178600 -4.945700 -50.803600 
0.990000 -2.556700 -1.933100 -2.369900 -0.784400 -3.965700 -2.783000 -2.866500 -1.961700 -21.459900 -4.724300 -20.883300 
0.992000 -2.174100 -0.964200 -1.638900 -1.530100 -5.270400 -5.194500 -1.479100 -1.190600 -16.986100 -4.733400 -41.934200 
0.994000 -1.511700 -1.789000 -0.616500 -2.210500 -3.285600 -4.228100 -2.543500 -0.631100 -19.739800 -7.426500 -34.838500 
0.996000 -1.465200 -2.810500 -1.227900 -1.404100 -4.702000 -5.109300 -2.144200 -1.830600 -19.334300 -6.106700 -22.760400 
0.998000 -3.247600 -2.477600 -0.778400 -0.721400 -1.229600 -6.631800 -1.513500 -0.674100 -24.213500 -6.402400 -20.027500 
