# gradients (DV/DL) for lambdas: 0.0 0.1 0.2 0.3 0.4 0.5 0.6 0.7 0.8 0.9 1.0
0.000000 -0.525500 -1.923600 -0.855700 -0.580000 -1.624100 -3.367800 -2.526700 -4.945800 -2.120800 -6.497300 -2.383200 
0.002000 -0.525400 -0.384400 -1.409500 -2.090800 -1.511100 -1.225700 -3.264700 -1.430300 -1.478400 -3.091100 -6.095800 
0.004000 -0.716700 -0.896600 -3.163900 -1.184900 -2.424900 -3.032600 -3.250500 -2.655400 -1.199700 -7.484800 -6.362900 
0.006000 -0.812900 -1.559600 -0.906900 -2.552700 -1.670500 -1.845500 -1.886300 -5.454800 -2.943100 -1.558200 -3.476500 
0.008000 -0.183100 -0.702400 -2.471100 -1.779300 -2.150400 -1.503300 -4.195800 -12.007800 -1.265900 -2.726000 -11.740600 
0.010000 -0.773800 -1.416100 -0.260900 -1.823900 -1.538700 -4.182200 -2.890400 -1.931700 -2.958500 -3.635500 -4.932900 
0.012000 -2.040800 -1.161500 -1.177500 -0.819400 -1.756100 -1.704700 -2.887200 -1.258200 -1.623100 -4.496300 -15.685000 
0.014000 -2.489900 -1.061600 -1.814100 -1.504200 -0.273100 -3.571900 -2.672900 -3.044200 -5.300200 -1.534800 -12.986700 
0.016000 -2.610200 -1.250000 -0.723700 -1.807800 -2.922900 -4.101900 -1.315700 -5.596400 -3.262800 -3.917700 -2.734200 
0.018000 -0.581000 -1.358800 -2.138400 -2.049600 -1.857900 -3.576300 -0.812800 -4.947600 -4.400300 -6.148800 -4.699800 
0.020000 -4.635800 -1.005500 -1.633200 -1.336400 -3.382200 -1.974900 -0.972000 -2.842900 -2.451700 -9.121000 -6.375900 
0.022000 -2.129800 -1.124700 -2.346300 -2.314900 -1.486600 -2.189300 -2.638800 -2.373500 -5.836200 -7.998200 -11.833600 
0.024000 -2.875700 -3.252400 -4.458600 -0.673800 -2.331100 -2.037600 -1.471400 -2.267500 -1.869000 -6.282600 -6.445300 
0.026000 -0.494300 -1.050600 -0.924900 -0.467200 -1.592300 -1.764400 -1.875100 -1.358900 -3.602900 -2.898300 -3.469100 
0.028000 -2.340300 -0.261800 -0.971400 -1.791400 -2.653300 -3.090800 -2.170200 -2.276200 -7.303200 -5.157100 -10.615800 
0.030000 -1.773800 -1.440000 -1.448300 -0.481800 -1.552900 -2.974300 -2.428700 -1.089700 -1.069600 -1.715000 -2.875000 
0.032000 -1.591600 -4.035300 -2.575700 -0.667900 -0.638600 -3.772100 -4.974400 -7.156100 -2.557200 -4.787900 -7.126700 
0.034000 -1.225600 -3.714100 -1.557300 -1.103800 -1.958600 -6.727200 -1.401100 -6.508000 -1.568100 -7.152900 -3.251000 
0.036000 -0.473200 -0.569100 -1.044300 -0.528900 -1.778300 -5.896100 -3.523000 -0.779600 -4.111700 -1.697000 -7.374000 
0.038000 -3.096100 -0.520800 -3.152900 -1.063600 -1.826400 -1.140600 -5.104500 -0.615100 -7.744300 -2.997600 -3.693300 
0.040000 -1.168300 -0.734700 -0.836200 -1.743600 -2.827600 -1.739000 -2.328400 -3.879000 -6.772200 -3.549900 -2.375600 
0.042000 -1.924800 -1.397800 -1.766500 -0.978400 -1.685500 -2.126800 -2.164400 -5.586300 -2.083600 -4.093300 -4.914700 
0.044000 -2.697400 -1.301200 -2.083400 -1.734300 -2.627100 -1.006500 -1.764400 -5.649700 -5.523200 -14.193500 -6.043900 
0.046000 -1.784900 -1.084600 -1.070300 -1.164900 -1.628200 -2.105700 -3.693800 -2.128500 -1.968900 -13.967800 -8.207100 
0.048000 -2.200100 -1.557400 -1.561400 -1.680300 -2.054500 -1.248200 -6.327400 -3.736600 -3.958000 -6.217200 -4.624800 
0.050000 -1.590300 -1.318000 -1.222800 -0.957500 -1.111900 -1.637700 -2.191100 -0.317800 -8.374600 -17.740400 -6.578900 
0.052000 -2.644700 -1.682700 -0.920300 -0.724100 -2.431500 -1.510100 -1.181200 -4.885500 -6.696400 -3.549100 -11.888500 
0.054000 -1.438900 -1.495700 -0.896900 -1.037500 -0.843000 -0.977900 -1.270900 -2.346200 -3.842900 -5.123600 -3.366700 
0.056000 -0.640900 -0.362600 -1.828400 -2.178400 -1.144800 -1.464500 -3.067700 -4.665900 -2.188500 -3.191000 -5.307100 
0.058000 -0.518500 -2.160300 -1.543400 -0.914700 -1.562500 -1.664400 -0.386400 -5.019100 -1.336200 -11.715500 -15.947300 
0.060000 -1.854600 -2.883600 -1.492400 -2.089100 -2.493100 -4.181300 -5.033900 -4.512000 -2.218200 -2.616700 -2.208700 
0.062000 -2.580800 -1.925900 -1.696700 -2.307000 -2.918700 -0.809200 -4.794200 -2.702300 -0.995700 -3.298400 -8.105800 
0.064000 -1.533500 -1.974800 -0.578800 -3.638400 -1.261400 -3.018900 -2.594200 -2.426000 -1.656700 -0.450100 -6.452800 
0.066000 -1.636500 -1.348800 -3.765000 -1.859800 -3.105800 -0.306000 -2.161300 -2.033100 -2.973500 -1.856000 -5.359300 
0.068000 -1.251700 -2.297300 -0.522700 -1.797300 -1.679500 -2.469600 -1.846600 -7.308100 -1.908900 -2.617100 -17.589300 
0.070000 -2.760200 -1.084900 -0.982500 -1.728100 -0.678300 -1.017500 -2.310200 -2.524600 -5.710100 -4.281400 -17.621800 
0.072000 -0.504200 -1.211500 -1.048700 -1.020900 -0.669400 -1.030800 -0.875400 -1.388700 -0.799400 -7.815500 -6.515700 
0.074000 -0.946300 -2.256500 -1.422000 -3.380000 -3.249700 -1.337100 -0.596300 -1.425800 -2.693100 -4.144600 -6.521400 
0.076000 -0.468300 -2.177200 -3.490100 -1.204900 -2.126000 -2.162700 -1.580000 -1.769800 -1.448500 -3.599000 -4.287300 
0.078000 -1.382900 -2.867100 -1.363000 -1.662900 -6.620800 -0.915800 -1.751000 -3.729600 -1.562900 -3.133400 -8.579500 
0.080000 -2.351900 -1.993300 -1.082500 -2.834100 -3.271500 -1.106100 -3.001000 -1.401100 -2.544200 -4.318500 -5.139500 
0.082000 -1.212700 -1.290000 -1.391600 -0.495700 -1.686500 -2.358800 -4.139200 -3.883000 -3.320500 -5.732200 -6.088100 
0.084000 -1.853900 -2.106200 -0.886500 -1.058700 -2.479900 -2.495500 -8.074900 -2.540300 -4.658400 -2.227000 -8.061300 
0.086000 -2.857300 -1.562000 -1.052500 -1.087400 -0.326100 -3.719400 -1.674200 -2.882500 -2.010600 -1.541800 -9.061500 
0.088000 -2.841400 -3.012600 -0.985100 -1.375300 -1.450300 -2.592800 -1.693600 -2.158000 -0.888400 -7.025100 -7.843100 
0.090000 -2.135700 -1.032300 -0.933900 -0.635400 -1.404700 -2.712600 -4.441900 -3.144200 -2.253100 -3.428100 -17.339000 
0.092000 -1.019300 -0.415800 -1.124800 -0.440200 -0.572800 -2.341700 -1.295100 -6.513300 -9.958100 -1.402700 -7.811400 
0.094000 -4.491000 -0.906600 -1.265000 -1.470800 -0.398000 -3.440000 -2.673900 -1.592000 -3.335500 -10.806700 -0.334000 
0.096000 -0.742100 -2.286200 -1.389300 -1.724900 -4.360400 -2.152200 -2.043200 -1.237000 -4.246500 -4.581800 -11.055400 
0.098000 -0.633400 -0.858400 -1.302900 -0.679500 -0.476800 -2.997800 -4.176000 -2.742100 -2.887000 -3.072400 -14.357600 
0.100000 -1.530400 -1.673900 -1.016000 -2.281000 -0.334500 -1.605600 -1.811100 -2.288600 -2.337200 -1.004400 -4.221200 
0.102000 -1.878200 -0.680100 -2.375400 -2.123200 -1.005100 -0.936400 -2.292900 -3.071400 -2.032400 -3.027100 -10.196100 
0.104000 -0.891300 -1.810700 -1.481600 -4.609000 -1.286600 -2.482100 -4.102600 -1.754400 -2.134000 -5.583700 -9.171700 
0.106000 -0.415800 -1.428600 -1.177100 -2.061000 -2.354000 -2.793100 -2.641700 -1.600100 -4.140500 -2.123100 -18.414500 
0.108000 -1.218300 -0.865200 -1.911800 -0.834400 -3.408400 -1.802700 -4.187000 -1.842300 -7.245500 -6.526300 -17.475700 
0.110000 -1.464100 -2.306900 -2.162700 -1.258700 -1.224900 -3.824600 -1.201600 -0.657100 -2.439000 -2.232800 -14.468900 
0.112000 -1.414400 -2.244100 -1.719200 -1.377200 -0.362100 -3.178300 -4.568100 -0.958400 -8.471200 -2.923700 -2.078700 
0.114000 -1.027300 -1.610600 -2.131700 -3.872700 -1.174600 -2.331600 -3.377000 -4.124000 -11.007100 -3.025900 -9.537600 
0.116000 -1.584900 -1.433300 -1.530200 -3.968700 -1.939400 -6.637400 -3.558800 -2.022000 -5.517500 -11.604000 -12.105200 
0.118000 -0.495100 -1.484400 -1.787000 -4.587200 -1.311300 -1.272700 -0.652000 -0.799700 -5.719300 -4.590600 -12.001400 
0.120000 -0.440800 -1.071100 -0.739600 -4.154400 -1.799600 -1.527400 -1.963200 -2.692900 -5.653900 -9.720100 -6.319800 
0.122000 -1.941900 -2.194600 -1.236400 -0.448100 -1.856000 -2.267200 -1.836600 -1.689800 -2.002600 -7.773600 -11.685000 
0.124000 -0.865300 -0.860500 -1.368800 -3.873200 -0.706700 -1.426500 -3.220100 -2.622500 -5.941900 -5.876300 -13.400500 
0.126000 -2.111100 -0.910200 -1.173000 -5.145400 -1.383000 -1.818600 -0.788300 -1.489500 -13.759900 -4.617800 -7.446200 
0.128000 -3.122200 -0.886200 -0.797900 -1.943800 -0.907800 -2.548700 -3.890400 -4.548300 -4.301400 -11.181000 -8.400800 
0.130000 -0.639700 -0.896500 -0.753800 -1.310800 -3.947800 -2.123100 -2.317500 -3.704900 -16.498400 -3.178500 -11.743000 
0.132000 -2.026700 -2.425300 -1.819400 -0.666000 -1.321700 -2.224300 -2.707900 -2.328800 -9.450500 -6.417200 -10.921000 
0.134000 -1.923500 -1.801800 -2.656900 -2.617300 -0.813600 -1.660800 -4.284800 -1.837600 -1.737400 -5.458400 -8.428800 
0.136000 -1.240400 -0.553100 -0.930000 -3.124900 -1.425800 -1.526000 -2.582400 -1.583300 -4.119500 -16.907000 -7.960500 
0.138000 -0.824700 -1.332900 -2.802800 -0.520100 -1.081200 -1.754800 -1.042900 -1.880800 -3.786000 -8.765800 -1.533100 
0.140000 -0.842400 -2.203500 -0.969100 -1.276900 -1.123900 -4.694200 -1.883000 -2.725700 -1.499300 -8.577000 -1.144800 
0.142000 -1.163800 -0.998100 -1.318100 -1.817300 -2.653800 -3.154500 -0.504800 -3.782400 -3.014700 -4.978200 -8.239000 
0.144000 -2.261000 -0.849700 -1.021800 -1.195200 -1.067800 -2.341200 -1.108000 -5.563800 -1.616800 -6.402500 -3.461500 
0.146000 -0.809400 -0.770100 -0.512600 -2.351600 -1.982000 -4.374500 -1.853800 -3.525000 -0.912700 -5.884900 -7.458000 
0.148000 -0.867000 -0.912800 -0.788400 -4.271700 -1.906700 -1.232300 -0.988300 -3.716400 -2.698400 -7.009500 -6.557400 
0.150000 -0.404500 -2.868700 -0.440400 -4.005000 -1.962300 -2.099200 -2.089900 -6.517100 -4.071800 -13.695100 -2.567700 
0.152000 -2.140200 -1.269900 -0.709900 -3.756400 -3.062100 -6.291600 -8.560300 -0.835400 -2.598700 -6.504300 -10.176100 
0.154000 -2.359600 -0.944300 -2.639900 -2.220800 -0.839300 -2.791100 -0.858800 -1.076800 -0.558400 -11.026800 -7.239000 
0.156000 -0.889300 -1.237800 -2.153300 -2.611300 -0.570600 -0.623300 -2.542800 -0.700300 -5.718500 -7.039400 -12.547200 
0.158000 -2.949100 -0.757200 -0.762700 -4.475300 -1.266400 -4.515300 -0.346500 -0.931200 -3.201800 -6.464300 -9.375100 
0.160000 -1.831200 -0.805400 -0.642200 -4.043200 -2.283300 -3.357500 -9.905200 -2.713800 -1.855800 -4.846600 -4.856300 
0.162000 -1.216400 -0.772200 -1.492400 -0.652600 -0.257800 -4.615300 -9.506800 -6.887800 -2.671700 -4.908600 -14.557300 
0.164000 -1.379000 -0.269500 -0.495000 -2.199700 -0.799100 -2.556100 -1.899800 -2.314700 -0.827400 -8.142300 -6.446600 
0.166000 -1.196200 -0.883800 -0.877300 -1.848600 -1.896700 -1.282600 -0.933700 -2.105200 -4.923300 -5.281400 -18.208600 
0.168000 -1.989500 -2.026500 -1.418200 -3.856300 -1.898500 -0.782800 -6.668700 -2.635900 -0.895500 -5.721900 -14.860700 
0.170000 -1.430700 -1.407400 -2.013200 -2.346500 -1.889000 -3.487800 -2.038400 -3.551300 -4.532200 -11.636300 -8.170300 
0.172000 -1.308600 -1.005800 -0.766500 -2.628300 -2.057000 -1.226100 -3.183000 -4.605600 -3.453600 -13.450800 -12.468900 
0.174000 -2.032100 -0.248000 -1.004000 -2.754300 -0.222200 -0.963400 -4.459200 -2.168400 -3.773100 -3.311900 -6.042600 
0.176000 -0.474700 -1.179300 -1.476500 -3.213600 -1.119200 -1.138500 -4.181800 -1.200900 -7.548800 -3.161100 -3.113200 
0.178000 -3.493000 -1.161800 -0.594400 -1.045800 -5.806200 -3.670200 -0.488000 -2.968700 -5.137400 -8.334600 -13.641200 
0.180000 -1.742100 -0.841300 -1.416000 -0.912500 -1.675200 -0.680400 -1.986100 -3.657300 -4.540400 -8.121300 -3.865500 
0.182000 -2.437700 -0.953700 -1.880900 -1.071900 -2.487800 -0.561000 -2.181000 -4.945100 -0.982300 -11.394000 -5.498500 
0.184000 -1.669400 -1.671700 -1.991500 -1.322500 -2.638200 -1.947200 -3.015100 -4.708700 -3.496000 -3.886700 -20.277600 
0.186000 -0.938300 -1.265500 -0.427000 -2.331900 -1.643900 -2.223600 -1.934800 -3.529200 -2.589200 -5.427000 -21.552700 
0.188000 -2.031700 -0.412900 -1.372600 -1.974600 -2.725800 -0.914100 -3.318900 -4.465400 -0.694400 -7.048400 -6.813700 
0.190000 -1.868100 -0.400600 -1.847900 -2.251200 -1.962900 -4.004700 -1.358900 -4.476800 -6.825300 -7.623100 -2.082900 
0.192000 -2.648300 -2.137300 -1.713200 -0.730700 -1.379900 -1.841400 -4.318400 -4.484500 -2.644400 -4.187000 -2.965900 
0.194000 -2.275800 -1.008100 -1.446600 -1.383800 -3.882000 -1.102200 -1.489100 -4.145600 -2.372900 -6.215100 -4.095500 
0.196000 -1.421700 -0.737800 -1.240100 -0.848900 -0.767500 -4.396000 -1.217600 -1.480400 -2.259800 -5.784500 -15.397400 
0.198000 -0.254400 -0.781600 -2.079200 -1.815600 -1.248200 -0.735500 -0.573800 -1.872900 -6.819400 -3.697100 -3.639000 
0.200000 -1.485900 -1.076700 -1.872000 -1.076300 -2.236600 -2.876600 -4.522400 -3.542400 -10.626800 -3.671100 -12.242800 
0.202000 -0.879600 -1.672000 -1.779800 -1.627500 -1.783500 -2.807100 -1.495200 -1.584100 -5.990600 -12.480300 -7.021900 
0.204000 -1.722700 -1.696600 -2.028000 -1.447000 -2.180800 -0.580200 -1.529900 -3.443200 -3.785300 -15.011600 -5.243400 
0.206000 -0.839400 -2.434500 -1.916100 -0.673800 -0.681000 -1.571600 -1.523000 -2.725000 -4.889000 -5.777300 -0.969100 
0.208000 -2.335700 -0.830600 -3.903800 -0.724800 -0.328100 -2.219600 -1.550100 -1.714100 -8.869000 -4.642900 -15.266800 
0.210000 -3.310700 -0.608300 -2.875000 -1.450100 -1.190700 -2.163500 -4.144100 -2.946600 -1.838800 -3.402500 -2.607900 
0.212000 -2.614500 -1.197900 -3.851900 -2.512900 -0.637600 -3.729600 -2.370700 -2.418400 -3.870600 -11.311900 -2.494800 
0.214000 -1.698500 -0.725000 -2.036700 -1.369000 -1.742900 -1.920400 -4.313800 -0.688300 -4.619000 -6.575200 -6.136700 
0.216000 -1.933200 -1.324000 -2.821200 -1.598000 -0.527700 -1.293500 -2.754200 -2.103600 -6.276100 -7.014900 -6.336000 
0.218000 -1.229200 -0.760600 -2.566700 -3.028800 -1.606400 -1.974700 -4.589500 -1.347200 -4.075600 -10.189400 -20.713500 
0.220000 -0.518500 -1.881000 -1.555400 -1.522300 -2.630500 -5.547900 -2.290400 -2.671100 -8.681600 -5.262100 -6.255700 
0.222000 -0.376800 -1.043900 -0.129700 -1.936200 -0.924500 -1.582900 -2.499000 -2.804000 -2.218000 -7.609100 -6.989100 
0.224000 -1.406500 -1.223500 -1.918800 -3.911900 -0.509100 -0.388100 -5.674800 -2.555100 -4.186900 -6.436200 -3.905200 
0.226000 -4.254800 -1.688800 -1.363600 -2.225600 -1.714300 -1.752200 -3.690700 -3.410200 -3.798200 -9.456700 -7.579600 
0.228000 -1.767700 -1.647200 -0.425700 -0.328200 -1.549300 -1.965400 -1.096200 -2.615500 -11.977600 -7.570600 -8.676900 
0.230000 -2.820700 -0.708700 -1.754900 -1.748000 -4.864900 -6.396900 -1.665800 -2.871800 -5.608700 -5.771800 -16.433200 
0.232000 -2.253200 -0.310800 -2.815000 -2.084200 -1.706900 -1.466500 -3.238300 -1.551200 -1.705800 -10.361600 -7.292000 
0.234000 -3.612200 -1.438000 -0.836100 -1.411400 -0.755900 -1.753100 -1.716700 -1.597500 -6.106000 -7.669000 -13.286400 
0.236000 -3.153800 -1.785500 -3.126600 -0.691300 -3.553200 -1.042500 -0.727300 -2.909300 -7.934700 -5.445600 -15.365600 
0.238000 -1.085700 -1.541600 -2.126500 -1.989100 -1.298500 -2.412700 -1.426300 -2.493900 -4.327200 -11.904900 -4.201500 
0.240000 -1.873500 -1.384500 -0.599800 -0.983700 -0.802100 -1.708700 -1.473800 -5.373900 -6.251800 -10.295400 -4.655400 
0.242000 -0.915700 -1.656700 -0.882200 -1.308800 -2.713800 -1.297000 -2.805900 -2.225500 -4.517500 -7.090200 -21.257800 
0.244000 -2.025200 -0.609100 -0.533800 -1.967100 -2.713900 -2.876300 -4.827900 -5.241500 -5.640100 -4.290600 -3.915900 
0.246000 -2.077200 -0.901300 -1.278700 -1.313500 -2.302800 -2.137000 -9.874700 -1.795300 -8.573500 -7.737300 -5.970200 
0.248000 -1.595700 -0.433700 -2.039400 -0.609200 -1.731100 -2.688700 -2.919600 -3.660000 -12.099600 -6.720500 -21.796000 
0.250000 -0.841000 -0.620400 -1.259800 -1.708100 -4.520500 -2.085800 -1.674600 -2.031100 -5.722700 -6.613000 -6.621400 
0.252000 -0.934300 -0.288000 -1.027000 -2.589500 -4.671600 -1.004000 -2.010300 -0.476500 -8.717700 -12.198500 -5.911100 
0.254000 -1.362800 -0.216100 -4.795400 -1.109500 -3.342500 -2.157000 -2.240500 -1.767400 -3.310800 -5.929400 -5.126800 
0.256000 -1.049200 -1.400500 -2.188600 -3.744500 -1.715900 -2.495100 -2.494200 -2.155300 -3.607100 -5.940900 -5.107400 
0.258000 -1.279500 -1.146200 -0.142800 -2.736800 -3.558400 -0.591000 -1.220400 -0.965800 -2.911500 -9.530200 -16.172700 
0.260000 -3.301200 -0.860000 -1.353800 -1.284900 -3.608200 -1.219000 -0.792300 -3.515700 -2.976000 -8.264800 -13.124900 
0.262000 -0.829400 -1.983600 -1.449300 -4.230500 -2.152700 -2.047000 -5.331200 -2.065600 -9.509800 -7.490500 -21.327900 
0.264000 -0.674700 -0.701000 -0.266900 -1.122700 -3.192200 -2.646300 -0.664200 -7.340600 -3.819800 -5.310300 -14.042200 
0.266000 -1.501400 -3.306900 -1.436300 -1.618900 -3.162700 -3.834500 -1.933700 -2.472500 -4.298600 -4.046700 -28.401800 
0.268000 -1.309400 -0.842500 -0.983100 -4.699400 -2.729600 -1.975200 -3.285000 -1.403300 -2.312400 -12.570900 -12.341300 
0.270000 -0.719600 -1.788500 -0.711800 -0.494900 -3.173400 -1.070900 -4.376000 -2.407800 -5.254200 -11.491600 -4.565600 
0.272000 -3.865300 -0.485200 -0.915500 -0.922000 -1.771400 -2.933500 -1.168900 -1.140000 -2.178600 -12.337000 -7.737200 
0.274000 -1.446600 -1.224300 -0.325700 -1.389900 -2.248300 -2.898500 -3.230000 -5.921100 -13.949000 -5.549400 -8.961400 
0.276000 -1.144400 -0.810100 -0.416500 -1.156700 -2.986400 -4.725100 -1.831900 -1.522500 -3.785500 -4.529700 -4.575300 
0.278000 -2.078200 -0.575500 -0.705800 -1.736900 -3.742800 -3.061300 -1.461700 -2.271800 -2.316300 -8.904600 -3.792100 
0.280000 -0.510700 -3.165700 -2.386700 -3.888900 -2.847500 -3.635000 -1.230800 -4.283600 -3.647100 -5.070700 -5.204900 
0.282000 -1.566900 -1.240200 -1.583800 -1.013700 -2.410800 -1.229100 -2.220000 -1.641400 -2.726800 -3.861500 -5.757200 
0.284000 -1.706000 -4.061100 -0.562700 -1.083600 -1.212100 -3.309800 -2.040400 -1.808600 -6.248100 -4.809300 -8.415900 
0.286000 -1.620800 -1.003000 -1.723500 -0.951800 -2.277700 -3.170400 -2.779900 -1.371800 -8.006700 -7.382900 -10.061300 
0.288000 -1.364900 -2.465200 -0.552800 -0.358500 -2.344500 -1.897900 -4.161900 -2.772800 -6.022100 -10.186200 -16.782800 
0.290000 -2.386200 -0.172100 -1.777500 -0.693000 -1.305700 -0.765000 -2.182000 -3.308600 -5.595400 -10.041100 -28.783900 
0.292000 -1.567100 -0.529900 -1.234100 -1.492000 -1.301000 -3.717000 -1.151700 -2.452200 -5.625600 -9.096200 -18.882100 
0.294000 -1.816900 -1.464700 -2.067400 -1.485700 -1.842500 -0.640300 -2.127000 -2.699700 -3.832600 -10.791400 -38.522800 
0.296000 -0.209700 -1.360800 -1.778600 -1.276300 -1.636200 -1.211500 -0.464300 -6.073500 -7.015400 -6.038600 -27.691600 
0.298000 -1.110200 -1.325800 -0.864100 -0.802800 -1.119000 -1.154100 -1.419700 -2.331600 -3.880000 -7.961000 -13.109700 
0.300000 -1.324600 -4.217600 -1.174400 -1.218800 -2.929600 -1.293200 -4.097700 -1.806300 -5.880300 -4.932700 -36.916300 
0.302000 -0.605300 -0.955500 -0.965900 -1.685700 -0.833900 -4.187300 -4.272800 -2.810400 -1.827300 -16.319200 -25.637200 
0.304000 -0.851400 -0.446700 -1.059500 -1.535200 -0.948700 -1.660600 -1.377000 -1.367600 -2.359900 -7.260200 -8.279100 
0.306000 -0.848900 -0.094500 -0.348100 -3.071000 -1.518300 -3.949300 -2.488100 -1.244600 -2.606500 -3.253900 -25.349100 
0.308000 -1.133200 -1.990100 -0.974000 -0.708300 -1.411500 -1.524600 -0.826600 -2.370000 -2.820300 -6.443000 -10.931000 
0.310000 -0.362900 -1.903900 -0.726100 -0.737900 -2.811100 -1.730700 -0.638200 -1.488500 -4.312300 -6.302100 -21.474200 
0.312000 -0.898400 -0.355700 -2.969800 -1.074700 -1.308400 -1.991500 -1.319200 -3.257500 -3.593900 -5.669000 -4.766800 
0.314000 -2.114200 -1.086100 -2.586200 -1.439700 -2.877200 -1.050200 -0.704900 -1.567600 -8.120300 -3.880600 -7.298100 
0.316000 -1.876700 -0.539900 -3.114700 -1.194900 -3.242100 -1.582300 -2.264300 -1.762800 -2.611500 -5.666100 -10.077900 
0.318000 -2.129200 -1.045900 -2.262900 -1.448700 -3.319400 -0.127700 -0.588300 -0.756300 -4.127400 -3.436000 -2.502800 
0.320000 -2.744300 -1.620200 -1.203000 -2.220300 -2.002600 -4.424700 -4.833000 -1.100000 -1.581300 -5.910000 -8.211500 
0.322000 -2.096600 -1.208600 -1.552300 -1.159500 -0.906300 -1.081000 -1.097300 -5.866700 -3.125200 -9.848400 -13.889100 
0.324000 -0.800200 -1.492000 -0.873600 -1.231800 -1.630700 -5.319400 -0.859700 -4.066700 -2.685200 -8.329600 -9.513900 
0.326000 -3.301200 -1.578500 -0.338800 -2.345600 -5.405200 -2.656800 -0.485700 -5.178000 -2.467100 -8.404200 -9.995600 
0.328000 -0.194100 -1.486500 -3.551200 -2.252600 -0.700900 -4.014600 -2.466600 -4.677600 -4.857400 -12.010400 -4.900600 
0.330000 -1.845700 -1.949500 -0.805200 -1.691400 -2.702200 -1.798600 -3.582400 -1.680700 -3.129900 -6.060100 -8.910300 
0.332000 -1.673800 -2.129700 -0.600300 -1.004600 -4.746800 -3.196200 -1.158000 -1.749300 -4.933000 -4.914300 -14.998800 
0.334000 -1.013400 -1.514900 -1.406000 -2.875000 -1.537700 -2.733900 -2.093800 -1.032300 -4.953100 -5.973600 -23.149100 
0.336000 -0.874300 -0.811900 -0.978500 -0.944500 -1.954600 -2.985600 -0.717200 -1.211500 -5.779000 -7.775900 -21.331700 
0.338000 -1.416600 -0.823500 -0.711800 -3.024600 -4.724300 -2.747000 -1.511300 -1.123700 -6.029400 -6.698300 -11.489300 
0.340000 -0.566600 -0.766400 -1.015200 -1.740600 -2.149700 -3.082400 -1.852800 -3.304400 -2.489300 -8.945800 -13.344900 
0.342000 -2.733000 -1.936900 -1.516400 -2.427100 -2.009100 -7.278500 -1.232200 -1.740300 -2.418200 -5.659100 -12.192700 
0.344000 -0.934800 -2.436400 -2.028400 -0.720800 -2.419600 -8.789800 -2.562100 -2.467600 -1.498700 -7.211500 -34.862900 
0.346000 -4.379100 -1.883400 -1.615900 -1.099500 -1.347700 -2.247600 -0.567600 -3.814800 -2.487500 -7.593700 -23.529900 
0.348000 -1.458900 -0.848400 -0.352100 -1.206300 -1.936100 -3.725800 -2.346500 -6.716900 -6.404500 -3.642500 -46.466800 
0.350000 -0.399600 -2.439000 -0.390100 -0.698400 -3.300500 -2.913100 -2.468300 -0.744600 -3.095500 -7.662100 -5.441300 
0.352000 -1.278400 -2.036200 -0.453300 -4.576600 -2.254300 -1.204800 -1.423700 -1.097700 -0.986900 -9.977100 -13.345200 
0.354000 -2.508300 -0.387600 -1.523300 -3.242100 -2.527300 -2.501300 -2.836100 -2.968700 -3.068800 -10.000300 -6.388600 
0.356000 -1.948400 -1.268600 -2.809200 -2.184900 -1.335600 -1.096300 -1.050300 -1.073800 -5.277300 -4.223900 -12.017900 
0.358000 -1.133400 -0.610800 -0.851400 -1.539900 -1.214600 -1.110400 -3.943400 -3.078700 -1.860700 -5.879400 -13.488400 
0.360000 -0.987000 -1.603400 -0.534400 -0.863400 -1.113400 -2.638400 -5.902100 -1.767500 -0.403900 -5.143600 -13.894600 
0.362000 -1.032600 -1.096700 -1.968500 -2.477000 -1.762900 -3.838400 -2.690000 -1.616300 -3.020900 -2.978800 -24.221900 
0.364000 -0.403600 -1.378500 -1.006800 -1.997300 -3.822400 -4.379200 -2.185600 -1.467500 -0.560000 -3.327300 -11.726600 
0.366000 -0.489800 -0.318000 -1.551100 -0.856700 -2.469200 -3.250900 -1.368600 -5.382900 -5.200000 -8.573700 -7.550900 
0.368000 -2.416200 -2.596600 -0.779000 -2.334600 -2.370800 -1.772800 -2.797600 -3.890200 -7.433000 -2.447100 -9.958300 
0.370000 -0.682700 -2.445200 -3.054000 -1.413100 -2.258600 -3.463200 -2.553200 -1.361900 -8.174700 -4.943400 -10.766600 
0.372000 -0.896000 -1.937000 -1.035600 -1.406800 -0.745900 -2.808800 -1.162600 -2.008200 -2.603900 -4.471000 -9.679700 
0.374000 -1.082400 -1.050600 -0.480500 -1.262600 -1.839000 -2.316500 -1.978400 -5.688800 -6.716400 -14.726100 -34.677700 
0.376000 -2.859500 -3.400800 -2.266200 -1.700400 -1.847800 -1.546900 -3.220300 -2.392700 -10.291800 -12.545500 -8.568100 
0.378000 -1.478300 -2.387600 -0.857300 -1.317300 -2.560800 -1.562100 -5.607200 -1.912900 -2.898000 -11.247400 -18.338600 
0.380000 -0.587800 -1.240800 -2.680800 -2.080600 -4.270800 -1.951800 -1.795300 -3.607000 -4.858500 -8.096700 -10.697500 
0.382000 -1.472100 -0.667200 -2.180700 -3.122400 -3.178300 -2.035300 -0.904100 -1.833700 -2.665800 -5.163700 -13.216400 
0.384000 -1.062100 -0.446600 -0.154400 -1.360800 -2.738300 -5.715700 -3.362100 -6.104300 -6.444300 -5.603800 -14.736200 
0.386000 -1.276700 -1.232800 -0.192100 -1.180200 -2.035400 -2.752300 -1.045200 -2.949800 -2.251100 -4.809100 -28.856500 
0.388000 -1.179100 -1.175000 -1.390600 -5.306900 -1.933000 -2.608600 -0.693700 -1.005700 -5.059100 -6.475500 -22.723600 
0.390000 -1.298100 -1.187100 -1.325700 -3.909200 -1.132200 -2.694100 -0.928000 -1.884700 -6.269800 -6.260200 -48.098400 
0.392000 -0.492500 -1.485400 -1.467500 -1.114200 -2.696200 -2.088500 -0.612600 -2.317400 -4.780800 -8.124600 -13.573200 
0.394000 -2.365800 -0.229300 -1.106300 -5.400200 -1.567500 -5.842900 -2.444700 -1.554500 -2.284900 -9.215800 -20.025900 
0.396000 -1.242700 -0.537500 -0.862800 -0.829000 -3.330500 -1.040000 -2.490200 -3.197400 -1.718400 -6.730900 -22.699900 
0.398000 -1.477700 -0.645000 -1.094600 -2.229800 -1.056800 -2.117200 -5.720500 -3.175100 -2.385200 -12.376600 -17.085700 
0.400000 -1.533600 -0.300800 -0.684200 -1.532300 -1.245600 -2.258000 -2.134100 -2.065200 -2.388400 -4.308600 -15.905000 
0.402000 -1.365700 -1.342500 -1.056300 -5.113200 -0.670600 -8.131200 -2.839900 -0.613000 -4.638700 -8.224400 -9.956800 
0.404000 -0.488900 -0.821700 -1.314400 -1.925300 -3.129800 -1.039300 -2.014500 -1.242600 -4.806600 -2.796200 -13.865300 
0.406000 -0.620200 -1.913000 -1.047700 -3.404700 -2.403900 -1.309700 -3.937600 -1.227000 -4.379500 -4.719400 -2.758000 
0.408000 -1.646300 -1.635800 -1.307400 -4.318600 -0.556000 -0.749600 -1.260500 -4.873900 -2.545000 -7.085300 -3.827900 
0.410000 -1.033100 -2.148100 -1.025200 -1.020100 -0.824500 -5.760400 -1.587800 -1.839400 -5.594300 -4.817700 -8.034600 
0.412000 -0.430100 -0.625300 -0.547100 -2.003400 -1.344400 -1.156500 -1.700600 -1.066600 -3.143800 -2.706900 -30.240300 
0.414000 -0.772300 -1.551600 -1.764000 -1.045400 -2.904300 -0.799000 -5.518600 -1.818500 -5.357700 -6.102800 -4.928400 
0.416000 -1.067900 -2.870800 -1.286800 -2.582600 -3.075600 -0.957300 -3.849600 -0.949300 -2.721600 -4.390500 -14.070400 
0.418000 -1.941600 -0.962100 -2.349000 -3.211400 -1.533900 -0.798700 -1.245700 -1.702200 -1.237000 -5.333100 -6.219200 
0.420000 -2.503000 -1.612300 -2.309700 -2.834400 -2.247200 -1.369400 -2.268000 -2.667900 -0.832500 -2.166000 -3.352400 
0.422000 -3.392900 -0.891900 -0.407500 -2.297200 -1.032500 -0.818900 -1.595700 -1.931400 -2.971600 -5.220100 -12.533500 
0.424000 -1.942200 -0.448900 -2.343300 -1.673300 -2.889400 -2.263200 -2.204400 -2.804500 -1.865200 -3.166700 -8.087100 
0.426000 -0.429200 -0.602600 -1.932500 -1.879200 -0.558200 -3.713600 -1.292600 -2.153400 -2.743200 -1.720100 -5.636900 
0.428000 -1.226300 -1.050500 -1.337400 -0.654600 -1.719000 -2.521400 -1.812500 -2.037300 -1.848600 -6.217900 -10.757500 
0.430000 -1.366800 -0.855800 -0.338400 -1.093200 -1.081500 -1.883800 -2.481600 -2.877300 -2.625100 -5.180400 -11.275300 
0.432000 -1.870800 -0.384700 -2.400500 -2.509400 -1.255200 -0.935600 -0.774000 -1.875900 -2.750000 -5.783700 -3.968700 
0.434000 -2.158300 -0.665800 -0.368900 -1.805200 -2.966800 -2.221100 -0.920300 -2.420900 -4.474800 -6.474000 -18.814700 
0.436000 -2.481700 -0.237500 -1.289000 -1.894900 -0.886100 -1.137900 -1.626000 -2.458700 -5.556800 -5.017000 -8.603100 
0.438000 -1.890200 -3.071600 -0.641300 -1.856000 -0.811400 -0.576900 -1.369900 -2.473000 -2.456300 -2.760500 -3.870000 
0.440000 -0.326300 -0.634100 -1.795700 -2.251200 -1.525900 -1.812900 -4.666500 -2.113300 -11.124700 -9.226800 -4.766400 
0.442000 -1.115500 -0.786500 -0.869600 -3.365600 -1.555600 -0.517200 -2.604600 -2.297600 -6.257900 -9.163800 -13.333900 
0.444000 -2.233900 -0.890600 -1.856900 -1.714900 -1.519900 -2.618300 -1.949200 -9.078200 -1.363200 -9.489100 -14.850000 
0.446000 -2.136200 -0.983800 -0.800800 -2.840200 -0.871800 -1.143000 -1.577700 -0.402500 -6.211000 -9.513200 -9.079100 
0.448000 -0.479600 -0.682700 -0.926400 -1.357000 -3.076100 -8.292500 -2.601800 -1.754400 -3.626600 -3.395600 -10.846000 
0.450000 -0.660500 -1.208900 -0.537700 -3.265900 -0.705400 -0.718100 -1.376200 -0.723800 -1.903400 -10.539300 -11.797800 
0.452000 -1.150900 -2.107600 -0.656600 -2.629500 -1.402800 -1.239900 -1.756700 -4.623300 -4.399800 -5.826600 -11.125800 
0.454000 -0.291300 -1.000500 -1.164800 -4.031000 -1.439200 -1.399600 -3.265900 -3.995400 -3.029900 -11.641400 -17.484000 
0.456000 -0.998700 -1.568700 -1.877700 -1.863600 -2.164200 -1.688600 -0.442300 -0.933800 -0.910700 -12.170000 -12.445900 
0.458000 -1.433900 -0.550900 -0.767200 -1.408100 -1.255300 -1.564200 -3.641700 -3.388700 -3.311900 -9.754400 -9.915300 
0.460000 -0.145500 -1.630700 -1.161200 -2.628600 -2.002900 -5.098100 -1.722600 -1.588400 -1.558100 -7.749000 -14.626000 
0.462000 -1.153400 -2.412800 -0.526800 -1.799500 -0.799000 -3.753400 -4.135100 -3.625900 -3.017500 -3.975300 -29.209500 
0.464000 -0.733500 -0.739200 -1.051200 -3.716200 -1.450700 -1.299200 -0.475600 -3.315800 -2.927000 -2.883500 -25.233400 
0.466000 -1.585600 -0.299100 -0.387900 -2.781400 -1.205700 -2.442200 -1.614200 -1.165300 -1.514900 -6.223200 -9.694900 
0.468000 -0.463300 -1.957500 -2.438800 -2.697800 -1.512400 -1.735300 -2.524300 -1.199000 -3.642900 -5.547200 -12.872200 
0.470000 -2.215200 -0.836200 -0.341600 -3.302000 -1.489900 -2.379500 -1.397200 -1.974600 -2.939400 -8.481300 -24.263500 
0.472000 -1.404100 -0.778200 -0.666300 -4.106600 -1.256800 -0.307400 -1.832800 -1.580500 -3.243700 -7.648800 -27.741100 
0.474000 -0.991500 -2.967100 -1.301400 -2.051100 -5.025200 -2.067100 -2.744300 -1.410700 -1.495800 -7.270900 -35.152000 
0.476000 -1.406900 -3.470700 -1.619700 -1.907900 -6.173100 -0.804100 -0.417100 -2.968100 -3.349500 -6.652800 -16.771000 
0.478000 -2.776800 -1.350000 -2.434800 -4.281300 -2.779300 -0.588200 -3.356000 -3.002600 -1.445000 -6.809200 -21.213300 
0.480000 -1.690400 -2.681500 -1.032000 -1.392300 -2.199700 -0.229800 -1.840800 -2.024400 -5.170200 -7.061600 -24.141200 
0.482000 -1.283900 -1.524100 -0.127700 -2.147600 -1.796400 -1.630900 -0.995500 -3.451200 -1.704600 -5.988100 -15.150700 
0.484000 -0.740900 -1.278200 -0.730200 -1.035700 -2.897400 -1.710900 -1.919400 -0.428900 -5.156900 -8.327700 -10.908000 
0.486000 -0.707600 -3.142800 -0.456900 -1.257000 -1.529100 -0.943100 -3.026300 -1.586800 -7.700700 -9.254400 -21.220400 
0.488000 -0.627700 -1.089500 -1.153700 -0.864000 -4.138300 -2.890100 -1.793500 -0.703300 -3.002200 -6.443200 -10.118400 
0.490000 -0.725600 -0.467800 -0.730500 -2.360400 -0.176900 -3.736000 -2.145800 -3.059800 -1.210700 -6.748600 -17.173500 
0.492000 -0.864200 -0.610700 -0.570200 -2.864900 -0.715500 -2.795600 -1.900200 -3.274600 -7.644300 -6.747900 -14.859600 
0.494000 -1.898100 -1.046500 -1.050500 -2.126000 -1.248800 -1.160600 -1.052900 -0.908600 -7.091500 -6.141500 -10.645800 
0.496000 -1.204300 -2.093400 -1.621800 -2.099300 -1.790400 -1.717800 -5.533100 -0.981300 -4.640300 -5.048100 -8.781900 
0.498000 -1.360100 -1.194900 -1.872500 -2.294300 -4.896400 -0.957400 -4.537600 -2.010900 -2.675500 -5.467700 -7.422000 
0.500000 -0.781300 -1.907600 -3.357100 -4.231400 -2.128900 -2.796500 -1.658600 -1.243100 -5.745700 -9.643900 -16.087700 
0.502000 -0.278400 -0.223200 -0.906100 -1.885300 -2.158000 -1.396700 -1.661600 -1.641900 -7.608500 -6.396300 -22.076300 
0.504000 -1.898700 -1.800700 -0.392600 -3.632400 -2.536200 -4.343000 -2.350000 -1.212500 -2.912200 -8.116900 -20.967400 
0.506000 -2.326200 -0.503600 -1.398400 -2.765700 -1.707800 -1.531500 -1.055100 -1.029500 -2.187000 -5.207600 -8.271800 
0.508000 -1.762400 -1.468700 -0.550500 -3.858800 -3.033400 -3.125900 -2.577600 -1.610600 -3.833800 -5.745600 -2.536900 
0.510000 -0.603700 -1.101000 -0.928500 -1.794200 -2.674700 -1.359000 -4.265000 -1.070800 -9.703100 -3.961600 -11.301900 
0.512000 -0.883800 -2.720400 -1.646900 -2.417500 -1.920000 -1.723500 -0.273700 -0.945400 -7.741100 -8.123500 -11.546600 
0.514000 -0.189000 -1.857100 -2.431000 -4.520400 -2.613000 -2.058700 -3.334100 -1.229000 -2.833600 -5.966900 -10.026200 
0.516000 -0.603500 -1.301300 -1.063200 -3.151000 -1.072200 -0.856500 -7.374500 -7.990100 -12.863000 -7.149200 -8.519100 
0.518000 -1.249800 -0.987600 -1.931400 -1.828400 -4.266800 -3.620200 -4.054800 -1.371100 -2.078200 -5.528000 -13.278500 
0.520000 -0.858900 -1.269100 -1.508100 -2.661000 -7.240300 -2.735100 -1.108600 -2.669600 -7.645400 -8.641800 -25.334800 
0.522000 -2.367700 -0.304300 -1.053900 -3.836900 -3.808300 -3.297900 -0.492500 -2.624200 -2.596500 -7.882400 -21.189900 
0.524000 -1.047900 -1.009500 -0.659200 -2.258900 -3.106700 -2.566600 -2.381000 -0.969200 -7.087200 -7.438500 -23.709900 
0.526000 -0.697300 -1.393600 -1.999500 -2.723700 -3.268000 -2.198000 -4.756200 -1.887100 -5.838800 -10.412600 -23.361400 
0.528000 -1.333200 -2.098100 -0.699400 -2.453800 -1.363200 -2.805100 -2.628600 -2.125200 -2.852700 -5.462300 -11.157000 
0.530000 -0.359300 -0.495300 -1.049500 -3.979900 -3.716100 -1.113200 -4.545200 -1.333100 -2.702300 -6.461200 -5.788500 
0.532000 -0.985900 -1.237100 -0.805300 -3.232300 -3.047100 -0.561800 -1.175500 -4.943600 -3.559900 -7.662100 -8.771400 
0.534000 -0.290700 -1.675200 -1.470400 -5.237700 -6.717800 -1.920500 -3.966600 -2.220100 -5.985700 -3.071200 -13.573800 
0.536000 -0.390100 -2.336400 -2.686600 -2.965600 -1.981900 -1.807900 -2.859400 -3.138000 -1.554100 -9.613300 -8.819000 
0.538000 -1.520500 -0.435900 -0.776300 -4.771900 -2.505600 -1.506200 -2.865300 -2.660200 -5.701000 -8.295500 -7.268300 
0.540000 -0.556500 -0.183000 -2.523700 -2.151000 -3.329700 -1.876800 -2.621300 -2.697600 -2.226800 -6.517700 -25.684900 
0.542000 -0.503700 -0.810300 -0.912400 -2.017200 -1.754300 -2.281800 -1.872900 -1.713200 -4.662800 -3.221200 -9.576400 
0.544000 -0.728800 -0.987500 -1.399600 -3.292700 -4.192300 -1.510500 -0.645600 -1.961400 -4.230500 -7.040700 -11.971700 
0.546000 -0.535600 -1.437300 -1.510200 -2.537800 -3.065100 -0.884800 -1.557100 -1.174500 -2.384400 -11.833100 -12.771000 
0.548000 -1.921600 -2.251700 -1.101000 -1.949800 -1.396400 -1.612000 -1.004900 -5.248500 -3.155500 -10.748100 -16.380100 
0.550000 -1.719500 -0.450800 -0.789500 -2.477800 -2.186800 -2.781500 -1.487200 -0.436700 -1.496000 -13.127700 -20.891900 
0.552000 -0.643800 -0.427200 -0.941500 -2.000500 -2.235700 -3.659200 -2.763900 -3.714000 -2.972600 -8.179400 -9.847400 
0.554000 -1.837200 -0.946200 -0.667800 -4.787100 -2.123600 -0.650400 -3.773000 -1.456500 -5.224200 -4.663000 -12.373600 
0.556000 -1.008000 -0.179300 -0.862200 -5.087700 -4.385500 -4.743700 -3.503100 -2.409500 -4.090600 -5.014000 -11.789600 
0.558000 -0.656800 -1.516200 -1.080800 -1.690600 -3.119400 -2.766300 -5.996600 -1.360300 -3.226700 -3.072100 -8.427800 
0.560000 -0.914800 -0.825500 -1.464800 -4.608300 -1.175000 -3.143200 -0.927300 -2.794500 -4.001400 -8.353100 -8.411200 
0.562000 -1.141800 -1.116200 -1.338800 -3.039800 -5.739100 -2.739700 -2.519500 -4.417100 -6.384500 -6.168600 -13.699500 
0.564000 -0.541300 -2.833500 -0.907900 -4.858300 -3.095600 -1.656100 -4.093600 -0.223100 -6.305000 -4.857100 -9.128200 
0.566000 -0.810000 -1.056200 -0.779600 -3.924600 -1.057900 -0.987800 -1.471500 -5.886200 -9.845500 -9.213600 -10.032300 
0.568000 -0.505600 -1.429300 -1.465700 -3.808300 -1.591800 -1.203200 -1.270100 -2.131300 -4.633600 -5.630600 -10.152400 
0.570000 -1.195000 -1.039400 -1.115900 -3.688800 -3.658400 -1.738500 -3.447500 -2.213600 -9.575100 -7.900300 -17.162100 
0.572000 -0.512200 -1.807300 -1.476000 -2.478100 -0.350700 -8.428300 -3.002000 -5.486100 -7.490700 -12.149100 -9.339900 
0.574000 -2.594200 -0.284600 -0.729400 -3.355500 -2.270700 -1.160500 -1.326000 -0.668500 -11.240500 -10.786600 -18.277100 
0.576000 -0.280100 -1.170100 -2.132000 -3.658200 -3.022200 -1.406900 -1.124200 -5.891000 -2.463200 -6.610100 -5.463300 
0.578000 -0.726800 -1.185900 -2.176000 -2.507600 -2.756000 -0.733400 -5.835000 -2.291200 -2.026100 -7.079400 -10.653900 
0.580000 -1.026300 -1.364900 -2.035100 -1.813200 -0.940000 -3.176200 -1.363500 -0.922600 -2.399000 -10.011300 -16.544700 
0.582000 -0.880400 -1.750100 -0.263800 -1.507200 -2.329500 -0.702900 -1.496400 -4.772600 -1.448900 -5.396800 -4.630400 
0.584000 -0.878400 -0.939600 -2.510000 -3.033200 -2.412900 -0.567700 -2.067200 -1.114000 -7.182800 -3.043100 -9.385000 
0.586000 -0.933900 -0.800000 -1.172400 -4.966800 -1.504300 -2.651600 -0.648900 -2.564800 -5.670700 -9.347700 -6.935100 
0.588000 -2.273700 -2.351800 -0.860500 -1.549600 -3.737700 -3.077500 -1.072300 -3.908800 -3.245700 -5.660900 -15.699400 
0.590000 -0.626100 -2.011600 -0.962200 -2.566900 -2.206100 -2.028800 -0.975900 -4.126400 -1.832700 -8.436500 -20.167800 
0.592000 -0.825700 -0.564200 -2.165900 -2.418000 -1.089900 -0.605100 -1.617800 -2.863100 -0.872600 -4.098700 -5.092800 
0.594000 -2.415500 -0.458700 -1.841900 -2.475400 -0.237600 -2.973000 -2.823600 -1.511800 -1.162600 -5.525700 -14.719800 
0.596000 -1.162300 -0.390000 -1.779300 -4.250600 -1.562300 -1.656800 -1.251400 -1.882900 -2.694900 -6.798400 -17.075800 
0.598000 -0.878700 -0.955700 -1.238500 -3.596900 -3.829200 -2.109400 -1.439700 -2.459000 -2.145800 -3.192900 -13.716700 
0.600000 -3.271300 -2.245800 -1.965200 -1.955200 -0.504300 -0.976800 -2.445300 -1.919900 -1.721200 -4.083600 -7.601400 
0.602000 -0.834000 -1.106500 -4.858800 -3.213300 -0.959900 -0.639600 -1.559100 -0.746100 -5.542600 -6.005300 -8.274400 
0.604000 -1.506200 -1.370200 -0.948600 -5.066700 -3.014200 -2.111900 -1.433800 -1.845800 -0.424000 -4.523200 -8.961800 
0.606000 -1.195800 -2.259300 -1.180300 -2.698400 -1.400400 -2.648400 -2.964500 -5.106300 -5.682600 -6.043300 -12.386700 
0.608000 -1.019700 -2.013900 -1.794400 -3.630800 -2.426400 -0.678600 -1.072400 -0.829400 -9.437200 -3.839700 -12.980800 
0.610000 -0.719900 -2.399700 -0.578300 -3.930400 -1.781200 -1.842500 -0.666700 -2.374900 -1.484200 -6.124200 -11.456300 
0.612000 -0.406800 -1.659900 -2.561600 -3.934200 -0.544200 -0.964100 -1.216000 -0.832900 -7.850400 -6.542500 -8.408900 
0.614000 -0.444400 -0.304500 -1.756200 -3.829300 -0.695800 -2.262400 -5.728400 -4.688200 -3.244200 -5.376900 -5.666100 
0.616000 -1.963200 -1.047300 -0.515600 -2.069900 -1.146900 -2.456600 -4.025200 -0.445800 -7.374700 -3.923100 -11.045300 
0.618000 -0.699700 -1.005000 -1.471500 -3.792500 -2.392100 -3.701000 -1.036200 -0.468200 -1.285900 -3.618500 -8.724500 
0.620000 -0.723900 -1.498100 -0.824600 -1.475000 -0.653700 -4.414500 -2.738000 -2.828200 -2.081000 -6.270800 -18.533900 
0.622000 -1.030100 -0.960600 -1.095100 -3.823000 -0.500300 -4.615000 -3.803700 -2.750900 -1.348600 -6.745800 -11.319000 
0.624000 -0.938200 -0.251400 -0.209800 -1.079400 -0.706300 -2.646900 -2.367300 -2.731100 -4.484400 -5.408200 -8.550600 
0.626000 -0.790600 -0.874000 -0.699400 -1.800600 -2.363700 -2.105400 -0.821400 -5.371500 -7.682200 -3.817100 -24.877700 
0.628000 -2.269200 -0.751300 -0.841600 -2.738500 -0.937900 -3.864800 -2.659600 -3.906900 -3.488600 -5.209400 -14.545800 
0.630000 -1.953100 -2.755400 -1.715700 -1.308700 -0.682000 -3.162600 -0.835000 -3.816400 -2.373600 -7.134000 -15.494600 
0.632000 -1.073700 -2.000200 -0.468400 -1.261600 -2.774100 -2.577500 -1.958300 -4.093100 -0.826200 -8.051800 -6.958100 
0.634000 -0.239500 -1.910900 -2.075800 -2.987900 -2.092900 -1.482200 -2.053900 -4.514500 -4.416200 -12.536900 -17.466400 
0.636000 -1.037500 -2.714100 -0.581200 -1.730100 -1.299200 -3.940600 -2.022500 -1.535800 -5.760100 -5.977300 -9.115100 
0.638000 -0.562300 -0.451800 -1.596300 -2.375500 -2.373300 -1.063500 -2.173200 -1.241700 -4.113500 -10.166600 -10.675600 
0.640000 -0.846500 -0.412500 -2.074000 -1.102500 -0.323300 -2.840900 -0.349400 -7.262800 -1.577500 -8.601900 -21.807900 
0.642000 -1.926700 -0.464200 -3.046500 -1.728900 -0.357700 -2.888100 -6.080700 -4.031500 -3.482100 -5.110300 -8.004600 
0.644000 -0.528800 -0.218100 -2.041500 -2.413700 -2.479400 -0.987200 -0.746500 -0.549200 -9.819100 -7.905000 -10.272900 
0.646000 -0.404700 -1.695800 -1.094900 -4.331000 -0.853600 -2.251700 -0.588500 -4.868200 -6.532700 -7.673800 -17.594300 
0.648000 -2.533700 -0.381400 -2.978100 -2.849100 -0.875500 -1.367100 -6.761100 -5.211500 -12.664700 -5.297800 -20.251500 
0.650000 -1.107300 -0.536600 -0.605400 -3.093100 -1.436400 -2.199100 -1.424400 -0.802100 -3.534000 -6.910900 -10.841000 
0.652000 -1.143000 -1.458100 -1.662300 -2.671500 -1.841300 -2.548800 -2.490800 -1.862300 -1.880700 -11.902100 -23.251700 
0.654000 -0.966100 -1.211400 -1.699500 -2.592000 -0.781900 -1.553800 -1.649900 -1.261500 -6.342600 -4.116100 -10.974600 
0.656000 -1.887100 -3.169200 -1.726800 -2.442200 -2.114900 -1.430500 -2.696500 -4.523900 -4.412400 -5.126000 -4.861700 
0.658000 -0.991500 -1.845200 -0.274800 -1.566900 -1.665800 -4.791100 -1.657800 -1.406800 -3.800000 -5.034300 -11.308900 
0.660000 -2.942600 -0.813500 -1.153200 -3.229600 -1.903800 -1.768300 -4.204900 -3.274800 -5.706200 -8.517500 -22.454000 
0.662000 -0.468500 -0.662600 -0.364900 -1.994600 -2.795100 -1.383600 -2.388000 -1.055900 -2.261500 -9.943900 -9.792400 
0.664000 -1.329900 -1.752600 -0.610700 -2.165300 -2.543200 -3.156400 -1.110300 -2.752300 -5.105600 -12.618300 -13.408400 
0.666000 -1.044600 -0.728700 -0.388600 -3.054900 -1.460200 -0.905700 -3.075300 -1.074700 -4.614400 -13.065500 -9.129500 
0.668000 -0.868900 -0.836500 -1.040500 -2.153000 -0.853800 -2.411500 -0.962700 -2.938700 -6.705500 -10.940700 -8.250900 
0.670000 -0.853500 -3.106800 -3.083800 -3.363300 -2.382200 -1.399200 -2.677200 -2.281500 -6.473000 -8.326800 -8.291200 
0.672000 -2.230000 -1.232000 -2.381600 -3.520200 -2.030900 -1.529000 -1.216700 -4.079200 -3.527600 -4.413300 -12.785800 
0.674000 -0.581100 -2.698000 -0.656700 -2.924600 -1.326200 -0.532300 -0.803500 -0.625300 -4.160200 -12.017900 -18.436000 
0.676000 -0.965300 -0.807800 -0.842100 -1.548400 -2.505800 -1.067800 -3.345000 -2.077700 -2.053700 -6.724600 -8.659700 
0.678000 -1.820900 -2.027900 -0.885000 -2.435900 -2.006000 -1.717600 -1.878200 -3.715300 -2.911400 -8.480200 -13.036200 
0.680000 -0.961800 -1.709900 -0.515400 -2.253300 -1.293600 -4.540200 -0.626800 -6.069900 -5.804000 -4.319000 -18.166500 
0.682000 -0.331800 -1.021800 -1.560200 -2.584200 -0.846300 -3.050900 -1.661200 -2.767900 -3.012500 -7.526900 -11.707100 
0.684000 -1.126400 -2.447200 -0.773400 -2.472000 -1.667000 -3.567000 -2.075600 -5.845800 -4.158700 -8.565200 -13.906200 
0.686000 -0.985800 -1.478600 -0.415500 -2.084200 -0.472600 -0.839500 -5.315000 -3.143300 -2.293300 -9.513200 -10.609100 
0.688000 -1.845700 -2.406400 -0.733000 -3.418700 -1.209500 -3.849000 -1.059100 -2.467300 -3.558500 -3.066500 -11.908600 
0.690000 -0.563000 -1.624800 -1.087700 -1.673500 -4.118600 -2.063200 -1.143100 -2.878700 -1.496900 -4.265700 -10.125200 
0.692000 -1.613000 -1.179700 -1.292900 -2.451300 -2.621900 -1.270800 -2.894300 -3.813600 -3.118100 -5.709800 -14.775300 
0.694000 -2.501500 -1.762700 -0.598300 -1.509100 -0.957200 -1.241000 -0.550100 -8.686300 -2.221200 -4.317000 -9.085700 
0.696000 -1.436000 -1.328600 -0.374700 -2.928200 -1.167400 -0.234700 -2.190500 -1.156500 -1.491400 -6.855800 -16.939500 
0.698000 -1.219700 -1.265800 -0.727300 -4.032000 -0.708800 -3.838200 -1.808400 -3.219300 -5.295600 -11.748400 -5.303300 
0.700000 -0.473400 -1.467800 -0.872900 -3.724300 -0.781900 -2.402300 -1.847300 -3.944200 -4.593000 -15.309900 -11.504100 
0.702000 -1.228700 -1.317600 -0.994000 -2.987300 -2.088800 -1.952700 -0.482000 -6.332300 -7.630600 -6.641400 -21.860000 
0.704000 -2.146000 -0.907900 -2.570500 -2.562300 -1.303600 -1.180300 -4.481900 -4.269500 -4.865400 -9.291000 -9.927100 
0.706000 -0.793500 -0.620000 -2.290800 -2.965700 -0.607900 -1.761600 -1.257900 -2.384300 -3.642000 -3.137100 -31.435300 
0.708000 -1.987400 -2.061400 -1.436500 -3.618900 -2.495200 -1.455000 -0.780300 -3.738100 -4.385300 -7.555300 -21.996400 
0.710000 -0.973600 -4.549400 -0.644900 -3.622800 -0.778500 -1.525700 -2.318400 -4.400400 -2.200700 -6.621600 -17.961400 
0.712000 -2.210400 -0.798300 -0.418600 -1.518200 -0.367100 -1.252300 -1.809900 -4.046800 -13.060600 -7.285000 -8.947600 
0.714000 -0.852000 -0.269700 -0.743200 -2.308100 -1.602500 -1.440600 -3.571500 -3.892900 -6.642600 -23.622800 -10.148300 
0.716000 -0.722900 -0.596800 -0.763800 -3.973000 -3.751900 -1.339100 -4.697500 -3.355700 -17.204500 -7.044800 -10.426200 
0.718000 -1.898400 -1.495400 -0.231400 -2.074400 -2.172600 -1.191200 -1.748500 -2.472300 -10.120000 -4.546500 -6.130200 
0.720000 -2.168900 -1.338200 -0.572700 -2.488400 -1.559800 -2.974900 -0.824700 -2.581300 -5.069100 -6.943300 -12.601300 
0.722000 -1.475300 -2.965600 -0.841100 -1.907200 -2.342500 -4.141600 -3.927600 -2.275300 -3.022900 -5.440100 -11.384400 
0.724000 -0.710000 -0.785900 -0.486800 -1.805800 -2.361500 -0.549700 -1.891800 -1.615500 -5.278000 -12.367300 -16.129700 
0.726000 -3.289300 -3.336500 -1.608000 -1.809300 -4.097400 -2.392700 -1.928200 -4.078300 -5.297000 -3.402000 -17.740800 
0.728000 -1.178800 -0.663200 -1.876400 -3.314800 -0.806700 -0.577600 -0.467500 -3.595700 -7.681300 -8.190800 -6.622700 
0.730000 -0.257000 -2.791900 -1.265000 -2.092200 -0.544700 -2.763300 -0.608100 -2.585500 -5.915800 -10.027300 -8.598400 
0.732000 -1.059600 -0.295500 -0.284900 -1.734300 -0.529800 -0.441100 -2.319000 -1.218400 -7.162100 -4.136100 -9.662400 
0.734000 -1.063100 -1.582600 -2.150200 -8.319400 -2.472100 -2.061900 -0.782400 -2.242200 -2.069200 -4.401400 -7.949500 
0.736000 -1.025600 -0.886200 -0.271200 -5.769000 -1.446800 -0.565300 -0.916800 -1.946300 -9.926500 -3.162400 -13.806100 
0.738000 -0.235700 -0.464500 -0.402900 -3.955100 -1.040200 -0.942900 -4.373700 -1.926000 -14.166400 -3.835500 -18.789200 
0.740000 -0.277300 -0.350500 -1.670300 -2.402600 -1.529100 -1.703700 -1.693100 -2.736800 -13.672100 -13.974000 -12.916100 
0.742000 -0.843600 -0.958600 -0.826300 -1.981800 -1.195500 -2.192200 -2.282800 -0.976600 -8.322000 -2.863900 -18.152600 
0.744000 -1.173200 -1.231200 -1.054500 -1.787900 -1.286800 -2.367100 -1.911000 -3.932500 -15.212400 -8.050900 -35.638600 
0.746000 -0.657600 -1.165900 -3.114400 -2.066300 -1.780500 -2.448900 -4.494600 -0.922900 -4.299200 -5.978500 -21.974300 
0.748000 -0.241800 -4.386300 -1.063000 -3.679000 -0.762700 -0.984900 -1.704000 -0.878000 -7.435300 -12.028500 -3.741700 
0.750000 -0.967600 -0.723700 -0.878500 -2.749400 -4.206800 -0.823400 -4.453900 -1.245200 -9.135400 -4.383700 -5.959600 
0.752000 -1.043400 -2.778000 -1.494700 -2.258800 -2.190300 -3.265400 -1.069300 -1.584200 -9.047600 -8.738800 -4.820300 
0.754000 -1.552700 -1.051900 -1.434300 -2.949300 -2.945600 -2.488800 -1.754100 -2.321400 -2.756800 -5.772400 -16.697900 
0.756000 -1.968300 -2.629300 -1.801400 -1.869400 -1.917200 -3.025100 -1.183400 -5.652500 -4.304800 -5.614200 -12.546000 
0.758000 -1.651400 -1.599300 -2.625800 -4.192800 -0.209500 -1.154600 -0.948900 -0.477800 -3.525600 -8.579200 -10.649200 
0.760000 -1.672900 -1.289900 -0.655600 -3.174800 -0.651400 -0.658900 -0.626200 -1.415000 -2.673800 -8.343900 -11.949400 
0.762000 -2.254500 -1.000800 -0.630000 -3.189400 -3.208200 -0.302800 -1.485400 -1.170100 -2.456300 -7.419000 -8.602200 
0.764000 -1.105700 -3.183700 -2.949100 -2.074700 -0.742400 -2.122200 -1.787600 -0.312500 -6.770800 -10.076700 -12.914200 
0.766000 -0.568300 -2.026100 -1.876500 -1.717900 -3.107700 -3.283100 -2.005900 -1.963500 -3.221100 -10.559800 -18.038700 
0.768000 -1.270300 -1.580400 -0.759200 -1.952100 -4.739800 -3.028000 -3.237200 -4.178100 -0.455900 -6.780300 -6.120500 
0.770000 -0.997900 -2.038300 -0.969800 -2.982700 -4.741900 -2.819900 -1.226600 -1.388800 -4.993400 -4.069300 -10.537700 
0.772000 -2.069300 -1.668600 -1.565600 -2.901900 -2.275200 -2.001500 -0.199000 -4.488200 -3.112500 -2.271700 -8.003100 
0.774000 -0.832100 -1.218400 -1.870100 -2.433000 -2.584200 -0.624800 -1.793800 -3.326600 -6.598600 -4.888500 -8.319100 
0.776000 -3.797900 -1.788200 -1.598400 -1.829300 -0.753800 -3.250000 -0.953000 -1.453200 -7.422100 -7.757600 -9.415200 
0.778000 -1.550700 -1.644200 -2.314100 -2.626600 -1.200400 -4.438800 -3.214700 -1.407100 -7.180300 -6.226800 -7.031200 
0.780000 -2.603600 -2.171400 -0.653800 -1.455700 -1.235400 -2.675800 -3.044000 -1.707900 -5.821900 -5.899300 -13.728700 
0.782000 -0.205200 -1.243200 -1.208900 -4.541400 -0.331300 -3.600300 -2.518600 -1.146500 -5.936000 -3.184500 -13.215000 
0.784000 -0.911300 -1.561600 -2.705200 -1.922900 -0.510300 -2.329300 -0.917900 -3.410100 -8.662800 -9.764700 -13.013300 
0.786000 -1.009700 -0.823100 -0.368300 -2.979300 -1.689200 -2.116000 -0.993200 -2.764400 -2.633400 -3.416100 -10.856800 
0.788000 -2.135100 -1.686500 -0.844200 -2.038900 -1.299300 -0.845800 -1.881100 -4.759100 -2.771400 -7.967000 -28.924300 
0.790000 -1.554100 -2.109300 -0.987500 -2.388700 -0.914200 -1.288400 -2.279700 -4.882800 -3.294300 -2.631500 -9.185500 
0.792000 -1.528200 -1.141800 -1.084800 -4.387300 -1.129600 -3.867400 -4.418200 -0.480100 -8.142300 -3.525500 -6.315700 
0.794000 -1.113300 -1.473400 -1.989100 -3.001700 -1.616900 -0.397800 -4.481900 -0.755800 -2.669400 -4.460800 -9.923600 
0.796000 -1.874600 -2.289100 -1.776000 -1.666700 -0.380500 -1.037300 -1.342500 -3.878500 -6.837500 -5.046900 -8.008900 
0.798000 -0.676700 -1.431900 -0.277400 -2.499800 -1.367600 -2.040800 -2.763500 -0.910100 -3.644700 -5.381000 -7.060100 
0.800000 -2.008100 -1.106400 -3.734600 -2.944300 -2.366800 -2.272300 -0.961300 -1.628700 -3.023100 -2.280800 -15.470800 
0.802000 -1.783300 -3.169400 -2.127300 -2.736100 -1.318100 -3.360700 -2.183000 -1.643700 -5.807700 -7.861500 -20.891200 
0.804000 -1.348900 -0.496500 -1.318100 -2.739600 -1.553100 -1.157200 -2.413700 -1.417700 -4.209600 -7.967400 -16.149400 
0.806000 -0.693000 -1.629100 -1.434300 -2.559200 -0.334000 -1.900100 -2.367200 -4.424700 -5.227500 -3.629000 -17.504300 
0.808000 -0.442400 -2.086900 -1.833400 -2.724200 -2.012300 -3.112400 -5.265200 -1.656800 -5.185000 -5.236700 -6.453800 
0.810000 -0.474600 -0.801500 -2.322600 -1.919800 -1.303300 -2.311100 -0.672300 -3.158800 -9.963100 -10.735300 -22.357800 
0.812000 -2.119300 -1.368200 -1.550700 -1.732000 -0.762400 -0.931700 -2.314300 -1.756600 -7.216000 -5.194900 -14.521700 
0.814000 -0.546800 -0.404000 -0.453200 -1.808800 -1.529800 -1.659900 -2.315800 -2.793700 -5.155100 -3.069400 -12.472600 
0.816000 -0.579600 -1.373800 -1.001800 -1.442900 -1.116800 -5.368100 -3.986100 -1.397400 -3.910100 -6.293200 -18.223000 
0.818000 -0.456200 -0.386100 -3.959400 -4.090100 -2.262000 -2.789000 -2.879000 -3.819800 -2.415100 -20.653400 -16.289800 
0.820000 -0.853700 -0.875900 -3.160000 -2.931000 -1.199000 -0.914300 -1.753000 -2.284700 -2.249900 -3.494200 -11.904700 
0.822000 -1.190100 -0.694100 -1.483400 -2.770100 -2.235600 -0.452000 -2.174700 -2.295200 -3.355700 -1.915700 -10.533100 
0.824000 -0.735500 -1.303600 -1.478600 -2.089000 -1.320600 -0.635100 -1.834700 -1.118100 -7.181700 -1.959100 -9.597200 
0.826000 -2.270400 -0.750000 -2.411400 -2.120900 -1.046800 -3.007200 -4.855700 -0.500300 -3.505900 -7.727000 -12.433500 
0.828000 -0.807900 -0.752200 -0.775300 -2.054800 -0.655900 -0.886300 -1.718400 -0.558400 -4.405300 -33.120600 -10.200700 
0.830000 -0.797100 -1.331400 -0.654100 -2.262200 -2.063300 -2.474000 -0.934000 -3.714800 -3.916000 -11.392800 -6.799000 
0.832000 -0.935300 -1.406000 -4.990100 -2.594000 -1.511100 -1.056200 -0.756700 -4.290200 -4.791500 -1.713100 -28.523700 
0.834000 -0.522900 -2.364000 -1.223900 -0.536000 -0.495700 -1.403600 -1.763200 -1.558100 -2.430700 -5.287300 -12.926300 
0.836000 -1.749200 -1.019800 -1.046100 -4.405500 -3.791700 -1.405500 -0.712900 -1.108100 -5.377400 -6.728100 -9.144000 
0.838000 -1.647800 -0.477300 -1.801300 -2.378100 -1.008500 -3.117600 -3.422300 -1.301900 -1.650400 -3.630500 -8.740400 
0.840000 -1.180800 -0.806400 -1.682600 -1.900700 -1.276600 -1.794400 -1.996900 -2.562500 -3.638800 -4.575700 -10.938600 
0.842000 -1.221000 -1.080400 -1.637900 -3.341800 -3.251000 -1.813100 -0.574100 -0.768100 -3.006100 -2.427400 -15.332700 
0.844000 -1.308700 -2.650100 -1.286600 -2.936500 -1.463700 -7.992300 -2.144800 -2.489700 -3.316500 -2.917300 -11.461200 
0.846000 -1.301000 -0.920600 -1.073300 -1.737000 -2.249600 -1.725100 -1.798300 -1.601200 -2.393000 -5.239200 -7.114000 
0.848000 -2.405400 -1.170800 -3.083400 -3.228400 -2.400200 -2.488700 -1.668100 -1.533500 -7.254400 -6.988500 -11.914500 
0.850000 -3.127900 -1.323600 -3.036400 -1.982400 -1.799200 -1.959400 -0.613900 -2.834500 -7.965500 -8.506400 -18.645300 
0.852000 -1.711400 -2.000200 -0.928900 -7.184400 -0.583200 -2.260700 -1.190200 -0.632900 -7.183200 -6.206100 -12.389600 
0.854000 -1.228800 -2.670600 -1.009900 -3.004500 -1.317200 -3.370900 -1.304800 -3.628300 -4.567400 -3.442100 -13.438600 
0.856000 -0.599100 -0.839200 -1.450300 -2.304800 -2.565300 -1.174400 -1.222900 -5.290500 -4.038100 -3.443100 -23.097600 
0.858000 -1.339000 -1.300500 -2.435800 -3.357000 -1.386000 -0.837500 -1.851900 -1.122200 -2.921500 -5.799300 -17.755800 
0.860000 -0.207900 -1.501100 -2.474600 -1.780600 -2.852900 -1.171200 -0.610100 -1.372200 -3.437200 -1.717600 -13.171500 
0.862000 -1.092200 -1.552900 -1.487200 -3.823000 -1.243200 -1.551100 -1.977500 -1.192900 -3.697800 -4.147900 -10.432000 
0.864000 -0.370900 -0.638300 -1.959000 -2.149100 -2.625100 -1.092500 -2.496600 -4.911400 -3.218500 -3.648200 -11.784100 
0.866000 -2.089800 -1.657200 -0.909700 -3.052500 -0.875100 -0.739400 -1.978800 -1.290100 -6.788200 -4.331100 -13.964000 
0.868000 -0.612500 -2.647100 -0.140200 -2.429000 -4.465900 -0.682800 -2.740400 -1.577400 -4.068000 -3.265100 -12.665400 
0.870000 -0.617200 -0.426900 -2.910200 -3.270300 -1.944700 -1.032300 -2.692200 -0.121200 -2.907400 -4.805400 -12.070400 
0.872000 -0.870000 -0.538900 -1.383800 -1.848700 -1.045100 -1.528200 -1.837500 -1.516900 -4.919600 -6.879000 -26.178900 
0.874000 -0.898900 -1.761500 -1.665800 -1.146800 -2.204300 -1.346800 -5.620100 -5.714300 -6.922800 -10.156100 -9.304800 
0.876000 -0.641600 -0.827600 -3.944100 -4.342700 -0.623900 -2.840000 -3.952900 -1.544500 -2.871300 -1.910300 -5.943700 
0.878000 -1.884600 -0.557700 -1.425300 -3.741500 -1.157700 -1.399100 -4.687500 -1.409500 -4.691800 -3.609400 -18.243400 
0.880000 -0.682000 -0.653300 -1.527500 -1.401200 -1.047500 -0.945900 -1.721900 -2.719300 -7.241100 -4.776400 -11.586400 
0.882000 -0.460900 -1.176500 -2.371600 -1.630300 -1.754800 -4.116000 -2.255900 -5.915300 -2.413600 -9.534500 -11.356500 
0.884000 -2.273100 -0.964200 -1.742500 -3.081300 -0.615200 -3.233300 -0.657800 -0.171600 -1.280300 -9.063000 -17.951000 
0.886000 -0.957700 -0.722500 -1.223700 -3.506800 -0.860800 -3.656000 -1.435300 -3.045100 -6.894200 -6.030700 -13.065800 
0.888000 -1.632700 -0.286200 -1.145400 -3.708200 -0.246100 -4.414300 -3.629100 -2.312200 -2.979400 -4.127500 -12.272000 
0.890000 -2.197100 -0.896500 -1.978200 -2.993800 -2.725000 -4.051600 -2.334500 -0.558100 -1.285800 -4.333800 -10.872800 
0.892000 -1.937700 -2.311800 -0.412600 -3.274900 -1.512700 -5.179100 -1.985300 -0.952300 -3.409300 -5.384700 -13.253400 
0.894000 -3.004000 -0.322500 -2.003300 -2.673500 -0.699000 -3.186000 -1.845100 -3.498600 -2.793900 -6.652600 -16.589600 
0.896000 -2.031000 -1.180600 -1.350100 -4.050900 -4.538500 -1.354100 -4.019500 -3.163700 -6.714300 -8.373800 -15.912000 
0.898000 -2.228700 -1.705800 -1.685300 -1.691400 -2.849500 -2.365600 -3.509400 -1.680200 -4.108600 -6.872100 -14.221000 
0.900000 -1.932700 -0.775700 -2.423900 -2.930200 -0.558200 -1.427500 -3.660700 -1.351800 -5.370600 -1.863400 -12.516100 
0.902000 -1.823000 -1.960900 -3.954500 -1.991500 -1.449100 -1.297000 -4.586500 -0.891300 -4.552400 -4.296600 -10.066000 
0.904000 -0.305600 -1.766200 -1.928900 -4.407600 -1.682500 -2.690700 -3.288400 -1.257400 -2.908400 -7.039200 -18.324800 
0.906000 -0.704500 -2.446500 -0.799000 -2.060000 -4.888600 -0.976600 -2.440100 -2.072800 -3.694500 -5.862400 -13.808600 
0.908000 -0.561100 -0.906700 -2.071400 -3.852600 -6.375900 -1.041500 -2.700000 -1.301600 -3.289900 -11.501600 -14.883800 
0.910000 -1.294900 -2.080500 -1.366700 -1.924800 -1.317500 -3.692600 -10.465900 -3.906400 -3.420100 -2.716600 -11.615400 
0.912000 -0.848600 -1.031200 -1.686400 -2.626800 -2.596500 -1.527300 -1.381600 -0.829700 -2.516000 -12.052000 -18.004200 
0.914000 -0.636100 -2.054100 -1.418300 -3.259900 -1.277700 -1.181400 -0.233700 -4.403700 -8.160400 -27.394300 -18.270500 
0.916000 -1.411300 -1.914200 -0.604900 -4.932500 -2.597400 -1.361700 -0.464300 -1.914800 -3.561300 -4.957800 -10.630500 
0.918000 -0.675700 -1.216200 -2.802700 -2.820500 -3.043300 -1.554300 -1.282400 -0.900000 -6.812500 -10.904000 -13.556700 
0.920000 -0.605400 -1.209100 -2.480300 -1.549700 -0.670300 -0.942100 -0.984300 -2.172900 -6.729500 -5.405000 -16.034500 
0.922000 -1.392500 -1.652100 -0.827900 -2.323400 -1.252400 -1.964300 -2.375300 -2.917400 -9.842400 -5.066400 -15.635300 
0.924000 -0.259000 -1.309500 -1.424500 -4.774700 -1.208100 -1.437200 -1.982100 -4.927300 -7.085700 -7.382000 -6.909600 
0.926000 -3.148900 -1.433900 -1.562000 -3.732100 -0.839300 -2.390600 -1.416100 -2.117700 -13.755300 -3.856800 -10.400600 
0.928000 -0.617100 -1.263900 -0.664200 -2.230700 -0.990400 -1.047700 -1.917600 -2.645900 -3.284800 -1.327900 -10.234600 
0.930000 -0.673400 -1.066200 -1.233900 -2.994100 -1.155600 -0.605000 -2.340900 -5.319300 -6.840500 -4.261500 -18.411000 
0.932000 -0.608100 -1.391000 -4.306200 -3.946600 -1.409700 -3.728400 -4.053400 -0.870600 -5.425900 -2.525900 -13.039700 
0.934000 -0.376700 -1.174200 -1.126000 -4.055300 -2.257800 -0.810100 -1.772700 -1.629000 -5.014400 -2.862100 -19.313000 
0.936000 -0.706400 -1.186700 -1.972200 -2.378300 -0.568300 -1.889800 -2.227400 -1.413600 -12.339000 -7.756400 -26.557600 
0.938000 -0.959500 -3.087200 -1.446500 -3.186300 -1.301200 -1.187700 -1.470400 -2.360400 -8.717300 -8.879200 -19.818700 
0.940000 -0.361600 -2.224000 -2.338800 -3.226600 -0.555100 -1.450900 -1.851700 -2.383300 -11.085500 -7.817400 -10.255500 
0.942000 -0.853000 -2.481700 -2.353800 -1.405600 -1.452700 -0.738900 -2.672000 -0.576500 -4.586800 -3.979900 -17.594500 
0.944000 -0.735900 -1.160600 -1.580800 -3.098500 -1.939400 -0.738200 -4.351200 -1.376300 -8.682700 -8.113300 -17.488000 
0.946000 -0.461500 -0.762500 -1.265800 -2.515700 -1.643900 -1.844800 -2.512700 -13.605900 -2.316700 -4.717400 -10.545600 
0.948000 -2.076300 -1.232400 -1.596700 -2.492700 -2.751200 -1.263600 -1.795600 -3.999500 -1.516500 -4.660500 -13.535000 
0.950000 -0.453900 -3.054700 -1.326900 -1.265800 -1.346200 -0.444500 -4.739300 -6.333500 -3.831900 -12.350300 -10.377200 
0.952000 -0.395000 -2.086700 -1.020900 -4.001700 -1.151700 -2.779400 -3.309700 -1.748900 -1.899300 -7.277800 -16.687200 
0.954000 -3.041400 -2.105400 -1.014500 -2.742900 -5.111800 -5.595600 -0.572100 -3.579600 -5.876800 -2.603600 -9.748100 
0.956000 -3.062900 -0.824400 -3.577500 -3.401400 -1.884300 -0.682500 -3.390300 -2.221300 -6.062400 -2.820500 -13.075400 
0.958000 -2.445900 -1.893000 -0.716600 -2.448400 -1.422300 -1.673400 -1.939000 -2.684600 -4.783300 -3.692500 -11.035500 
0.960000 -1.415900 -2.681200 -0.865200 -1.548900 -2.339000 -0.977800 -7.964800 -2.447700 -2.589400 -3.995600 -14.912100 
0.962000 -1.544500 -4.351700 -2.179000 -1.758800 -1.880400 -2.133300 -4.865100 -1.004900 -2.059700 -4.775700 -12.846600 
0.964000 -1.393400 -5.292000 -0.809200 -3.599500 -1.030300 -0.916900 -1.811800 -0.575400 -2.011900 -3.039700 -24.976400 
0.966000 -1.214600 -3.577600 -1.643100 -3.673300 -0.466500 -1.719100 -2.996500 -3.694100 -4.858100 -12.344200 -15.679300 
0.968000 -1.184800 -2.069600 -0.301200 -3.191200 -0.682400 -4.570700 -2.610300 -2.120300 -1.540400 -1.155600 -10.255500 
0.970000 -1.672900 -2.435200 -0.375600 -2.427500 -2.884900 -1.104100 -3.360000 -1.540100 -2.166500 -2.814100 -9.934200 
0.972000 -0.859400 -1.778900 -0.657400 -3.500100 -1.449900 -2.028100 -8.507800 -1.630700 -3.258600 -4.260000 -11.696200 
0.974000 -1.214800 -3.941300 -1.412100 -3.500500 -1.392800 -2.148100 -2.463700 -3.650000 -3.986600 -10.854200 -8.908700 
0.976000 -1.165800 -1.813300 -1.486500 -2.094400 -1.041300 -2.285700 -1.688100 -0.198000 -5.432400 -10.627400 -18.681600 
0.978000 -1.311900 -1.462400 -0.414200 -1.942000 -1.853400 -3.158900 -2.919300 -1.372900 -2.023400 -10.158400 -8.835800 
0.980000 -1.343000 -1.563400 -2.232100 -1.634700 -1.660500 -3.222900 -4.133900 -0.952200 -8.051700 -1.932700 -13.053800 
0.982000 -1.766400 -2.269600 -0.678300 -1.946700 -1.877800 -1.430400 -3.378000 -0.824700 -6.658600 -9.412500 -17.676300 
0.984000 -0.789900 -2.540900 -0.545300 -3.893500 -2.339600 -2.313100 -1.358700 -8.226100 -2.074200 -3.522700 -11.539700 
0.986000 -0.863700 -3.658700 -1.871900 -2.868700 -1.163100 -2.522000 -1.421600 -3.534600 -2.589500 -12.369000 -12.392000 
0.988000 -2.030600 -1.914100 -3.324300 -5.060800 -1.302600 -2.160600 -0.750000 -1.841300 -6.147800 -6.922700 -15.612300 
0.990000 -0.605800 -0.718500 -1.077200 -3.931800 -4.408000 -8.662200 -1.581300 -0.501200 -7.434900 -3.721400 -10.056700 
0.992000 -0.610000 -1.369600 -0.776400 -3.796700 -0.738700 -3.320100 -1.362400 -0.916200 -4.397200 -8.855900 -13.762500 
0.994000 -0.466000 -2.004100 -2.301000 -2.418200 -1.274500 -3.170100 -0.524000 -3.121200 -6.263400 -7.338500 -18.015800 
0.996000 -0.633800 -1.189000 -2.221700 -3.687300 -2.086100 -1.989400 -0.652000 -0.504100 -4.058200 -4.175000 -9.552600 
0.998000 -1.768900 -2.347400 -1.879900 -2.747600 -3.391500 -2.400000 -1.276100 -4.085700 -3.662600 -5.086800 -10.508800 
