# gradients (DV/DL) for lambdas: 0.0 0.1 0.2 0.3 0.4 0.5 0.6 0.7 0.8 0.9 1.0
0.000000 -0.511500 -1.238600 -3.310000 -0.686100 -1.528400 -1.251500 -3.897700 -1.415500 -4.844700 -6.368700 -5.725500 
0.002000 -1.214300 -0.742400 -0.752300 -0.415100 -1.196300 -1.615400 -2.820300 -1.010100 -2.957800 -6.436200 -11.108400 
0.004000 -3.049900 -0.839300 -0.555700 -0.773400 -1.371400 -0.902000 -0.721100 -2.489200 -2.328500 -1.855000 -5.551600 
0.006000 -2.232800 -2.143100 -2.795900 -1.455000 -1.076400 -1.011400 -1.736200 -2.200000 -0.986400 -5.089200 -4.693100 
0.008000 -0.540600 -0.864200 -0.346300 -1.480600 -0.526700 -2.522900 -2.946700 -4.743100 -2.237800 -2.296300 -1.644300 
0.010000 -1.381300 -1.239000 -0.341300 -1.466100 -1.087200 -0.888400 -2.564000 -2.679500 -5.367600 -3.199700 -3.003300 
0.012000 -2.204800 -1.276900 -2.052900 -1.478300 -1.285500 -0.904600 -1.528900 -0.739000 -5.116200 -9.290600 -2.691100 
0.014000 -0.258800 -3.098900 -0.837900 -3.331700 -0.991600 -1.090300 -0.702900 -2.488200 -0.486800 -3.576800 -4.449500 
0.016000 -0.846700 -0.538600 -0.741800 -1.171700 -1.253300 -2.867700 -1.164100 -3.110200 -1.935300 -15.855800 -3.536200 
0.018000 -0.928600 -0.394300 -0.476600 -1.054600 -2.466900 -2.566500 -2.447100 -0.136200 -1.115900 -1.327500 -3.774500 
0.020000 -0.605800 -1.229200 -2.160500 -1.361500 -1.316900 -2.774300 -1.110300 -0.517700 -1.595900 -3.182200 -2.460900 
0.022000 -0.765900 -0.843500 -1.564900 -1.100100 -0.758600 -1.240000 -0.441000 -0.811700 -1.331600 -2.962200 -8.269000 
0.024000 -0.134700 -0.614700 -0.384100 -0.499500 -1.325000 -0.964300 -1.619000 -2.819200 -1.725600 -6.686600 -7.269500 
0.026000 -1.708000 -1.126300 -0.946800 -1.253700 -0.600200 -2.405700 -1.083100 -2.546800 -0.613000 -1.006000 -0.398100 
0.028000 -0.692400 -2.158100 -1.164800 -0.906500 -1.223600 -5.264500 -0.731700 -2.935700 -2.555000 -3.809300 -1.024700 
0.030000 -1.059000 -1.133100 -1.200800 -0.554300 -0.405000 -0.418500 -1.462200 -1.533900 -2.509200 -4.542100 -5.951500 
0.032000 -2.613300 -0.468600 -0.978000 -1.215300 -0.612500 -0.237900 -0.898300 -1.285300 -2.374600 -2.842700 -6.160000 
0.034000 -0.413700 -1.312300 -1.132600 -1.694700 -1.059700 -1.107000 -1.664800 -4.482900 -1.853000 -2.941600 -1.170700 
0.036000 -0.931200 -0.570000 -0.794900 -1.085000 -1.209600 -1.118900 -1.173100 -2.205200 -0.693900 -7.868800 -3.587800 
0.038000 -0.638100 -0.721800 -0.637300 -1.282400 -0.500200 -0.617800 -5.757500 -0.542400 -2.828500 -1.816400 -4.151600 
0.040000 -1.068400 -1.623700 -0.964800 -1.176500 -1.105800 -0.462700 -0.932500 -1.333600 -1.987100 -0.709200 -0.645800 
0.042000 -0.675500 -1.883900 -0.295200 -1.788300 -0.866200 -0.872900 -2.504900 -3.527300 -3.352300 -1.915200 -1.977400 
0.044000 -1.095100 -0.581400 -0.588800 -1.225300 -2.181200 -0.981200 -2.890600 -1.162800 -1.072100 -2.471000 -1.929200 
0.046000 -0.254100 -0.862000 -0.272100 -1.637500 -0.693400 -1.821400 -2.509100 -1.135900 -3.007700 -1.890000 -1.415100 
0.048000 -1.247700 -0.694500 -2.244900 -0.851700 -0.590600 -0.253500 -2.541400 -1.216000 -1.810000 -3.632500 -2.166400 
0.050000 -0.759000 -0.961800 -1.934800 -0.750400 -1.095100 -1.043900 -1.648200 -2.536300 -0.286900 -15.687400 -1.000500 
0.052000 -1.244400 -1.993200 -1.204200 -2.580000 -0.526500 -1.603600 -2.615800 -3.099700 -1.413100 -1.141600 -6.045800 
0.054000 -0.424400 -0.902500 -0.711200 -4.785300 -2.245300 -1.213800 -0.530600 -1.697700 -3.179600 -1.836200 -5.551500 
0.056000 -1.124000 -1.183300 -0.255600 -0.710200 -0.421800 -0.930100 -4.774800 -1.496800 -1.600400 -6.086000 -1.638500 
0.058000 -1.385600 -0.686800 -0.420600 -2.031000 -0.609700 -2.205900 -1.461000 -0.383100 -1.893300 -0.789200 -1.766800 
0.060000 -0.677000 -1.604500 -1.318800 -2.339900 -2.112100 -1.123000 -1.292200 -1.951700 -12.021900 -1.779100 -4.567200 
0.062000 -1.096900 -0.837000 -1.191000 -0.245000 -0.422500 -1.478200 -0.617600 -2.813300 -7.885100 -0.812300 -4.316600 
0.064000 -0.882700 -0.166000 -1.146800 -1.464500 -0.903600 -1.027400 -3.265600 -1.060200 -3.706900 -8.849400 -2.989000 
0.066000 -0.971100 -1.529600 -0.742500 -1.074500 -0.369300 -2.144100 -3.444900 -1.178700 -1.124200 -12.077900 -0.891400 
0.068000 -0.680500 -0.588400 -1.306900 -1.001700 -1.250700 -0.671500 -1.730600 -0.626600 -3.273100 -3.650000 -6.978700 
0.070000 -0.870600 -0.827600 -1.220600 -1.123800 -0.552400 -1.772100 -2.338400 -1.412300 -10.960900 -4.958300 -2.895700 
0.072000 -1.752100 -2.016400 -0.646800 -0.598100 -0.734500 -0.853400 -1.192100 -0.473900 -3.400000 -1.980200 -5.643400 
0.074000 -0.696000 -0.970700 -0.245200 -0.516900 -2.036400 -2.924800 -2.849500 -0.800500 -7.806700 -2.835200 -2.735000 
0.076000 -0.899100 -0.368200 -0.983800 -0.549100 -1.975100 -1.910800 -0.908600 -2.127900 -2.734800 -2.008700 -3.308600 
0.078000 -0.266900 -2.500000 -2.770900 -2.953700 -1.267000 -1.796400 -1.431700 -3.102000 -1.700900 -2.069100 -8.744900 
0.080000 -1.381000 -0.764200 -1.502200 -0.516500 -1.733000 -1.494000 -2.747500 -2.164500 -6.408500 -2.205100 -2.792100 
0.082000 -0.771100 -0.521700 -0.876700 -1.167200 -1.066200 -0.237500 -2.389000 -2.336700 -4.140600 -1.868800 -5.257800 
0.084000 -1.285500 -1.110000 -2.120500 -3.177800 -2.125700 -0.536300 -0.864900 -0.453500 -1.278400 -5.522700 -7.699500 
0.086000 -1.463000 -0.729200 -0.974300 -1.638900 -1.137200 -4.933300 -1.513900 -1.851000 -2.301200 -0.413300 -5.986500 
0.088000 -1.686600 -2.022000 -0.693400 -0.374100 -1.489200 -2.930400 -0.772000 -0.687500 -1.491800 -1.723300 -6.467800 
0.090000 -0.578800 -2.385300 -1.481000 -0.254000 -0.768400 -1.699100 -2.200800 -3.791800 -1.432200 -3.444900 -27.254700 
0.092000 -1.827600 -0.988900 -1.568400 -0.571000 -1.254500 -2.377900 -2.347800 -3.021600 -1.876800 -17.761500 -7.624500 
0.094000 -1.070600 -0.336400 -1.603200 -0.387800 -0.298400 -0.265300 -2.501800 -0.936200 -1.197700 -3.576100 -14.369800 
0.096000 -0.854900 -0.204400 -1.646400 -1.433600 -0.887400 -1.645100 -0.698000 -1.373400 -1.847700 -0.452300 -3.738500 
0.098000 -3.764300 -0.942100 -0.683900 -0.803700 -1.250900 -0.626400 -1.349400 -0.602200 -1.230600 -4.139400 -6.423500 
0.100000 -0.185400 -0.350400 -3.006900 -0.967200 -0.166700 -2.283900 -1.652800 -4.130600 -1.257500 -4.141000 -5.074100 
0.102000 -1.684000 -0.547200 -2.016000 -0.916900 -0.988200 -0.685300 -0.363400 -1.964300 -3.257500 -1.245000 -4.233400 
0.104000 -0.460500 -1.523600 -0.873000 -0.508300 -0.464200 -0.803500 -0.845000 -3.240600 -3.170900 -2.340800 -8.784900 
0.106000 -0.398100 -1.087900 -1.072700 -0.840800 -1.095200 -0.282800 -0.439700 -1.890200 -0.335900 -0.460300 -9.994800 
0.108000 -1.485300 -0.754900 -0.420000 -0.461800 -0.823900 -0.884600 -0.782400 -5.371600 -0.192100 -4.383500 -8.072000 
0.110000 -0.888100 -1.076700 -0.864800 -1.187000 -0.806100 -1.289600 -1.568700 -2.372700 -2.005100 -0.639800 -6.686600 
0.112000 -0.708500 -0.450300 -1.819400 -1.156600 -0.885200 -2.483300 -5.970900 -3.235400 -0.826700 -2.033600 -11.282800 
0.114000 -0.890500 -1.640300 -0.391600 -1.264700 -1.034300 -2.771600 -1.561200 -3.629500 -1.878400 -1.422700 -17.408700 
0.116000 -0.556500 -1.335000 -1.515100 -0.347800 -1.846100 -1.669800 -1.211600 -2.717500 -3.377000 -2.600500 -1.632900 
0.118000 -0.682800 -1.544000 -1.446900 -2.135200 -1.091300 -1.673100 -1.278300 -1.722900 -3.100600 -3.956800 -8.035900 
0.120000 -0.740100 -0.280500 -1.448600 -0.585800 -1.171900 -0.554700 -0.552200 -2.570800 -1.221800 -5.648600 -5.994600 
0.122000 -0.506700 -1.874500 -0.585000 -2.070400 -0.780100 -0.975400 -0.518900 -3.195400 -2.327100 -1.757300 -4.212300 
0.124000 -0.796900 -1.626500 -1.131000 -0.748400 -1.244500 -0.714600 -1.044300 -2.439500 -1.758600 -0.131900 -4.242100 
0.126000 -1.044500 -0.105000 -1.042300 -0.714200 -0.607200 -1.427200 -1.219000 -1.343300 -0.523000 -6.097500 -3.544600 
0.128000 -0.655800 -0.356300 -0.157500 -1.133100 -2.520000 -1.492000 -2.135600 -10.776000 -0.704300 -5.569100 -6.206600 
0.130000 -0.374800 -1.239400 -2.737700 -1.102400 -1.084300 -0.634700 -1.138400 -4.091700 -2.464000 -3.771200 -3.515900 
0.132000 -1.205500 -0.895300 -1.425700 -1.702100 -2.265900 -1.478000 -0.715900 -3.510700 -0.682000 -5.556300 -7.315500 
0.134000 -0.578000 -1.632400 -0.791900 -1.274500 -1.554000 -1.914000 -0.667300 -5.741100 -1.452500 -5.035900 -4.518500 
0.136000 -1.595100 -0.287000 -1.634400 -1.044100 -0.928400 -0.183100 -0.915800 -6.910300 -2.748100 -3.341500 -9.679300 
0.138000 -0.338300 -1.018900 -0.662700 -0.668500 -0.848300 -1.557300 -0.862800 -2.309000 -1.354100 -6.437000 -5.312100 
0.140000 -0.361100 -1.012500 -0.879400 -1.320000 -2.500700 -2.044500 -0.567300 -6.235800 -1.339200 -1.998700 -3.671000 
0.142000 -2.903200 -0.481300 -1.234200 -1.009000 -0.565400 -2.876800 -0.614100 -3.945800 -0.725200 -5.093700 -7.979800 
0.144000 -0.565400 -0.819500 -1.542900 -0.663900 -1.157600 -0.491800 -1.585500 -6.327100 -2.054700 -5.773000 -17.626400 
0.146000 -1.233400 -1.355100 -2.013100 -1.188000 -0.615000 -3.755100 -1.990100 -6.146400 -1.283000 -9.364200 -4.781200 
0.148000 -3.035100 -0.766300 -0.508300 -0.820800 -1.721100 -0.326100 -0.721400 -3.636400 -3.464300 -1.624600 -17.075900 
0.150000 -1.352500 -0.729700 -1.315000 -1.319300 -0.500900 -1.854300 -1.802400 -6.103900 -4.002600 -1.842900 -5.097300 
0.152000 -1.684300 -0.960100 -0.751300 -1.502500 -2.400200 -0.570200 -1.889000 -4.965000 -1.681700 -3.334500 -10.602300 
0.154000 -0.911100 -2.245200 -0.564300 -2.422800 -0.762700 -1.005900 -2.471600 -6.101100 -10.711300 -1.683000 -9.324000 
0.156000 -1.693000 -0.590000 -0.835400 -0.603100 -0.838400 -1.502600 -3.739700 -6.406600 -2.307600 -4.742400 -2.628300 
0.158000 -0.671700 -0.717600 -0.863500 -1.248600 -0.833300 -2.181100 -0.875600 -7.982000 -3.970400 -1.426700 -5.035600 
0.160000 -1.104100 -0.274900 -1.597600 -1.169400 -0.541900 -0.736800 -1.394900 -6.113700 -4.801800 -4.379400 -2.910100 
0.162000 -0.460900 -2.045400 -1.074500 -0.925300 -1.558400 -0.541400 -0.559200 -1.665900 -3.136800 -3.651300 -10.341700 
0.164000 -1.152400 -2.643800 -0.594500 -0.861400 -4.904500 -1.164200 -10.373500 -1.871200 -1.985100 -20.495100 -7.748300 
0.166000 -0.995500 -0.624400 -1.341600 -0.621100 -1.102500 -0.461800 -3.409500 -5.054100 -1.926900 -9.673600 -4.963700 
0.168000 -1.505700 -2.487800 -0.858800 -1.008700 -2.744400 -2.844300 -3.215300 -2.053900 -1.505900 -14.822300 -3.602500 
0.170000 -1.424200 -0.301300 -0.636700 -1.112400 -0.480200 -4.499300 -0.706300 -1.703200 -2.061100 -14.316000 -4.686600 
0.172000 -1.677900 -0.467500 -2.920800 -1.170500 -1.594600 -0.364300 -4.409800 -2.081900 -7.507300 -10.164400 -10.628700 
0.174000 -0.771200 -0.242900 -0.782000 -1.781800 -1.883800 -3.891900 -2.705300 -1.573500 -4.479100 -9.086400 -3.415700 
0.176000 -1.027400 -0.406300 -0.276200 -0.684100 -1.499500 -2.496700 -0.884400 -1.467400 -0.609100 -8.551000 -2.460400 
0.178000 -0.926800 -1.083200 -1.262800 -1.214900 -1.540400 -1.452100 -3.078800 -0.732800 -10.681300 -11.726600 -8.412500 
0.180000 -0.477400 -0.272700 -1.101000 -3.476000 -0.480900 -1.373900 -4.766100 -1.895800 -3.437900 -12.364900 -25.249800 
0.182000 -0.917800 -1.170100 -1.174800 -1.274600 -0.744300 -0.867900 -4.894300 -2.545900 -5.860800 -7.059500 -5.711800 
0.184000 -0.480600 -1.783900 -0.387000 -1.053600 -1.167600 -0.778300 -0.386900 -2.093700 -2.218300 -7.156600 -22.180300 
0.186000 -0.574700 -0.919200 -0.499700 -0.467800 -1.354900 -1.722800 -1.389100 -3.367900 -0.474700 -5.804000 -4.827800 
0.188000 -0.153100 -0.864700 -1.223400 -1.570000 -0.271800 -0.696600 -0.710600 -0.987200 -2.064200 -2.782300 -3.560000 
0.190000 -1.140500 -1.933500 -1.915100 -0.984700 -0.854200 -1.847200 -0.595600 -3.909400 -1.089000 -4.418900 -3.444300 
0.192000 -0.643200 -0.990500 -0.973500 -1.509000 -3.062900 -1.242700 -0.771500 -3.283100 -1.964200 -2.804500 -7.040600 
0.194000 -0.636600 -0.186400 -0.468900 -1.751500 -1.488900 -0.338500 -0.957600 -1.764700 -5.029100 -3.512600 -7.490200 
0.196000 -0.285100 -1.784000 -0.517500 -1.438500 -1.778900 -0.879300 -1.001200 -2.209600 -1.985700 -9.841500 -6.227300 
0.198000 -0.377500 -0.529000 -1.890200 -1.140300 -1.524600 -1.199400 -0.527700 -0.543500 -4.350800 -7.219600 -13.371600 
0.200000 -0.726000 -0.518200 -1.397600 -0.535400 -2.052600 -1.566500 -4.013000 -9.977800 -6.814100 -5.788100 -12.780500 
0.202000 -2.557900 -1.489300 -0.201100 -0.909800 -1.160100 -2.203200 -4.827000 -9.349900 -6.405500 -3.912300 -6.809000 
0.204000 -0.855600 -0.165900 -0.398400 -1.350800 -1.843800 -0.885400 -2.744100 -10.322200 -8.072500 -9.088400 -5.127000 
0.206000 -2.423000 -0.726500 -0.107400 -2.687800 -1.322600 -1.199600 -1.216700 -4.904900 -9.053600 -2.767400 -12.363100 
0.208000 -0.092000 -0.503300 -0.306400 -3.023500 -0.509900 -0.358200 -1.961000 -1.828600 -5.234600 -3.459800 -17.560600 
0.210000 -0.497400 -0.199000 -0.577000 -1.944300 -1.419800 -2.339000 -3.301900 -7.094200 -7.488400 -7.656100 -4.442700 
0.212000 -1.271200 -2.373600 -0.317000 -1.694700 -1.961000 -1.800600 -3.484500 -1.718500 -6.525400 -2.146000 -8.120900 
0.214000 -0.742700 -0.978700 -0.731200 -0.446300 -1.004700 -1.549000 -0.375000 -1.833500 -5.602800 -9.961800 -3.038100 
0.216000 -0.854800 -0.345400 -1.336700 -0.661600 -0.525400 -5.080900 -1.488700 -2.740100 -2.523000 -4.153900 -5.597200 
0.218000 -0.669700 -0.486200 -0.445200 -0.636300 -0.855800 -2.024500 -0.887300 -2.950400 -2.240100 -5.337500 -6.128500 
0.220000 -0.755600 -1.340300 -0.686700 -0.773200 -0.806400 -2.156200 -3.633000 -4.639200 -9.332600 -2.915900 -14.819600 
0.222000 -0.680400 -2.145500 -1.289300 -0.512900 -2.578400 -1.886700 -2.322000 -6.552300 -2.643600 -2.557400 -1.838800 
0.224000 -0.716500 -1.217400 -0.368200 -1.161100 -1.647100 -1.016100 -4.180400 -4.815100 -1.805200 -2.588900 -17.220200 
0.226000 -1.275900 -0.879200 -1.716500 -2.203200 -0.812200 -0.489900 -1.356200 -2.613700 -1.017600 -10.408300 -2.228400 
0.228000 -1.539300 -1.068600 -0.296000 -3.132600 -0.430600 -1.077500 -3.049200 -5.311500 -4.933900 -16.931800 -1.539800 
0.230000 -0.513800 -0.466900 -3.400300 -0.720400 -0.781000 -2.927500 -0.722500 -1.576000 -2.639400 -0.938000 -1.223800 
0.232000 -0.427300 -1.363200 -2.180900 -0.412900 -1.530500 -1.563300 -1.237500 -2.081600 -2.265500 -4.017600 -4.096600 
0.234000 -1.247200 -1.275800 -1.235700 -0.977100 -1.387300 -0.556600 -1.652200 -0.549600 -2.783800 -11.677500 -2.053500 
0.236000 -0.431900 -1.513900 -2.110000 -0.798600 -1.190400 -0.897200 -1.504400 -2.531900 -11.705900 -1.822800 -2.559600 
0.238000 -0.720400 -1.042600 -0.733800 -1.164200 -1.270700 -1.618200 -1.107700 -8.367000 -1.565900 -8.823200 -0.766100 
0.240000 -0.266000 -1.104200 -1.128300 -1.862700 -0.553800 -0.943700 -1.973800 -7.217200 -1.503800 -2.260600 -1.233700 
0.242000 -0.844700 -1.091200 -0.565600 -1.329700 -1.389900 -2.515200 -2.485300 -0.338200 -2.214400 -5.072500 -3.096400 
0.244000 -0.928400 -1.466300 -2.360300 -1.385900 -2.822700 -0.670500 -1.039800 -2.004300 -1.208100 -6.292500 -9.195600 
0.246000 -0.576800 -1.187200 -0.207900 -1.664600 -1.052700 -0.625800 -0.868600 -1.380000 -2.002400 -3.674300 -0.949600 
0.248000 -0.299900 -1.164700 -0.992100 -1.563400 -2.539800 -3.719800 -0.797700 -3.017100 -0.541900 -4.067900 -1.168600 
0.250000 -1.301000 -0.953200 -0.253700 -1.478100 -0.953000 -2.801800 -0.174000 -2.278300 -5.669400 -5.418200 -2.261000 
0.252000 -0.287300 -0.227200 -0.592100 -0.763900 -0.746100 -1.585000 -0.974400 -2.523900 -1.455700 -5.583800 -5.058700 
0.254000 -0.543200 -1.501400 -1.932000 -4.197000 -0.980100 -0.265900 -0.439200 -3.815100 -3.221600 -4.919600 -1.893700 
0.256000 -1.161900 -1.169600 -0.816500 -0.312900 -1.090100 -1.394400 -1.521000 -2.716800 -1.027900 -3.218100 -7.141100 
0.258000 -0.501300 -0.562800 -0.889200 -1.280300 -1.502500 -1.492400 -1.718900 -1.531500 -3.113700 -3.102600 -0.765400 
0.260000 -0.616700 -0.389900 -0.598500 -1.187600 -1.392200 -1.573700 -4.460900 -2.563200 -0.679900 -0.902300 -1.292700 
0.262000 -0.988700 -1.109500 -1.342700 -1.349200 -2.266500 -0.737700 -2.215400 -1.597100 -4.211000 -4.028500 -2.678100 
0.264000 -0.790800 -1.437800 -0.980400 -0.572300 -4.526100 -5.424000 -6.682200 -2.768200 -7.754900 -0.098600 -3.370000 
0.266000 -0.257400 -0.363300 -0.576400 -0.457800 -0.570300 -0.857900 -0.948100 -4.738000 -9.213500 -7.874800 -1.966800 
0.268000 -0.299200 -1.793400 -0.347300 -0.956200 -1.683600 -3.800500 -0.676200 -1.926700 -5.284500 -1.716100 -2.619400 
0.270000 -0.529000 -1.687300 -0.576100 -0.369200 -1.620300 -1.093100 -2.912900 -0.453100 -1.559300 -7.254500 -5.627500 
0.272000 -0.406300 -0.861700 -1.003500 -2.169300 -1.031700 -0.979700 -1.073300 -1.335100 -1.038200 -9.031700 -1.766000 
0.274000 -1.652100 -0.858200 -1.572200 -1.051700 -1.173800 -1.406700 -3.800100 -1.015600 -5.212900 -5.413400 -1.564300 
0.276000 -0.886300 -1.487000 -0.884000 -4.212600 -0.255500 -0.839500 -2.540300 -0.986900 -0.778700 -1.385800 -0.660500 
0.278000 -0.274000 -1.204800 -1.730400 -0.924600 -1.385700 -1.615900 -0.743700 -1.722400 -1.868700 -0.091000 -10.758600 
0.280000 -1.026100 -1.041800 -0.563700 -0.532200 -0.982500 -0.541600 -2.907800 -0.695000 -0.767900 -1.796600 -8.907900 
0.282000 -1.597600 -1.487400 -1.166800 -0.966500 -0.915900 -3.150800 -2.538000 -0.165700 -0.701100 -0.579000 -9.626000 
0.284000 -2.371500 -0.851000 -0.582400 -0.297800 -1.288900 -1.071300 -2.649300 -1.610400 -1.475200 -2.340300 -9.940300 
0.286000 -1.675500 -0.566500 -2.071600 -0.495400 -1.841600 -1.411300 -2.533400 -0.517100 -2.115100 -9.487100 -11.033700 
0.288000 -0.480800 -0.970100 -1.089700 -1.691000 -1.065200 -3.433600 -0.454700 -0.657200 -0.851300 -8.673900 -14.642800 
0.290000 -0.709200 -1.398000 -1.246100 -0.839300 -0.325000 -2.370100 -1.603700 -1.062700 -1.112400 -2.337500 -13.116600 
0.292000 -0.912000 -2.144000 -1.303300 -0.781300 -2.334000 -1.112500 -0.902300 -2.292700 -4.467300 -2.922700 -11.483800 
0.294000 -1.385200 -1.061400 -1.448000 -2.363000 -0.981300 -0.609900 -1.850800 -4.056400 -5.429800 -5.994200 -12.146500 
0.296000 -1.344900 -0.887100 -1.237200 -0.504000 -1.047300 -1.361100 -2.009100 -1.713000 -0.841900 -10.905700 -11.168500 
0.298000 -1.974400 -2.046100 -0.474900 -1.197900 -0.476900 -1.182600 -1.052200 -1.089100 -4.530400 -8.451300 -11.443800 
0.300000 -0.581300 -1.123500 -1.162200 -0.471700 -0.261500 -2.120800 -0.561100 -1.606900 -0.749000 -1.788000 -3.750100 
0.302000 -2.261800 -0.902300 -1.349600 -0.378600 -1.354600 -1.026100 -1.059700 -0.391200 -2.743700 -2.347000 -11.255100 
0.304000 -0.421400 -1.189100 -0.642300 -2.403800 -5.322100 -2.799700 -1.780900 -0.455400 -13.289300 -1.616000 -9.576600 
0.306000 -1.013000 -0.764800 -0.805100 -1.207000 -0.480700 -3.144700 -0.832100 -0.743900 -4.234100 -3.469700 -12.419000 
0.308000 -2.055500 -0.945400 -1.207000 -1.962800 -3.817300 -1.105600 -0.913800 -1.543900 -5.339500 -9.746000 -10.241000 
0.310000 -1.434300 -0.547000 -1.047100 -0.363700 -2.690900 -1.612100 -1.222600 -0.277800 -2.978300 -4.018100 -12.448100 
0.312000 -1.518000 -0.955400 -1.188400 -0.498800 -0.942100 -2.995900 -1.138900 -1.408900 -4.757000 -4.324900 -12.844100 
0.314000 -1.716300 -1.188100 -1.024100 -1.525900 -1.901400 -0.222700 -0.483600 -1.301100 -5.261500 -9.005800 -4.779600 
0.316000 -0.647000 -1.338400 -0.863300 -1.612600 -0.389500 -1.854000 -5.326600 -0.758800 -3.929200 -6.034700 -13.348000 
0.318000 -0.704100 -0.580200 -0.581200 -2.092000 -1.537100 -1.379600 -1.005100 -3.753100 -7.959800 -6.681300 -9.635900 
0.320000 -1.761600 -0.723300 -1.668000 -0.391100 -1.446100 -0.381800 -2.509000 -1.326400 -1.861200 -11.222600 -9.865600 
0.322000 -3.125300 -0.856000 -1.510100 -0.366200 -2.062800 -1.092600 -1.699000 -0.678800 -0.725900 -6.537700 -15.787400 
0.324000 -1.800500 -0.501300 -0.888000 -0.934800 -2.607000 -0.728300 -0.747700 -4.041600 -1.824200 -10.222200 -18.867500 
0.326000 -1.348200 -0.407300 -1.484900 -1.338500 -1.970300 -0.857600 -0.263300 -1.170100 -0.901800 -5.847100 -5.875700 
0.328000 -0.465900 -0.781700 -1.366300 -0.589600 -3.227900 -1.980700 -1.590200 -0.497200 -0.784600 -1.759800 -5.351300 
0.330000 -2.326000 -1.485800 -0.964200 -0.598100 -0.360200 -2.515900 -2.030400 -1.553000 -1.238400 -3.400200 -21.419300 
0.332000 -0.296400 -0.929300 -2.044700 -0.708600 -1.113600 -1.290000 -6.063900 -1.004000 -1.718000 -3.854400 -9.933300 
0.334000 -0.804500 -0.805600 -0.638500 -2.011500 -0.374400 -0.260300 -1.822000 -0.089800 -0.636100 -7.917600 -14.264100 
0.336000 -0.547800 -2.045200 -0.595300 -0.848300 -1.883900 -0.677200 -0.517000 -2.985700 -3.811500 -2.674500 -8.599700 
0.338000 -0.982900 -2.525200 -1.629400 -0.730500 -2.678100 -1.235000 -1.981400 -0.815900 -2.311800 -8.767600 -30.245100 
0.340000 -1.694800 -0.801700 -1.509800 -1.929300 -1.067200 -0.436400 -1.447600 -1.123100 -1.359500 -4.615600 -8.249200 
0.342000 -0.207400 -0.374400 -1.997400 -1.075000 -0.416100 -2.237300 -2.079600 -0.317600 -7.024500 -6.058700 -15.404700 
0.344000 -0.638500 -0.773600 -0.770200 -1.861400 -0.876200 -2.387500 -0.786000 -1.573400 -10.357900 -8.303400 -6.512500 
0.346000 -0.948700 -0.701200 -0.862600 -2.090300 -2.193300 -3.634700 -0.712400 -8.310300 -6.663500 -7.724300 -8.190100 
0.348000 -0.732300 -0.407900 -0.488800 -2.759400 -2.814700 -1.319100 -0.893100 -2.389400 -9.287000 -5.348800 -3.731200 
0.350000 -0.538700 -0.839300 -0.933100 -0.378200 -0.937200 -0.587500 -0.575300 -3.094200 -3.139600 -3.073400 -3.255600 
0.352000 -0.830200 -0.375100 -1.304400 -0.962000 -1.520800 -0.910700 -1.164300 -1.172600 -0.768400 -9.053200 -5.934800 
0.354000 -0.474600 -0.588600 -1.027100 -0.990200 -1.526400 -1.835500 -1.059900 -1.040800 -1.185100 -4.342700 -16.901700 
0.356000 -1.787600 -0.652400 -1.054700 -0.931500 -0.747100 -1.024000 -2.197300 -4.806800 -0.386000 -8.633900 -8.187000 
0.358000 -0.960200 -0.333100 -2.650400 -0.873800 -2.756000 -1.477500 -1.062200 -4.540500 -0.664100 -13.612500 -7.283900 
0.360000 -0.581100 -1.473100 -1.185900 -0.558800 -1.196300 -1.487300 -4.326000 -0.539000 -2.023800 -2.642100 -9.405500 
0.362000 -0.321700 -0.615200 -1.563300 -1.125500 -1.217000 -1.815800 -3.554700 -2.449600 -0.928200 -3.427100 -12.102000 
0.364000 -0.994900 -1.406900 -1.132900 -1.159100 -1.900900 -1.154400 -0.983100 -0.880900 -2.670700 -1.983100 -8.081800 
0.366000 -0.913800 -1.482300 -3.084400 -0.238400 -3.026700 -1.573800 -1.471500 -3.433400 -2.172000 -6.999300 -5.956200 
0.368000 -0.375400 -1.252200 -3.011500 -0.417600 -1.798000 -0.482300 -0.758500 -1.183800 -0.914700 -1.401900 -7.234000 
0.370000 -0.473500 -1.203700 -1.183500 -0.761900 -1.585800 -2.438900 -2.291000 -0.759900 -2.966200 -3.563700 -10.870700 
0.372000 -2.023300 -0.872000 -0.878300 -0.326300 -2.650000 -0.903200 -2.215100 -0.195800 -1.631900 -6.685500 -4.433300 
0.374000 -0.188400 -0.211000 -2.226400 -1.094000 -1.944200 -1.403200 -1.090300 -2.455900 -0.541300 -1.980000 -7.306800 
0.376000 -1.382600 -0.819000 -2.289300 -0.940700 -0.969300 -1.008700 -0.591600 -1.566100 -1.776800 -2.790700 -5.980900 
0.378000 -0.503000 -1.107500 -1.683800 -0.713200 -1.431100 -3.982500 -3.860000 -1.766800 -1.023500 -0.763400 -9.404200 
0.380000 -2.145500 -1.893700 -1.938900 -0.846200 -1.339300 -1.304200 -3.418600 -0.753600 -0.952600 -0.319500 -13.089800 
0.382000 -0.626600 -1.990300 -1.030800 -0.712000 -2.644400 -1.244500 -0.672300 -2.340500 -3.135500 -2.742700 -9.021900 
0.384000 -1.173900 -1.722000 -1.203600 -1.142600 -0.842000 -1.176700 -1.138100 -2.602300 -2.693000 -17.848400 -7.711100 
0.386000 -0.919200 -0.724300 -1.323400 -0.427700 -2.472600 -1.436300 -0.752900 -0.918900 -3.039600 -7.821400 -8.018200 
0.388000 -0.489000 -1.059500 -0.529800 -1.471300 -2.471000 -0.228700 -1.406500 -1.366800 -1.339600 -8.568400 -9.810800 
0.390000 -0.518700 -0.444100 -1.285400 -0.381900 -1.188800 -1.087200 -3.401800 -1.147400 -1.491200 -1.931200 -6.997000 
0.392000 -0.317900 -0.492800 -0.482700 -1.253500 -1.273600 -1.241900 -0.692800 -1.345700 -1.114900 -9.274800 -9.651500 
0.394000 -0.911800 -0.390300 -1.612300 -0.623000 -1.316200 -1.812000 -0.750200 -2.084400 -2.095000 -5.883700 -6.163100 
0.396000 -0.382400 -0.381800 -0.926000 -2.530600 -0.235100 -1.990800 -2.205800 -0.868800 -1.783300 -4.338400 -11.030600 
0.398000 -0.461800 -0.636800 -0.420000 -0.608900 -0.727700 -4.851600 -1.669300 -2.843600 -1.356900 -10.628300 -32.284900 
0.400000 -0.948200 -0.723800 -0.133900 -0.562600 -0.787500 -1.416400 -3.626600 -1.585500 -0.918700 -6.246000 -4.028000 
0.402000 -0.968500 -1.558100 -0.828700 -0.377900 -0.381300 -3.789100 -1.927100 -1.093700 -2.642400 -15.383500 -6.654000 
0.404000 -0.306600 -0.635600 -1.259000 -2.602300 -0.637600 -2.041400 -2.652800 -1.144300 -2.191000 -10.543500 -9.909900 
0.406000 -0.753900 -2.013200 -2.062700 -0.352900 -0.562800 -1.194000 -1.042300 -0.867000 -4.739600 -10.579800 -4.885100 
0.408000 -0.841900 -1.594600 -2.059400 -2.232400 -0.514900 -0.775600 -0.935400 -4.035000 -8.681900 -15.567900 -10.243500 
0.410000 -1.258700 -0.413000 -0.540000 -0.238100 -0.773200 -1.323200 -1.375700 -3.663200 -6.518600 -8.582400 -10.449400 
0.412000 -0.323400 -2.112700 -2.628300 -1.265600 -1.053300 -1.703700 -2.247000 -2.012100 -4.600400 -7.998600 -7.629500 
0.414000 -1.836500 -0.775700 -1.152000 -1.216500 -2.596900 -0.747400 -1.621400 -2.954800 -4.526700 -3.372800 -4.760200 
0.416000 -0.969800 -0.976400 -0.790700 -0.564100 -1.800200 -1.746500 -2.734800 -1.437800 -6.363400 -1.365900 -0.988200 
0.418000 -0.992900 -0.843600 -1.054800 -3.654800 -0.654900 -2.055800 -1.892400 -1.580400 -3.527800 -10.366100 -5.262500 
0.420000 -0.487400 -0.632500 -0.797300 -1.655400 -0.126400 -1.150300 -4.531900 -1.385100 -1.418100 -9.153600 -2.981600 
0.422000 -2.426800 -0.444100 -0.915000 -1.648300 -2.095600 -0.751500 -2.815200 -7.940700 -0.727600 -8.954700 -4.233700 
0.424000 -1.116000 -0.609200 -0.782300 -0.451800 -0.554800 -0.315200 -4.884300 -2.209000 -1.543600 -6.097800 -10.573500 
0.426000 -0.235600 -0.411700 -1.026500 -0.786700 -4.755300 -1.922000 -5.810400 -2.358700 -1.417900 -2.897500 -8.627700 
0.428000 -0.599000 -0.837900 -0.977000 -1.803400 -3.717800 -1.959300 -3.676500 -2.201800 -0.239600 -2.637300 -6.095900 
0.430000 -1.119100 -0.666400 -1.173900 -1.314800 -8.193300 -0.922200 -0.879100 -0.768400 -1.894100 -6.863900 -7.972100 
0.432000 -1.441300 -0.674600 -1.545600 -2.037300 -0.682800 -1.136100 -5.718800 -3.008200 -1.525700 -3.227800 -6.808700 
0.434000 -0.120400 -0.985300 -0.594400 -0.359800 -0.661100 -0.928800 -1.314300 -2.830600 -1.187600 -3.346100 -8.351100 
0.436000 -2.656000 -0.842100 -0.788400 -1.392900 -1.774000 -2.388200 -4.571100 -1.096700 -3.484800 -0.713700 -13.352500 
0.438000 -1.335200 -0.806500 -1.900300 -0.757600 -1.473600 -0.847900 -2.092300 -0.765300 -5.788800 -0.756300 -8.356900 
0.440000 -1.209400 -0.647700 -2.291400 -1.568800 -1.043700 -2.137400 -1.360100 -2.741100 -3.117700 -6.397700 -8.125300 
0.442000 -1.062600 -0.577000 -1.951500 -1.221100 -0.515000 -4.046500 -2.457000 -0.443600 -1.472700 -1.865500 -7.661100 
0.444000 -0.981100 -1.034800 -0.318500 -0.994200 -0.785300 -0.214900 -2.300300 -0.507000 -0.851900 -3.804800 -13.883900 
0.446000 -0.827500 -0.975900 -1.264000 -1.820800 -2.339700 -2.022400 -0.725900 -1.752400 -1.782400 -0.727400 -11.497300 
0.448000 -0.526900 -1.041200 -2.910900 -1.839900 -2.249500 -1.203400 -2.983500 -1.255200 -5.529100 -0.822400 -10.924300 
0.450000 -0.351900 -2.087800 -1.270600 -0.299700 -2.506200 -0.851000 -0.768200 -4.397300 -0.915300 -0.836200 -7.560200 
0.452000 -0.976200 -0.777600 -0.914600 -1.814600 -0.574500 -1.441300 -4.175300 -1.980900 -0.185200 -0.664900 -14.804300 
0.454000 -0.633300 -1.464400 -1.225200 -0.958300 -1.442900 -3.746000 -1.405500 -1.279600 -0.994200 -1.063200 -10.640900 
0.456000 -0.450900 -0.475500 -0.789300 -2.871100 -1.917200 -1.600900 -2.295000 -1.108200 -2.272900 -1.327900 -11.954600 
0.458000 -0.297800 -3.428200 -0.748700 -1.121400 -0.545900 -0.970300 -3.060900 -0.817100 -0.792400 -0.525500 -7.824800 
0.460000 -0.838000 -0.791300 -0.922300 -0.558900 -2.755000 -2.494600 -3.943700 -1.379000 -0.359100 -2.553800 -5.985400 
0.462000 -0.661500 -0.098700 -1.359900 -0.196700 -1.239400 -5.896000 -1.940200 -0.918400 -0.350500 -1.500200 -11.227500 
0.464000 -2.067400 -1.320900 -1.120700 -0.581600 -2.632000 -0.598900 -4.728300 -0.456600 -2.757100 -8.056800 -6.807900 
0.466000 -1.279000 -0.657000 -0.601200 -1.114400 -0.818700 -2.725200 -5.518700 -1.952400 -0.741800 -3.428400 -8.952100 
0.468000 -1.079800 -1.852100 -1.127600 -0.280300 -1.924700 -1.706700 -4.614400 -0.968400 -1.880000 -1.468300 -10.042500 
0.470000 -0.351400 -3.503000 -1.267800 -0.590600 -1.950600 -0.989900 -6.278100 -2.596700 -1.879100 -1.475900 -11.008500 
0.472000 -0.760300 -1.313900 -1.490000 -2.582600 -1.324800 -3.144700 -4.981600 -0.491100 -3.223600 -4.449500 -6.660000 
0.474000 -1.143400 -2.249100 -0.509200 -0.341300 -1.759900 -1.216800 -1.007200 -2.294800 -6.704300 -1.431500 -6.253600 
0.476000 -0.929700 -0.989900 -1.355400 -1.207300 -1.230400 -1.777600 -0.942300 -1.875300 -6.611800 -3.286600 -5.042300 
0.478000 -1.138200 -1.707400 -0.821100 -1.587400 -1.907400 -1.364400 -2.804800 -1.267700 -1.894700 -2.384500 -5.185300 
0.480000 -1.876000 -3.182300 -1.301500 -1.489000 -0.448300 -0.711600 -1.214500 -1.641800 -7.863600 -2.984300 -4.335900 
0.482000 -0.194600 -1.964500 -1.374200 -2.142300 -0.438600 -1.201100 -5.282300 -3.090900 -4.026800 -5.081000 -2.322700 
0.484000 -1.162800 -1.719800 -0.782100 -2.734200 -0.531600 -1.154300 -0.477400 -2.646700 -3.688800 -0.591200 -6.640400 
0.486000 -1.559300 -1.420100 -1.115300 -1.339000 -1.511100 -1.000400 -3.235900 -5.222000 -2.849000 -3.748300 -6.590500 
0.488000 -0.714800 -0.414900 -0.884900 -0.886400 -0.186600 -1.610200 -1.694900 -1.817100 -2.259800 -2.263200 -14.534700 
0.490000 -0.378600 -0.697500 -0.687700 -0.345200 -0.719900 -2.316500 -3.521900 -3.209300 -2.175900 -3.193300 -4.061900 
0.492000 -0.496200 -2.034700 -0.490700 -0.668300 -2.040600 -0.673000 -1.085000 -0.960700 -1.991000 -0.648200 -6.188000 
0.494000 -0.578100 -2.441000 -0.989500 -1.439300 -0.891400 -0.519300 -2.813800 -0.524600 -0.665500 -3.887100 -3.310700 
0.496000 -1.406500 -0.929600 -1.373200 -1.281300 -2.156800 -1.422900 -1.197100 -4.425900 -1.375700 -4.359400 -9.829400 
0.498000 -0.474000 -1.914100 -1.117400 -1.141800 -1.006700 -2.573200 -4.364500 -4.408800 -5.870500 -4.535300 -5.775600 
0.500000 -0.272600 -0.857900 -2.840700 -0.727200 -0.510400 -2.036900 -1.040900 -0.881400 -2.984600 -12.560800 -6.188900 
0.502000 -0.678000 -0.792300 -1.955000 -0.689700 -1.597100 -1.116200 -0.627500 -0.933800 -2.677500 -10.835600 -3.433800 
0.504000 -2.042200 -0.636200 -0.928000 -0.840700 -1.085900 -2.728300 -0.499900 -1.972700 -2.905900 -1.111500 -1.820800 
0.506000 -1.400000 -0.340900 -0.097100 -1.791300 -1.167300 -1.783800 -1.510300 -1.260900 -3.212500 -7.439000 -7.104800 
0.508000 -1.653400 -0.170600 -0.834400 -0.532600 -1.217100 -1.249500 -0.437800 -4.402600 -1.469700 -1.544000 -2.704400 
0.510000 -0.999800 -1.474500 -1.190800 -0.857100 -1.239700 -0.703500 -0.779900 -2.577300 -10.261600 -7.218200 -3.947800 
0.512000 -1.330100 -0.623200 -0.478700 -0.594300 -1.219000 -1.043000 -2.142700 -2.721000 -2.333800 -9.476700 -11.481900 
0.514000 -0.848400 -0.673700 -1.332100 -1.001000 -1.665500 -1.745200 -2.274000 -2.308800 -1.884900 -10.832800 -4.908600 
0.516000 -2.240900 -0.463500 -0.832600 -0.640200 -0.270800 -4.332700 -2.226800 -0.893100 -1.431300 -4.500400 -4.277600 
0.518000 -0.764300 -1.266200 -0.486400 -1.540000 -2.629600 -3.988700 -1.298300 -1.205600 -1.673400 -0.635500 -7.636400 
0.520000 -0.478700 -0.598500 -0.779300 -0.626400 -0.694700 -2.428600 -0.517900 -0.187700 -3.291800 -1.487400 -9.842400 
0.522000 -1.009300 -1.388200 -0.528200 -2.865400 -2.652300 -1.353300 -1.962000 -1.049500 -0.805300 -1.266100 -9.187400 
0.524000 -1.587000 -0.660300 -1.044000 -3.115100 -0.833200 -0.810400 -0.731600 -1.990400 -0.504300 -13.527400 -4.471800 
0.526000 -0.346200 -1.353600 -0.956300 -2.563000 -0.627700 -0.454600 -0.639000 -1.386400 -1.023200 -9.325300 -7.152400 
0.528000 -0.981500 -0.643700 -1.170400 -2.464900 -0.422700 -2.076700 -2.501100 -3.977700 -1.079000 -10.285200 -3.930100 
0.530000 -1.004600 -1.233200 -0.343900 -3.709900 -0.272200 -0.603800 -3.600700 -0.761800 -1.855300 -5.946700 -3.688700 
0.532000 -2.367300 -1.704100 -0.219000 -3.276000 -0.262900 -4.825200 -3.433100 -0.174000 -0.894200 -2.570500 -9.653600 
0.534000 -0.556100 -0.482600 -0.347500 -2.348500 -1.438000 -1.653300 -3.544600 -1.338500 -3.673200 -3.607500 -7.378600 
0.536000 -1.594400 -0.511900 -1.497300 -4.082100 -2.228700 -3.746200 -2.463800 -1.743900 -0.269000 -2.015500 -7.746600 
0.538000 -2.081500 -2.521400 -0.619100 -2.654100 -1.023800 -0.202400 -3.035300 -0.967200 -1.530500 -0.963900 -6.903300 
0.540000 -0.497000 -1.050200 -0.711900 -1.206000 -0.247200 -1.228300 -6.710100 -1.136500 -1.146100 -5.091100 -4.070300 
0.542000 -1.266600 -0.846600 -0.870400 -3.707900 -1.292300 -2.128300 -10.210400 -1.479500 -1.173100 -4.675200 -2.692700 
0.544000 -0.385900 -0.067500 -0.479000 -1.085600 -0.345600 -0.973900 -6.294800 -2.394200 -2.099500 -2.134900 -4.338000 
0.546000 -1.763500 -0.866500 -0.574100 -0.819000 -0.233200 -0.671400 -4.847400 -0.900600 -1.291300 -5.424100 -23.441400 
0.548000 -1.455300 -0.790000 -1.003500 -2.529400 -1.759100 -1.481700 -6.287400 -2.090700 -3.408200 -2.775200 -4.707800 
0.550000 -1.258200 -0.724800 -0.309400 -1.553000 -0.904900 -1.090100 -3.893200 -1.248700 -1.380300 -5.319600 -6.923200 
0.552000 -1.015800 -0.690500 -2.178800 -0.338400 -1.286100 -0.793400 -7.043400 -0.595700 -2.570000 -0.906600 -2.026000 
0.554000 -0.604600 -1.287600 -0.176600 -0.539900 -2.048400 -0.554500 -4.993500 -0.553800 -4.952100 -5.959300 -3.619700 
0.556000 -0.799800 -2.383100 -0.694300 -0.599400 -0.959300 -0.363700 -5.314900 -2.235500 -5.620600 -6.782600 -2.909600 
0.558000 -0.672300 -0.724100 -1.498000 -0.542100 -0.720200 -0.950000 -4.710900 -0.695600 -3.317000 -2.389400 -5.419400 
0.560000 -0.618600 -0.480400 -1.564600 -1.727500 -1.581400 -1.248800 -8.337400 -1.277600 -3.416700 -1.158700 -6.995100 
0.562000 -2.152400 -0.363500 -2.319300 -1.946200 -0.181400 -1.785200 -8.768900 -0.475800 -3.490600 -1.989500 -9.437100 
0.564000 -0.955800 -1.283400 -1.261300 -0.534700 -1.283700 -1.667900 -3.462100 -0.676700 -1.694900 -1.119900 -6.864400 
0.566000 -0.451200 -1.493000 -1.995500 -1.280000 -0.954300 -1.136400 -2.325600 -0.294400 -5.291200 -10.498500 -2.361300 
0.568000 -3.148000 -1.017100 -0.490200 -1.344200 -4.379100 -0.431900 -2.211000 -1.748500 -6.499400 -3.765100 -4.069600 
0.570000 -0.294500 -1.530200 -0.975400 -0.978900 -0.865100 -8.543500 -2.013800 -0.694100 -0.939600 -9.205300 -3.127500 
0.572000 -0.516800 -0.419000 -0.853300 -0.886900 -1.796000 -2.498200 -4.559000 -2.459100 -0.738700 -4.642800 -8.194400 
0.574000 -1.412800 -1.491600 -1.483700 -1.306600 -1.107000 -0.972800 -3.573200 -1.167400 -3.071600 -6.375500 -13.574300 
0.576000 -1.048200 -1.360100 -1.941000 -1.182900 -1.921800 -0.537800 -5.564700 -1.528800 -1.237500 -2.347200 -6.207400 
0.578000 -0.939100 -1.600900 -1.280700 -0.693600 -2.994000 -1.677700 -3.812700 -2.208900 -4.482300 -5.708700 -5.996600 
0.580000 -1.885600 -1.375300 -2.391600 -0.914800 -1.363900 -4.145400 -3.617200 -1.671100 -3.019100 -4.068700 -3.918100 
0.582000 -0.700900 -1.395900 -0.970000 -0.502500 -0.187400 -4.288500 -1.086800 -3.293600 -1.631900 -6.824300 -6.613100 
0.584000 -1.499500 -0.457600 -0.863900 -0.308800 -0.620200 -0.323000 -4.752400 -3.189200 -0.742700 -1.147100 -12.355300 
0.586000 -0.488300 -0.292700 -1.444800 -1.267400 -0.430600 -1.227200 -1.791200 -0.874800 -1.369900 -0.662100 -6.154700 
0.588000 -0.561900 -1.186200 -1.459400 -1.037200 -1.019400 -1.090300 -1.054500 -0.784300 -3.720700 -2.517400 -12.053900 
0.590000 -1.161600 -0.192900 -1.314200 -1.216400 -0.945700 -1.521400 -2.494600 -2.016100 -1.386300 -6.234500 -11.287900 
0.592000 -0.745100 -0.543600 -0.975600 -0.954700 -0.911500 -3.648800 -1.403200 -1.743000 -1.451400 -1.205200 -29.421900 
0.594000 -0.721200 -1.977100 -0.594700 -0.977900 -0.662500 -0.258200 -1.869400 -1.156300 -2.908000 -2.465300 -6.798600 
0.596000 -0.252200 -0.671400 -0.314200 -0.865800 -0.286900 -0.982400 -2.452400 -1.928400 -2.151700 -2.648500 -6.602400 
0.598000 -0.711200 -1.465300 -1.294700 -1.321400 -0.616700 -1.814400 -4.464800 -2.064700 -4.341200 -2.595100 -5.814200 
0.600000 -0.893200 -1.267900 -0.540300 -2.579700 -0.429200 -0.924500 -2.626200 -2.203400 -1.644600 -1.295600 -9.133700 
0.602000 -2.065600 -0.679200 -0.089300 -0.955800 -1.308500 -2.159200 -5.421500 -4.283100 -1.033300 -3.094400 -17.368100 
0.604000 -0.748200 -1.247000 -1.400500 -1.212400 -1.938500 -3.178300 -5.000700 -1.467200 -1.436900 -1.640600 -11.927800 
0.606000 -0.663300 -0.999400 -1.689300 -0.893100 -0.318100 -1.777500 -4.587300 -2.504000 -2.553400 -1.426200 -13.611000 
0.608000 -1.383300 -1.155500 -0.932200 -1.974600 -4.232700 -0.580900 -3.474900 -1.213100 -1.151600 -5.368900 -7.559400 
0.610000 -0.917200 -0.657100 -0.766000 -2.053600 -1.515400 -1.423000 -1.480000 -1.635500 -0.928200 -1.334700 -6.003100 
0.612000 -0.980400 -1.540400 -0.689600 -1.541600 -5.256500 -1.767200 -2.792800 -3.595400 -1.814600 -1.746100 -7.621700 
0.614000 -0.205100 -1.153400 -1.103300 -0.225200 -0.417000 -1.066200 -2.464100 -0.893700 -0.472600 -5.699200 -7.277300 
0.616000 -0.905000 -0.315600 -1.993100 -0.672100 -2.049800 -2.753400 -2.779700 -0.354500 -5.730000 -4.440500 -4.887700 
0.618000 -0.395100 -0.266500 -1.977500 -1.167600 -0.788000 -2.309800 -0.483600 -0.705600 -3.226100 -5.850600 -3.074700 
0.620000 -1.248500 -0.697800 -1.461800 -1.163200 -1.223500 -1.676800 -2.084900 -0.713900 -3.317700 -8.163800 -6.680200 
0.622000 -0.608600 -0.777300 -1.962100 -1.174500 -0.478700 -0.588500 -1.331000 -1.620300 -2.590300 -6.101200 -6.376300 
0.624000 -0.947200 -0.335800 -1.729900 -2.254400 -3.162400 -0.447600 -3.061400 -2.281000 -2.509700 -4.278800 -6.415600 
0.626000 -1.373800 -0.975600 -1.339800 -3.851700 -4.780100 -1.947300 -7.477000 -2.134800 -3.787900 -4.556900 -6.788500 
0.628000 -1.376900 -0.239700 -0.421100 -2.690600 -0.800000 -2.458000 -2.336100 -0.914800 -2.294700 -5.735300 -5.502000 
0.630000 -2.221600 -1.185800 -0.793700 -1.129100 -1.626300 -0.547800 -1.399000 -0.796300 -3.393100 -1.087900 -8.213200 
0.632000 -0.795600 -0.625900 -0.502400 -1.117500 -1.334600 -0.601200 -1.549300 -1.294300 -2.184400 -4.868700 -7.172600 
0.634000 -1.153800 -1.287800 -0.836200 -0.884500 -0.588300 -1.253100 -0.685200 -0.854300 -1.380600 -11.082500 -9.774200 
0.636000 -1.309500 -0.467000 -1.951300 -0.832400 -3.082200 -2.123400 -1.637600 -2.488300 -2.114200 -3.197800 -16.442200 
0.638000 -2.532600 -0.615900 -0.962800 -4.398400 -0.145400 -2.401700 -0.590600 -1.419200 -3.109100 -4.815800 -6.458600 
0.640000 -0.879800 -0.488700 -0.939200 -1.119000 -1.902100 -1.425500 -2.651200 -1.870900 -5.385500 -8.079100 -24.345600 
0.642000 -0.622200 -2.976600 -0.339100 -1.715700 -1.801600 -1.792500 -4.692700 -1.476200 -3.669800 -0.286100 -8.359700 
0.644000 -0.715100 -0.350400 -0.922400 -0.984500 -0.702500 -2.396000 -0.261800 -0.615000 -2.874000 -1.270100 -7.432800 
0.646000 -0.392000 -1.006300 -0.644700 -1.679100 -0.534300 -0.797900 -3.102700 -2.074500 -1.743900 -2.444400 -10.036700 
0.648000 -0.684800 -1.007100 -1.068700 -1.040700 -1.440000 -1.027900 -0.891100 -3.158900 -2.615200 -5.354600 -11.315000 
0.650000 -0.481700 -0.934900 -1.428900 -1.547600 -2.403500 -2.373200 -2.103300 -0.667900 -1.848400 -1.037800 -2.627200 
0.652000 -0.871400 -0.873900 -0.103000 -1.717600 -0.433600 -4.376000 -0.835800 -1.070300 -0.192800 -6.381500 -6.578100 
0.654000 -1.143900 -1.250800 -1.174400 -0.820500 -0.295100 -2.841000 -3.847800 -0.574700 -0.763500 -2.414900 -6.184700 
0.656000 -1.046700 -1.841000 -0.647100 -1.018200 -1.122200 -3.669000 -1.494200 -1.265700 -1.180000 -5.778000 -6.127800 
0.658000 -1.595100 -1.065700 -0.949000 -1.129500 -1.596800 -1.218700 -1.199200 -2.348300 -7.186200 -6.487900 -16.461000 
0.660000 -0.791600 -0.371200 -1.070600 -0.840000 -1.947500 -3.113300 -2.363600 -1.118500 -4.199400 -2.582400 -13.196400 
0.662000 -0.598600 -0.951000 -0.304600 -1.130900 -1.081900 -2.330000 -1.439300 -14.239000 -0.693900 -2.923500 -12.191500 
0.664000 -1.620700 -1.026000 -0.582800 -1.292400 -4.307400 -2.795300 -0.550500 -1.499300 -5.783200 -3.654200 -7.746800 
0.666000 -0.570300 -0.559000 -1.181600 -2.730600 -1.925900 -1.915000 -1.277200 -2.731000 -4.570100 -3.957700 -8.393300 
0.668000 -1.935100 -0.496700 -3.226600 -0.352800 -2.598000 -2.608800 -1.278900 -2.403500 -4.352000 -3.035000 -15.478800 
0.670000 -0.779100 -0.978600 -0.760200 -0.701500 -1.597300 -2.940400 -2.623400 -0.922500 -3.518800 -0.954600 -12.625300 
0.672000 -1.576800 -2.000000 -0.441900 -1.402400 -2.481400 -2.235800 -3.030000 -0.804000 -2.535400 -8.469000 -9.767600 
0.674000 -4.369500 -0.937600 -0.580600 -0.718000 -4.033900 -3.247000 -4.554200 -1.139900 -3.711400 -7.839900 -3.487900 
0.676000 -0.351900 -0.846500 -2.105700 -1.870200 -6.283500 -4.878800 -5.571800 -0.539400 -3.335400 -7.195200 -7.458400 
0.678000 -0.948100 -1.356700 -1.030100 -0.910900 -3.459200 -0.806800 -5.483300 -1.199700 -2.187400 -2.056400 -16.055900 
0.680000 -0.661200 -0.685800 -1.458000 -0.937500 -1.238500 -4.547900 -5.687500 -1.278500 -2.678700 -4.153400 -9.507100 
0.682000 -0.705000 -0.557800 -0.343200 -2.038700 -2.335600 -1.256200 -5.163600 -1.852400 -1.718100 -0.662700 -9.656300 
0.684000 -0.214900 -1.746900 -0.619600 -0.486300 -0.893600 -1.058700 -3.593300 -0.495300 -1.913400 -0.967500 -9.110500 
0.686000 -2.496900 -0.701200 -0.853000 -0.920900 -1.655900 -0.934800 -3.723200 -3.486600 -5.754400 -3.477900 -14.820400 
0.688000 -0.638600 -1.193700 -0.721300 -0.500600 -0.463800 -0.806300 -1.256800 -2.586600 -3.128800 -0.831000 -8.520800 
0.690000 -1.147700 -0.960400 -0.739500 -1.375200 -1.435400 -3.030100 -1.099900 -2.313700 -0.838100 -4.640400 -11.952500 
0.692000 -2.099900 -0.756600 -1.357600 -2.099100 -0.595100 -3.209700 -2.494800 -1.961700 -7.947100 -1.432900 -3.956500 
0.694000 -0.405800 -0.476000 -0.383900 -0.867000 -1.123700 -1.009600 -0.844500 -1.447500 -3.852900 -3.466100 -10.664900 
0.696000 -0.911600 -1.613800 -1.776300 -0.601700 -1.085900 -0.496000 -3.307700 -6.709500 -1.982700 -3.507900 -7.417700 
0.698000 -0.611200 -0.750600 -1.064300 -1.413700 -1.353900 -3.216100 -2.642400 -0.877800 -0.862500 -1.131900 -4.480900 
0.700000 -0.344400 -1.655200 -0.363800 -1.061700 -0.611600 -0.585200 -2.189000 -1.869600 -4.087600 -0.906600 -11.904200 
0.702000 -1.070800 -0.841400 -0.997800 -1.370000 -1.616200 -3.445800 -1.161700 -2.474800 -1.221200 -2.310700 -9.564000 
0.704000 -1.841000 -1.304200 -0.834200 -1.938200 -1.007000 -0.362000 -1.096500 -2.575500 -0.805700 -1.692500 -14.341700 
0.706000 -0.180800 -1.379500 -1.308000 -0.388000 -1.376800 -1.157500 -1.896600 -1.480900 -0.879300 -0.707600 -11.794600 
0.708000 -1.785900 -0.238000 -1.240100 -0.976900 -2.815600 -1.880000 -1.584200 -1.741300 -1.437800 -1.769300 -10.832700 
0.710000 -1.765000 -0.838300 -1.404700 -1.166100 -0.422800 -2.579500 -1.455800 -2.327900 -7.852400 -1.193100 -6.565900 
0.712000 -0.921400 -0.685700 -0.548300 -1.901000 -1.417600 -1.194700 -0.809700 -0.942800 -2.781600 -2.188300 -18.947600 
0.714000 -0.389800 -2.944800 -0.783100 -2.463400 -2.680500 -1.040400 -1.287600 -0.606700 -4.720000 -4.451600 -8.658400 
0.716000 -0.534800 -0.807000 -1.493600 -2.527200 -1.314800 -1.005400 -1.776600 -1.592200 -1.262100 -1.249300 -16.002700 
0.718000 -0.744900 -1.027600 -0.698900 -2.207900 -1.450500 -2.160500 -2.453400 -2.500800 -3.032500 -1.118100 -5.367200 
0.720000 -0.867500 -1.803600 -2.136800 -1.149600 -1.686800 -2.230400 -0.825700 -1.318700 -3.090200 -0.932900 -4.505900 
0.722000 -0.692300 -0.960300 -1.474500 -1.123100 -1.385400 -1.864100 -5.916200 -2.882700 -2.664000 -0.779200 -5.726000 
0.724000 -0.194500 -0.984900 -1.269800 -0.671000 -1.005300 -1.480800 -1.999500 -1.981400 -2.233500 -1.075900 -6.489300 
0.726000 -0.913400 -1.189800 -0.681900 -0.586600 -1.883100 -1.000300 -0.603900 -1.022100 -1.284900 -4.719400 -3.758600 
0.728000 -0.633800 -0.892200 -1.115400 -1.157200 -0.824000 -1.788400 -1.924900 -0.809600 -4.706500 -1.031800 -6.680500 
0.730000 -1.510100 -1.049800 -1.501800 -0.496400 -0.476800 -0.426500 -3.529800 -1.104100 -2.717400 -0.633400 -10.566700 
0.732000 -0.992700 -0.831300 -0.802600 -0.669900 -0.647100 -0.511800 -1.571100 -1.090400 -0.941400 -0.855100 -11.464400 
0.734000 -0.141900 -1.427800 -0.923000 -1.449300 -0.902000 -3.471700 -0.805600 -1.275500 -2.403700 -0.991700 -3.646900 
0.736000 -1.095000 -1.785500 -1.030500 -0.729500 -1.004400 -1.324600 -0.974400 -0.829200 -6.033000 -1.349000 -6.481600 
0.738000 -0.259600 -0.796000 -1.029600 -1.721700 -1.117200 -1.406900 -2.312300 -0.462400 -1.856500 -0.605200 -9.505800 
0.740000 -0.701600 -0.745700 -2.848700 -1.500500 -1.503700 -0.853800 -1.213200 -2.204500 -0.428900 -2.058400 -12.414200 
0.742000 -0.772700 -1.011000 -0.497600 -1.830200 -1.068400 -0.258700 -2.560800 -1.693900 -1.538400 -0.522000 -11.475200 
0.744000 -0.442400 -0.451400 -0.861800 -0.926600 -2.989300 -0.211600 -5.659800 -2.600800 -2.407500 -1.773500 -12.546700 
0.746000 -1.320800 -0.675800 -0.712200 -1.502800 -0.822000 -0.849000 -3.634200 -0.669500 -0.456300 -1.307900 -19.007400 
0.748000 -0.756700 -0.734800 -0.894000 -0.948300 -1.407000 -2.818100 -2.096100 -0.841100 -1.877900 -1.297800 -10.535800 
0.750000 -0.284000 -0.561700 -0.464900 -2.104000 -2.318700 -1.184000 -4.816300 -3.463900 -2.145700 -3.340100 -4.170200 
0.752000 -1.668000 -1.494800 -1.112400 -0.801300 -1.042400 -1.266700 -1.911000 -1.293000 -3.145500 -8.122700 -9.238000 
0.754000 -0.637500 -0.990800 -0.497300 -2.499900 -1.732200 -1.135100 -4.136700 -1.034500 -2.864500 -1.638100 -18.159300 
0.756000 -1.025200 -0.680300 -1.649500 -2.794500 -0.705200 -0.960100 -1.385000 -1.084300 -1.071600 -5.075000 -10.339400 
0.758000 -0.386100 -1.600200 -1.622900 -1.337300 -0.705200 -0.825200 -1.010900 -0.945700 -1.912900 -9.922300 -7.249800 
0.760000 -1.193200 -0.280400 -1.043800 -0.967800 -2.692300 -0.887900 -2.092400 -2.964700 -1.320600 -1.834400 -8.380300 
0.762000 -2.559300 -2.235500 -0.418600 -1.225400 -0.281700 -1.103400 -2.550600 -3.191400 -7.866100 -3.244900 -10.744300 
0.764000 -1.684700 -0.167200 -0.570100 -1.088900 -0.555900 -0.432800 -0.611100 -1.569500 -0.203000 -9.381100 -9.683700 
0.766000 -0.975600 -0.868700 -2.192400 -1.018000 -2.030400 -1.297300 -1.975500 -1.869000 -1.821100 -0.142300 -3.235200 
0.768000 -1.797900 -1.200400 -2.738500 -0.920700 -1.045500 -0.871600 -2.499700 -0.473500 -1.134700 -0.199000 -6.609600 
0.770000 -2.201300 -0.969600 -0.816600 -0.395700 -1.154800 -0.690400 -1.561700 -1.216200 -2.295400 -4.910700 -11.180700 
0.772000 -0.972700 -1.721700 -0.888700 -0.979800 -3.219500 -0.532900 -1.296600 -2.293600 -1.972900 -1.574000 -6.959800 
0.774000 -1.146200 -1.100500 -0.969700 -1.384800 -1.040400 -1.615100 -2.081700 -0.378100 -2.117100 -7.338800 -15.106700 
0.776000 -2.053900 -1.734200 -1.196900 -1.271600 -6.329900 -1.503400 -0.895300 -1.220300 -0.277100 -4.527800 -3.100400 
0.778000 -2.612100 -0.153000 -1.221500 -0.977900 -2.096600 -1.345800 -1.036400 -3.014400 -2.123000 -3.250800 -6.273100 
0.780000 -1.327300 -0.581500 -1.362000 -0.700800 -2.366200 -1.020300 -3.008300 -3.089100 -1.621300 -10.741500 -10.241800 
0.782000 -0.403600 -1.600900 -1.274300 -0.937100 -1.761200 -0.522400 -3.997900 -2.425700 -2.606000 -1.486900 -3.525800 
0.784000 -1.066300 -0.289700 -1.274900 -0.304200 -0.273400 -2.221000 -5.060500 -1.808400 -1.600100 -0.759100 -10.346500 
0.786000 -0.961300 -1.311000 -2.639600 -1.577100 -0.781400 -2.648600 -8.116400 -2.482200 -1.180500 -1.733900 -16.354600 
0.788000 -0.322700 -1.167400 -0.556600 -1.733000 -2.599100 -0.542500 -1.371600 -0.726900 -0.922100 -1.627200 -7.664200 
0.790000 -1.539300 -0.726800 -1.342700 -0.674200 -1.401800 -1.527400 -5.028900 -3.034400 -0.836900 -0.681100 -10.638100 
0.792000 -0.628300 -0.885100 -3.458700 -2.714300 -2.066300 -2.468000 -1.821200 -1.344000 -1.597400 -4.763200 -2.756300 
0.794000 -0.874300 -0.893700 -1.137500 -3.286700 -1.418800 -0.714200 -5.352400 -2.229000 -1.140800 -1.409100 -10.093800 
0.796000 -0.659800 -0.327300 -1.376100 -1.107200 -1.850000 -1.047000 -2.716700 -1.119400 -0.767900 -5.498300 -7.200400 
0.798000 -1.814600 -0.585800 -0.399700 -1.032100 -0.479800 -1.568100 -1.428000 -0.729300 -1.131400 -8.128200 -13.740900 
0.800000 -0.196600 -0.292400 -0.541500 -3.857400 -1.151300 -1.194400 -3.173900 -0.763400 -1.160200 -6.349300 -6.093900 
0.802000 -1.355600 -1.449000 -0.531800 -3.141300 -2.526300 -6.404400 -3.790500 -7.519100 -0.378900 -4.444400 -12.131900 
0.804000 -0.979200 -0.175200 -2.495600 -0.566100 -1.086300 -0.955400 -1.771300 -1.751700 -0.663500 -1.549300 -5.584100 
0.806000 -0.952500 -0.451200 -1.037700 -1.005800 -3.037700 -4.247800 -4.386700 -5.345700 -3.944800 -3.973800 -11.369600 
0.808000 -1.109700 -0.771100 -1.195500 -6.468300 -1.391100 -0.631900 -1.132300 -7.410300 -0.304600 -0.503600 -15.612900 
0.810000 -1.332900 -1.227000 -0.463100 -0.607700 -3.483900 -1.902000 -1.491700 -2.381000 -0.879400 -1.478900 -5.372900 
0.812000 -0.531800 -0.799200 -0.339800 -1.531000 -0.315300 -0.944400 -2.380700 -0.441100 -0.218000 -2.307800 -13.223400 
0.814000 -1.188100 -0.809300 -0.521200 -0.961600 -1.818700 -1.871700 -2.347900 -0.204400 -1.037600 -0.330900 -14.126400 
0.816000 -0.857600 -1.157400 -0.455800 -3.960100 -1.080300 -3.270200 -4.521300 -1.917100 -2.748600 -5.249100 -9.175900 
0.818000 -1.155100 -0.631500 -0.140300 -3.474600 -0.660900 -0.971700 -1.069100 -0.811100 -3.758400 -2.273600 -2.450400 
0.820000 -0.851600 -1.303400 -2.003500 -2.143800 -0.828700 -1.840900 -3.508500 -0.356900 -4.236500 -1.038400 -8.157700 
0.822000 -0.243600 -0.512900 -1.614300 -1.499100 -1.406600 -1.235200 -2.641600 -1.530100 -2.086000 -0.553200 -14.892700 
0.824000 -0.706500 -0.757300 -0.504500 -4.282900 -0.972600 -1.015700 -1.051000 -1.060300 -0.780800 -1.602400 -6.128900 
0.826000 -1.673100 -0.611600 -0.871400 -1.750800 -0.636900 -1.462900 -2.020700 -1.966100 -1.593400 -2.001500 -4.301500 
0.828000 -0.435100 -0.771500 -1.515100 -0.654000 -0.540700 -1.372600 -2.410900 -0.866300 -3.026300 -1.365600 -10.361900 
0.830000 -0.326600 -0.955400 -2.573300 -4.091600 -2.129500 -0.227300 -2.245300 -1.035000 -0.804200 -2.033200 -11.946100 
0.832000 -0.906000 -1.410900 -1.239000 -2.159400 -3.343200 -1.632700 -2.438800 -1.981200 -2.872300 -0.300800 -8.945000 
0.834000 -0.856200 -1.102700 -2.114700 -0.207500 -1.039200 -0.475100 -2.720200 -0.634900 -1.728200 -7.880000 -5.108500 
0.836000 -0.319300 -0.245600 -1.151300 -0.943700 -0.646500 -0.689700 -3.032600 -1.783300 -1.195900 -3.604700 -9.005500 
0.838000 -1.335600 -1.296600 -0.318000 -2.534600 -0.718100 -0.289400 -3.524600 -1.456900 -1.608700 -7.154400 -7.029600 
0.840000 -0.282600 -0.664000 -0.548700 -1.884200 -1.081900 -0.809000 -3.697900 -3.288400 -2.150000 -1.554800 -11.245600 
0.842000 -0.506800 -0.714400 -1.017700 -0.722500 -1.275400 -0.700100 -1.388300 -1.384000 -1.048700 -1.329800 -6.742900 
0.844000 -1.256500 -0.315400 -0.897200 -1.689300 -0.698000 -2.016500 -1.408100 -0.944700 -1.245400 -2.247400 -8.569200 
0.846000 -0.161100 -0.501800 -1.383000 -0.842400 -1.481800 -1.031300 -1.091300 -2.022900 -0.260600 -5.164000 -4.204200 
0.848000 -0.070000 -1.484600 -1.900200 -0.282500 -0.480300 -0.756000 -7.731300 -3.132800 -1.208900 -5.749600 -8.199300 
0.850000 -1.184100 -1.663300 -0.539300 -1.800200 -0.842600 -0.729100 -2.269300 -1.577900 -0.318900 -1.931800 -3.491900 
0.852000 -0.844200 -0.409600 -1.364900 -0.214600 -0.714800 -3.422600 -0.779400 -0.515000 -1.634100 -11.186000 -10.481500 
0.854000 -2.309500 -0.436000 -1.813700 -1.749100 -3.061000 -2.873500 -1.735200 -0.894700 -1.011200 -1.465700 -12.560800 
0.856000 -1.443800 -0.325500 -1.161700 -2.811500 -1.331200 -4.834100 -0.794600 -1.606400 -0.494400 -1.642700 -14.246300 
0.858000 -0.575800 -1.108100 -2.241600 -2.233700 -1.468100 -3.249100 -1.179800 -4.536700 -1.230200 -1.017400 -10.185600 
0.860000 -0.788400 -1.204700 -1.268800 -1.391100 -0.553100 -4.067000 -2.062800 -1.037200 -0.452300 -1.080300 -11.730400 
0.862000 -0.465300 -0.753000 -1.496100 -0.738900 -0.370500 -1.259900 -1.659800 -0.640100 -1.539300 -1.323200 -5.304700 
0.864000 -0.969400 -0.608400 -1.207000 -1.739800 -0.390200 -3.419100 -0.991400 -0.727100 -3.568300 -3.158600 -20.011900 
0.866000 -1.243000 -0.319600 -4.150300 -2.830000 -1.154300 -2.817100 -0.824900 -1.119400 -1.146500 -7.831800 -3.581700 
0.868000 -0.318100 -2.407200 -1.996500 -3.291400 -1.871200 -0.796200 -2.356700 -2.058000 -2.059900 -0.865600 -8.135200 
0.870000 -0.704800 -0.587500 -1.573700 -2.579400 -1.669100 -1.337300 -2.313600 -3.718800 -1.351000 -1.127200 -8.552200 
0.872000 -0.447800 -1.790500 -1.948500 -1.417800 -0.448000 -0.596600 -2.110600 -2.241800 -1.720000 -5.703900 -13.649100 
0.874000 -0.655100 -0.478700 -0.826700 -1.636800 -1.075400 -1.737000 -1.647300 -0.776000 -6.205300 -1.468400 -8.434300 
0.876000 -1.452300 -0.125800 -0.631800 -0.781000 -0.729000 -3.136900 -1.170900 -2.817100 -1.732800 -1.721900 -14.301300 
0.878000 -0.914300 -0.835900 -1.370200 -2.475300 -1.089400 -3.927000 -3.039800 -2.114400 -2.294600 -0.797000 -6.067100 
0.880000 -1.438600 -1.610100 -2.982000 -0.891000 -1.897800 -0.872500 -2.752500 -1.414200 -5.573800 -1.356500 -9.312300 
0.882000 -1.822400 -0.994100 -0.296700 -0.857200 -0.918100 -4.633200 -2.188300 -0.478700 -2.446400 -6.530000 -15.777800 
0.884000 -0.732700 -0.362400 -1.729600 -1.710700 -1.917300 -3.814100 -1.098200 -2.564500 -1.689700 -1.548000 -9.326400 
0.886000 -0.733000 -0.454900 -1.339000 -0.529700 -1.132200 -0.757400 -3.837100 -0.748700 -7.163600 -2.234500 -13.578200 
0.888000 -1.500400 -1.052900 -1.140400 -0.534000 -2.122600 -1.752800 -2.363000 -0.517400 -7.800500 -6.541700 -8.575900 
0.890000 -1.092300 -0.446800 -0.494100 -0.605700 -2.580900 -2.605000 -3.025100 -3.290900 -2.460600 -0.665800 -26.703000 
0.892000 -1.688800 -2.469800 -0.971800 -5.118700 -1.128800 -0.855200 -5.701300 -1.355900 -6.680900 -0.430300 -10.100600 
0.894000 -0.798200 -0.890500 -0.792500 -3.410400 -0.734400 -1.121100 -3.448300 -0.680200 -0.970800 -1.556100 -15.448800 
0.896000 -0.433500 -0.603500 -0.277400 -2.428100 -0.713900 -6.055900 -1.523200 -1.468000 -0.524100 -7.675500 -10.494300 
0.898000 -0.215000 -0.592000 -1.838000 -1.561700 -1.796700 -3.966800 -3.272300 -1.802600 -6.043200 -3.571000 -18.753500 
0.900000 -0.980900 -1.134900 -0.678500 -1.997000 -2.370000 -3.326000 -2.844700 -4.360600 -0.462500 -0.224200 -12.232400 
0.902000 -0.637700 -0.799400 -1.001400 -0.649600 -0.951700 -1.107100 -6.636000 -1.596600 -1.438000 -3.625100 -15.477200 
0.904000 -0.890300 -2.522500 -3.395700 -1.651000 -0.871900 -1.063600 -5.884900 -1.419400 -0.485600 -2.447400 -8.574500 
0.906000 -0.530800 -1.120200 -3.586200 -2.191800 -0.607400 -1.119900 -3.240800 -1.550000 -2.605900 -3.927700 -7.006300 
0.908000 -1.063400 -1.602700 -0.994100 -1.166800 -1.331500 -1.808600 -5.145500 -3.282800 -2.853800 -0.709800 -4.714100 
0.910000 -0.691100 -1.074800 -1.107700 -0.533200 -2.087500 -4.400700 -6.183600 -3.940100 -0.425700 -7.389100 -8.584300 
0.912000 -0.880300 -0.431300 -4.228200 -0.647900 -1.537500 -0.581900 -4.766000 -1.172900 -1.732000 -1.593400 -13.031800 
0.914000 -0.747700 -0.254200 -0.295400 -0.917500 -0.642900 -0.919800 -3.950800 -0.594400 -1.148800 -1.384000 -12.810500 
0.916000 -0.595200 -0.746300 -1.402100 -1.523700 -2.169700 -0.280100 -5.703200 -1.178500 -0.888600 -1.843000 -12.737800 
0.918000 -0.453700 -1.061100 -1.803300 -0.925400 -0.878700 -1.923100 -6.034500 -2.010400 -0.982600 -7.879300 -4.415400 
0.920000 -1.601800 -0.614500 -5.106300 -0.313700 -0.997600 -0.878700 -2.224800 -1.268500 -0.954900 -2.173300 -5.878500 
0.922000 -0.343500 -2.939300 -0.737900 -0.689300 -0.583600 -0.915200 -4.968800 -3.555200 -1.228000 -1.563300 -9.557000 
0.924000 -0.298200 -0.754400 -0.861200 -1.082900 -1.483200 -0.640800 -2.048400 -0.210500 -4.068000 -0.132100 -6.527000 
0.926000 -1.302100 -1.614800 -0.294500 -0.584700 -1.118900 -3.236100 -6.856400 -1.176000 -2.422800 -1.166100 -9.388800 
0.928000 -0.821200 -0.709100 -0.495600 -0.790600 -1.098600 -0.544700 -5.344200 -0.545600 -1.715100 -0.979400 -8.292400 
0.930000 -1.042900 -0.945600 -1.501600 -0.997300 -0.607800 -0.995200 -0.395700 -1.490600 -2.687700 -3.877500 -19.975700 
0.932000 -1.242100 -2.270300 -1.163700 -0.956000 -0.406900 -1.267600 -2.433100 -0.561800 -2.723100 -0.833200 -18.276200 
0.934000 -1.663300 -1.135000 -1.591300 -0.563100 -1.037300 -0.345000 -3.413200 -1.923500 -4.116800 -2.022000 -10.212500 
0.936000 -0.539700 -2.722600 -2.327500 -1.345900 -0.387400 -3.105300 -3.671900 -3.121600 -0.230000 -1.709200 -4.754600 
0.938000 -0.750800 -0.750300 -0.452700 -0.845900 -0.867200 -0.562200 -3.927600 -1.211800 -0.877600 -2.589200 -16.462400 
0.940000 -0.286100 -1.188200 -0.585700 -0.581300 -2.255500 -1.765700 -1.901100 -2.135800 -1.058100 -1.362900 -11.665500 
0.942000 -0.875700 -0.716100 -1.570500 -3.647800 -0.930100 -0.536200 -0.972200 -7.141800 -0.720800 -0.890300 -8.051300 
0.944000 -0.359500 -0.507000 -0.502000 -1.294800 -1.200600 -0.700200 -4.402400 -0.781400 -3.233700 -3.150500 -7.194100 
0.946000 -0.870500 -2.270200 -0.420300 -2.666300 -0.237700 -2.279700 -2.576400 -1.335500 -0.143200 -2.059200 -14.102600 
0.948000 -1.772600 -1.983300 -0.421900 -0.260400 -0.704500 -0.304100 -1.732900 -5.540400 -2.443800 -2.588700 -21.946300 
0.950000 -0.581400 -0.626400 -0.412700 -1.213800 -1.043400 -0.655500 -1.453200 -2.051900 -2.255700 -3.532900 -10.642700 
0.952000 -0.252400 -1.792800 -1.026100 -0.905300 -0.292900 -2.129700 -4.051300 -5.449400 -0.670800 -1.479800 -10.190400 
0.954000 -0.884300 -1.642400 -2.249200 -0.287200 -2.493400 -1.269800 -2.851700 -1.630800 -0.350700 -1.561600 -13.771800 
0.956000 -1.140500 -0.306800 -0.629300 -1.088900 -1.275000 -0.308100 -1.368900 -0.582900 -1.392300 -1.206500 -15.885100 
0.958000 -1.875500 -0.212700 -2.217300 -1.166500 -1.170700 -1.827400 -3.184700 -1.445100 -2.755700 -0.530600 -15.924700 
0.960000 -0.645900 -0.902900 -1.206600 -0.751000 -2.115400 -0.651000 -3.069800 -4.329400 -0.826400 -2.601000 -14.102800 
0.962000 -0.304000 -0.867200 -0.948800 -1.287500 -2.735800 -1.415100 -2.414500 -1.554200 -4.053400 -3.704200 -8.456300 
0.964000 -2.008300 -0.135300 -0.970900 -0.934400 -1.157300 -0.277400 -0.705000 -2.051200 -4.610500 -0.795900 -11.772100 
0.966000 -0.871700 -0.677700 -1.759100 -3.295400 -0.878100 -0.499600 -0.254900 -1.966400 -1.067900 -1.300000 -7.044000 
0.968000 -1.165500 -0.226800 -1.047900 -1.912800 -1.122900 -1.095200 -1.243300 -1.875700 -0.919200 -1.354100 -21.232000 
0.970000 -0.592400 -1.774500 -1.810800 -0.604400 -1.570500 -3.861100 -3.119900 -3.040300 -1.884000 -0.619400 -11.222500 
0.972000 -1.084200 -0.349300 -0.665000 -2.393100 -0.898800 -1.771000 -3.932800 -3.338400 -6.552800 -2.424100 -10.155400 
0.974000 -0.912500 -0.180300 -1.694600 -1.500000 -0.395700 -3.262200 -2.534100 -2.468200 -0.998600 -1.885500 -28.858700 
0.976000 -0.728200 -2.015800 -0.701100 -0.853900 -4.445300 -4.538300 -1.599800 -1.246700 -1.627300 -1.771400 -11.974500 
0.978000 -0.584200 -0.403500 -0.588700 -0.788100 -0.453100 -1.927000 -1.487800 -1.609600 -1.031600 -12.159300 -45.757000 
0.980000 -0.750100 -0.647000 -2.404700 -2.255700 -1.094900 -0.806400 -0.749000 -6.466200 -0.337700 -5.454500 -20.107800 
0.982000 -0.141500 -0.531400 -1.229800 -1.205500 -0.389800 -0.923900 -0.624200 -0.566400 -0.666500 -8.034500 -18.413300 
0.984000 -0.261800 -0.840100 -1.019700 -0.973600 -0.845200 -0.370100 -1.350700 -1.104300 -1.025500 -5.594600 -14.714100 
0.986000 -1.127400 -0.988000 -0.990300 -0.140000 -1.051600 -5.781600 -2.229200 -6.545700 -6.073400 -1.945500 -5.745500 
0.988000 -0.018400 -0.689300 -0.498500 -0.499400 -0.743000 -1.037100 -1.001300 -0.732300 -2.450300 -3.066600 -12.071900 
0.990000 -1.933500 -0.831100 -0.873100 -1.656700 -1.645900 -1.227400 -1.576700 -1.086100 -2.626400 -3.830000 -10.161800 
0.992000 -1.047300 -0.298600 -1.312700 -0.962900 -1.288000 -0.848300 -1.585600 -2.933900 -1.327900 -2.237500 -17.308300 
0.994000 -2.038800 -0.418400 -0.724600 -0.963300 -0.881200 -0.668000 -1.949300 -5.211400 -2.039000 -9.004500 -6.895500 
0.996000 -0.233700 -0.543000 -0.761500 -0.950700 -1.324100 -0.939100 -0.699800 -2.664300 -2.339900 -3.362700 -12.893700 
0.998000 -0.801600 -0.282200 -2.276200 -0.473600 -2.768500 -1.465300 -1.128900 -4.105700 -2.322900 -3.469500 -12.677600 
