# gradients (DV/DL) for lambdas: 0.0 0.1 0.2 0.3 0.4 0.5 0.6 0.7 0.8 0.9 1.0
0.000000 -0.458100 -2.037900 -2.772100 -6.098600 -2.348600 -1.578000 -2.975700 -1.994200 -9.096000 -11.324400 -19.600300 
0.002000 -2.150100 -2.772600 -1.677200 -1.270800 -3.535800 -2.878800 -2.999800 -6.064500 -13.555700 -11.864200 -15.766300 
0.004000 -1.250100 -0.830700 -1.544200 -3.140900 -1.230200 -2.005900 -4.284300 -4.304300 -7.552600 -16.923900 -14.361600 
0.006000 -1.822100 -1.916000 -3.873200 -5.699700 -3.824100 -3.873700 -3.731900 -5.429000 -9.331000 -8.772500 -10.706800 
0.008000 -0.501800 -1.112500 -2.637700 -3.293100 -3.500600 -3.498300 -5.592800 -2.833800 -12.161500 -10.481900 -12.424300 
0.010000 -2.965100 -1.915900 -1.787500 -1.719200 -2.252900 -2.521400 -2.682100 -4.063400 -13.149000 -7.083800 -154.193000 
0.012000 -2.076500 -0.749700 -1.781800 -0.410000 -3.532700 -4.219600 -4.490400 -7.347500 -16.693100 -4.549100 -153.322700 
0.014000 -1.490600 -2.402400 -3.129700 -0.821900 -2.541200 -1.942400 -2.084600 -6.832400 -14.370200 -8.510000 -105.323600 
0.016000 -1.656100 -3.761300 -3.012300 -7.826200 -3.588100 -5.276400 -2.827500 -2.919700 -12.023300 -8.783700 -102.382800 
0.018000 -1.966900 -2.426400 -1.222400 -3.230400 -1.013600 -1.572100 -4.125600 -5.557500 -14.214500 -11.197000 -89.164800 
0.020000 -0.501700 -4.073200 -4.963000 -2.602400 -3.149600 -5.223400 -4.135800 -2.201600 -14.283400 -11.792500 -115.329500 
0.022000 -2.335300 -1.904900 -2.164900 -1.393400 -1.498800 -1.922700 -2.973400 -2.742400 -10.899400 -2.723800 -113.122000 
0.024000 -0.941900 -6.094200 -2.474100 -2.395800 -2.606700 -2.163800 -2.632900 -6.272600 -4.886900 -10.217700 -163.999300 
0.026000 -0.918800 -3.195300 -3.650100 -5.204600 -2.695100 -1.953500 -2.889200 -6.694600 -18.655400 -9.483600 -122.234200 
0.028000 -1.566000 -5.014000 -3.761900 -5.857200 -3.894600 -1.780500 -3.468700 -1.211900 -14.196800 -8.442600 -172.457300 
0.030000 -1.226900 -1.471600 -1.760000 -1.558000 -3.525600 -4.594900 -7.335900 -6.738000 -11.964500 -11.023600 -152.229400 
0.032000 -1.736300 -3.010600 -3.909500 -2.840600 -1.767100 -3.634500 -3.830400 -7.916500 -6.927300 -15.597100 -154.781600 
0.034000 -2.173700 -3.208700 -1.452600 -9.266500 -2.037100 -3.252300 -2.480000 -2.312000 -5.067100 -14.685500 -169.740100 
0.036000 -3.073300 -0.645900 -2.877100 -1.896900 -1.428200 -9.937900 -3.873900 -2.320100 -6.813500 -9.831400 -152.091600 
0.038000 -1.689300 -0.844800 -2.401700 -5.760100 -4.430000 -3.080400 -5.753100 -6.039600 -7.296100 -9.770400 -178.493000 
0.040000 -0.974300 -0.676200 -2.076000 -8.505100 -4.880300 -1.869200 -6.273600 -8.019900 -6.798300 -12.408700 -138.520600 
0.042000 -1.654400 -2.578900 -4.696700 -1.498100 -5.613300 -6.072400 -1.357900 -5.063100 -5.093100 -4.772100 -32.046900 
0.044000 -0.606400 -4.214400 -1.167400 -4.745800 -4.464500 -4.493700 -1.037900 -4.883100 -17.885200 -18.382300 -20.916700 
0.046000 -1.288000 -4.697900 -2.954100 -1.012100 -3.059800 -3.970700 -2.347600 -2.942900 -6.595200 -14.944800 -19.323500 
0.048000 -2.014000 -1.807700 -2.311500 -7.513200 -4.191500 -3.318600 -2.333400 -2.917900 -13.346300 -14.792200 -49.153500 
0.050000 -0.884800 -1.171600 -2.100900 -6.552800 -2.765600 -3.668700 -2.649800 -4.283500 -23.376600 -13.518800 -57.689900 
0.052000 -2.402600 -2.229000 -3.192500 -2.227800 -2.997300 -2.531000 -2.668200 -3.547400 -6.177800 -14.771900 -187.274400 
0.054000 -1.297700 -2.777100 -2.696000 -3.708500 -2.735300 -4.133700 -1.258700 -2.186800 -5.245900 -12.882300 -35.986800 
0.056000 -1.053800 -2.664100 -3.372900 -7.387800 -5.043600 -0.986900 -4.270700 -2.799700 -20.413500 -15.005100 -126.254000 
0.058000 -1.339700 -2.864500 -1.566300 -4.772700 -5.877300 -3.152900 -0.834200 -1.238100 -7.391900 -14.316300 -57.354900 
0.060000 -0.831600 -4.038100 -4.897100 -6.439600 -3.794200 -1.644300 -4.360200 -2.613800 -8.255400 -30.606400 -176.012000 
0.062000 -0.778100 -1.848200 -2.120100 -2.735700 -3.609600 -0.833000 -2.488000 -3.633200 -5.930700 -21.185000 -222.416900 
0.064000 -1.888700 -1.214400 -1.466200 -2.253200 -6.152300 -3.246000 -1.935100 -6.727100 -3.042800 -23.382900 -160.216100 
0.066000 -3.483700 -1.281600 -0.147000 -5.015200 -1.951600 -1.476900 -4.998500 -7.123100 -6.021900 -20.507200 -363.294300 
0.068000 -1.401600 -0.737900 -2.855600 -2.758900 -5.000500 -2.945600 -7.195300 -4.187900 -8.018400 -17.427000 -120.358500 
0.070000 -0.944700 -2.760300 -2.606300 -1.227600 -3.551600 -0.757000 -2.655300 -6.742500 -8.545800 -17.345600 -110.379400 
0.072000 -1.868100 -0.416700 -1.465000 -1.867500 -3.276300 -2.407200 -5.944300 -5.950100 -8.204900 -16.417400 -221.843000 
0.074000 -0.721800 -1.139300 -3.987000 -2.914100 -4.153300 -1.644500 -5.165300 -2.806900 -10.770800 -7.511800 -200.446300 
0.076000 -3.487400 -2.206700 -1.682000 -5.241100 -5.472400 -3.976200 -1.419400 -5.809400 -11.449400 -4.300600 -141.157100 
0.078000 -1.635800 -1.028700 -1.765700 -1.921400 -3.963100 -1.434500 -4.048800 -6.434200 -2.348500 -15.289100 -220.134800 
0.080000 -1.150400 -4.128800 -3.367800 -3.968800 -1.900300 -0.996100 -3.164300 -7.549800 -6.477300 -15.785200 -131.460200 
0.082000 -1.463700 -5.383400 -2.364700 -4.871600 -4.466700 -1.654000 -2.593900 -4.952600 -6.971700 -8.264700 -66.603300 
0.084000 -2.515100 -0.914200 -2.434400 -3.597500 -7.479400 -1.798600 -1.429400 -3.823400 -5.204000 -11.829700 -37.035000 
0.086000 -1.155400 -2.533400 -1.606000 -4.862000 -6.784500 -1.997600 -3.221300 -8.252600 -13.082100 -6.275300 -30.779700 
0.088000 -1.133900 -0.869700 -2.163500 -2.571600 -3.830700 -3.795200 -2.967900 -11.086000 -10.912000 -7.180400 -29.404600 
0.090000 -2.687900 -1.763900 -2.406000 -1.994000 -5.153500 -5.739400 -0.466800 -11.237500 -2.470100 -8.858400 -12.638800 
0.092000 -2.848900 -2.948900 -2.433400 -5.334000 -5.724700 -2.726500 -4.779000 -4.449200 -11.624500 -2.762100 -28.953000 
0.094000 -2.609300 -0.938600 -1.000000 -1.787300 -2.159700 -1.187400 -2.147000 -4.576700 -22.062600 -3.291200 -20.829800 
0.096000 -2.354900 -0.998900 -2.048700 -2.020400 -4.391600 -1.066500 -4.683800 -2.033300 -15.919600 -11.260900 -14.904500 
0.098000 -0.279100 -1.557500 -1.230500 -1.367800 -1.585600 -2.067000 -2.991300 -2.139800 -14.451500 -5.759500 -30.788000 
0.100000 -3.438500 -1.496600 -1.273600 -4.315500 -1.167900 -2.413500 -3.528600 -1.388100 -8.721900 -7.734400 -15.783700 
0.102000 -2.909200 -0.174700 -1.771900 -2.471000 -4.185600 -0.595500 -3.792600 -1.098300 -9.980000 -15.308300 -11.871200 
0.104000 -1.031000 -1.729900 -2.607200 -4.237500 -4.875000 -1.515200 -1.943000 -2.478900 -11.196300 -9.867000 -12.989900 
0.106000 -1.864000 -5.209000 -2.434300 -2.524100 -4.519500 -2.270300 -4.031600 -2.076800 -7.623200 -8.832000 -8.641300 
0.108000 -1.542400 -2.856300 -1.657600 -7.055100 -6.358300 -0.736500 -2.964600 -10.358700 -7.685400 -8.676600 -3.220300 
0.110000 -1.719700 -1.067100 -0.584700 -3.071600 -3.933200 -2.217200 -3.684300 -9.485200 -5.828500 -12.009000 -6.218800 
0.112000 -1.370000 -1.128400 -1.050400 -5.264100 -3.679800 -0.697200 -3.122800 -8.440500 -4.097800 -11.256600 -5.734800 
0.114000 -1.190000 -1.105800 -2.565700 -3.772400 -3.271000 -2.804300 -5.038600 -11.834600 -1.931600 -12.416400 -25.782100 
0.116000 -1.904700 -2.708500 -1.207200 -2.510300 -4.148800 -2.188400 -3.910500 -6.009000 -4.552800 -15.689800 -7.226300 
0.118000 -2.210300 -1.416600 -1.585300 -4.164600 -3.111200 -2.162100 -3.059100 -6.071500 -2.278300 -11.457500 -6.975900 
0.120000 -2.268300 -0.586000 -3.855500 -1.169000 -3.704000 -1.662900 -7.149100 -1.647900 -1.046200 -16.767300 -17.488900 
0.122000 -3.281700 -1.666100 -3.100700 -1.720700 -2.848400 -1.479000 -6.097900 -5.759600 -1.525900 -4.787700 -26.049200 
0.124000 -2.868000 -0.906200 -2.888500 -1.385300 -4.851900 -4.929400 -6.526700 -6.651600 -2.833700 -9.989000 -20.333900 
0.126000 -1.940800 -4.656100 -1.885800 -3.823800 -4.793200 -1.490800 -6.078900 -3.869600 -5.226600 -6.993500 -18.610900 
0.128000 -1.026100 -1.201600 -1.066800 -4.255700 -1.866100 -2.595500 -5.790500 -6.778500 -5.164200 -15.900500 -20.397900 
0.130000 -0.445800 -1.154000 -3.889200 -0.922800 -4.053000 -1.527900 -2.685500 -6.004100 -16.387000 -14.685100 -81.413600 
0.132000 -0.378700 -3.975000 -3.800700 -1.026200 -4.804200 -3.305800 -2.680000 -5.642200 -8.681900 -6.009900 -75.936400 
0.134000 -3.475800 -1.382800 -1.877000 -1.229600 -4.355100 -1.549700 -8.234300 -1.986800 -4.754800 -6.839800 -75.007900 
0.136000 -1.636000 -0.665200 -1.766500 -1.856700 -5.022300 -1.528100 -0.548700 -5.910600 -7.640300 -14.485400 -81.972100 
0.138000 -2.887500 -2.114200 -1.998800 -2.817700 -3.174200 -0.830600 -3.496100 -7.620500 -5.691900 -8.432100 -73.990100 
0.140000 -0.967000 -1.982800 -1.472900 -1.021100 -2.805900 -1.824800 -2.509400 -5.701400 -4.646900 -5.852600 -61.323500 
0.142000 -0.878300 -4.659400 -3.800500 -2.035300 -3.222900 -1.273500 -1.346100 -3.621900 -8.223900 -9.489900 -96.378200 
0.144000 -4.282400 -1.816500 -1.248100 -1.928300 -2.156700 -1.882300 -0.496900 -8.251800 -3.078800 -14.598400 -71.174800 
0.146000 -1.888600 -1.400000 -2.481600 -1.834600 -3.973900 -2.734100 -5.571700 -2.886800 -3.612700 -9.003600 -82.712700 
0.148000 -1.790200 -1.934700 -3.945800 -4.307700 -6.107900 -2.420000 -4.972800 -3.923200 -3.316200 -7.054500 -76.213000 
0.150000 -1.825900 -1.171700 -2.005500 -1.717900 -3.704000 -2.900300 -4.967700 -4.404900 -7.130000 -14.811000 -76.382700 
0.152000 -1.347400 -4.066300 -0.831500 -2.814800 -2.961700 -1.138900 -3.296700 -6.218900 -1.099800 -9.940600 -97.403400 
0.154000 -1.732200 -1.064200 -2.772900 -3.731200 -3.676500 -1.631500 -5.222000 -1.843400 -4.767500 -11.834200 -77.061000 
0.156000 -2.645700 -3.437200 -2.898500 -5.135200 -2.860800 -2.562800 -2.358600 -5.128400 -1.715300 -13.309000 -71.167400 
0.158000 -0.406400 -1.399700 -2.533900 -2.044800 -1.261600 -2.006600 -3.193000 -5.889000 -7.342000 -12.433600 -86.492100 
0.160000 -2.842300 -1.782200 -1.106000 -2.756400 -8.143200 -2.136300 -1.486200 -3.425800 -6.038600 -12.470600 -71.089900 
0.162000 -3.456700 -0.707000 -2.975200 -1.088700 -5.105500 -1.538800 -1.832900 -8.159100 -7.541000 -11.189700 -72.236400 
0.164000 -2.018300 -2.691400 -2.970200 -2.653800 -2.845000 -3.153000 -2.749700 -6.744700 -1.455200 -15.205000 -78.293800 
0.166000 -1.290900 -3.415200 -1.443800 -6.939800 -3.173000 -4.697400 -4.061400 -5.901600 -3.515400 -15.044600 -79.938700 
0.168000 -2.778400 -3.988700 -0.759600 -3.147700 -2.327500 -1.598200 -4.522900 -0.980800 -1.226400 -7.473400 -74.700600 
0.170000 -1.398700 -2.125600 -2.736800 -3.345500 -5.291200 -5.945700 -4.078900 -6.989800 -8.599500 -1.452200 -78.998800 
0.172000 -1.182900 -2.792500 -0.811200 -1.667200 -3.678700 -9.467000 -4.110400 -5.174300 -1.705100 -4.870000 -74.487400 
0.174000 -5.422200 -1.782400 -1.383900 -1.195200 -3.938500 -5.981700 -6.209600 -3.950000 -1.742100 -3.968700 -112.010500 
0.176000 -2.701500 -1.775900 -1.002300 -3.913600 -2.367500 -7.196100 -5.963000 -6.095800 -1.892400 -10.648500 -73.190000 
0.178000 -1.149600 -1.337400 -2.130400 -1.927400 -4.123400 -2.966300 -4.138500 -9.071800 -2.049900 -10.652400 -120.440300 
0.180000 -2.210300 -0.959800 -1.899300 -3.003600 -6.393800 -3.065400 -3.636100 -4.522900 -6.521200 -8.830400 -102.401200 
0.182000 -1.892400 -2.143800 -1.798700 -2.823900 -1.741600 -2.043700 -1.852600 -3.079300 -1.067500 -11.681300 -113.025500 
0.184000 -0.625000 -4.015000 -1.253900 -0.648500 -2.920000 -1.117400 -6.383500 -6.265100 -1.172600 -8.120700 -74.134800 
0.186000 -0.654000 -3.931200 -1.836800 -2.530700 -3.696900 -2.343200 -4.594000 -9.300200 -3.317700 -7.068800 -66.671100 
0.188000 -2.129700 -2.361200 -2.784000 -2.133400 -5.888900 -1.585500 -9.785400 -3.329000 -3.911700 -7.760300 -104.919600 
0.190000 -1.405000 -3.877700 -4.073300 -2.169600 -5.811600 -2.237900 -3.260400 -9.775100 -12.945800 -17.629200 -70.418700 
0.192000 -1.581300 -0.644400 -1.961200 -1.077200 -3.140000 -3.541700 -2.458100 -9.059300 -5.557700 -7.388400 -83.656100 
0.194000 -0.817700 -2.471100 -1.861900 -4.901900 -1.859200 -3.621300 -4.599900 -2.852800 -5.053800 -8.288700 -104.594200 
0.196000 -1.760600 -2.341600 -1.672900 -7.412200 -4.732500 -2.037100 -2.290400 -2.793300 -4.944100 -18.267200 -91.324500 
0.198000 -4.602100 -0.638700 -2.206100 -5.650600 -2.220800 -2.707800 -1.578300 -3.475800 -3.628200 -8.045200 -90.366100 
0.200000 -1.226100 -2.650400 -1.517600 -4.069600 -4.588300 -2.022900 -4.172700 -6.348100 -4.077800 -6.799900 -58.403200 
0.202000 -1.789500 -1.839900 -0.835900 -6.134800 -2.843800 -3.672300 -3.732000 -6.186800 -5.866000 -14.071300 -106.765700 
0.204000 -1.963800 -2.201900 -1.196600 -3.809200 -1.627900 -2.393900 -2.794500 -3.730100 -6.235400 -4.884000 -99.689600 
0.206000 -0.637200 -0.824600 -4.996700 -3.198200 -5.543500 -3.411500 -2.165500 -5.011600 -4.259100 -13.917900 -86.021100 
0.208000 -0.642700 -2.486100 -1.747200 -2.923500 -1.938100 -3.213600 -1.836700 -8.830600 -8.312700 -9.254000 -62.705200 
0.210000 -2.496900 -1.381000 -3.357600 -3.263100 -1.926800 -4.989500 -5.537900 -5.635400 -6.562400 -7.868700 -129.965200 
0.212000 -2.301700 -1.153400 -2.037000 -2.417100 -4.057500 -3.732700 -2.988100 -6.366500 -5.646900 -17.646100 -97.084200 
0.214000 -1.038200 -1.162100 -3.631800 -1.127300 -4.979500 -3.765100 -2.350600 -10.426500 -6.342700 -10.560000 -89.511200 
0.216000 -3.985200 -0.525100 -0.648300 -2.468400 -4.288700 -3.396100 -1.990300 -4.429700 -9.173400 -12.408000 -46.019200 
0.218000 -1.675200 -1.091500 -3.055100 -3.135300 -2.682600 -3.688600 -6.862500 -5.244700 -6.726200 -9.934700 -59.764700 
0.220000 -1.248800 -0.197300 -2.185700 -3.829800 -2.782900 -2.058100 -5.503500 -3.240300 -7.502300 -10.567400 -103.921900 
0.222000 -2.189200 -0.598300 -4.851500 -3.122000 -5.516200 -3.128500 -2.001000 -6.316800 -8.912200 -12.745800 -52.512500 
0.224000 -4.890600 -0.763800 -4.135400 -2.071500 -4.060000 -1.642400 -1.786800 -3.629200 -6.316000 -13.706400 -48.156600 
0.226000 -1.155500 -1.264600 -1.747600 -0.636300 -2.705100 -1.351700 -3.304700 -3.382100 -9.607600 -12.628500 -41.366100 
0.228000 -2.090500 -0.426700 -1.178000 -4.192000 -5.302800 -8.786900 -3.633300 -5.024200 -16.017100 -10.259400 -95.102400 
0.230000 -1.091600 -5.149100 -1.914300 -4.227400 -6.513300 -3.559800 -3.314200 -5.003000 -11.510300 -14.443900 -213.005800 
0.232000 -1.763800 -1.935000 -3.415200 -7.875300 -3.112000 -2.799400 -1.287900 -9.895600 -13.131500 -25.912700 -146.951600 
0.234000 -0.407800 -3.262300 -2.273700 -1.881500 -2.062200 -6.147400 -0.703800 -6.440800 -12.339800 -7.705300 -67.433100 
0.236000 -0.696400 -2.581300 -2.088600 -0.796500 -3.574300 -2.267800 -1.978400 -6.267500 -25.669600 -27.225800 -97.184400 
0.238000 -2.200500 -1.653700 -2.962500 -0.844100 -6.930600 -3.384600 -1.694700 -4.331800 -18.014700 -13.020600 -67.584600 
0.240000 -1.226200 -1.077300 -2.894100 -1.677300 -2.902700 -8.232100 -2.320000 -1.882300 -10.511300 -4.172200 -49.385000 
0.242000 -1.313400 -1.142400 -3.658900 -4.947800 -3.267900 -5.944400 -8.994600 -7.061400 -12.787200 -8.947900 -123.712100 
0.244000 -0.814800 -2.125800 -1.774200 -3.889300 -7.876300 -5.367400 -2.271500 -7.311600 -4.413200 -20.200600 -107.155300 
0.246000 -1.848200 -2.224600 -3.243000 -5.533000 -4.599700 -2.356700 -2.498400 -6.595700 -7.482600 -12.061100 -135.654000 
0.248000 -0.992500 -2.592000 -4.112500 -4.650300 -3.965800 -6.121200 -3.875300 -9.342800 -4.848100 -13.250200 -107.313200 
0.250000 -1.361800 -4.707000 -4.279900 -2.581800 -4.857300 -4.100600 -5.621600 -10.652800 -5.893800 -12.801900 -77.679400 
0.252000 -1.489500 -2.522200 -1.662900 -4.583900 -0.642100 -10.477100 -5.138100 -7.714600 -6.853800 -8.046300 -124.667800 
0.254000 -1.898000 -2.192400 -2.512100 -1.444100 -5.528700 -2.571600 -3.356200 -7.088900 -9.779800 -32.234700 -95.899600 
0.256000 -3.524100 -2.132200 -1.735700 -1.109000 -4.502400 -4.704500 -7.810600 -13.311700 -15.626000 -16.142500 -85.727900 
0.258000 -1.186300 -1.131800 -1.799400 -2.968500 -2.031100 -5.616800 -3.843800 -11.045500 -23.068100 -15.533600 -64.840800 
0.260000 -1.447000 -0.569700 -1.232700 -2.026300 -3.782300 -2.413300 -2.083800 -9.032000 -12.380000 -9.051300 -72.963300 
0.262000 -0.939800 -0.715100 -2.938000 -2.324700 -3.371000 -6.432400 -3.697700 -8.764000 -6.775900 -15.327700 -54.166500 
0.264000 -2.804800 -1.182100 -2.034200 -3.178900 -3.775400 -9.413200 -2.175500 -6.229100 -9.187000 -6.511200 -73.621500 
0.266000 -2.008900 -1.733900 -2.732600 -2.601600 -5.004400 -5.914100 -2.961500 -5.585800 -4.253300 -9.631600 -102.054500 
0.268000 -1.267600 -1.969800 -1.812900 -2.130500 -4.405100 -3.842400 -4.709300 -8.462900 -6.987400 -9.475600 -91.775000 
0.270000 -1.811200 -1.814800 -2.649100 -1.612200 -3.960100 -5.082700 -4.672400 -11.964400 -4.732100 -26.861500 -83.195200 
0.272000 -1.930300 -2.703200 -2.423900 -3.829400 -2.811000 -3.057800 -4.521200 -10.561000 -10.483000 -23.947700 -72.897500 
0.274000 -0.979300 -3.052100 -1.625900 -2.934600 -3.984500 -3.247100 -2.029600 -4.089300 -8.528300 -12.753800 -108.540600 
0.276000 -0.449700 -1.626600 -3.217200 -5.144600 -4.125600 -2.697500 -7.838700 -11.856000 -13.060500 -18.673800 -122.653600 
0.278000 -2.197600 -2.177400 -4.184600 -2.624300 -4.203700 -6.779200 -5.852500 -7.553000 -5.791200 -14.977100 -155.313900 
0.280000 -0.825600 -0.797500 -2.136700 -2.769500 -3.343200 -8.507600 -1.905100 -10.361500 -7.737900 -8.768500 -157.297800 
0.282000 -1.220500 -0.728200 -1.563700 -3.789200 -3.339200 -4.897400 -2.173100 -7.181500 -3.798100 -5.789900 -126.248600 
0.284000 -2.765700 -2.092700 -1.647200 -3.089500 -2.518500 -3.979000 -0.864100 -4.752600 -2.947200 -7.151000 -147.794600 
0.286000 -2.888600 -0.822500 -1.328700 -2.543000 -3.042000 -3.029400 -2.400000 -5.988400 -4.273100 -9.207400 -151.493000 
0.288000 -3.460900 -1.023900 -1.409800 -2.608000 -4.199900 -2.387300 -2.251300 -5.204300 -3.366100 -4.484200 -115.503100 
0.290000 -2.601400 -1.380800 -1.906200 -2.855100 -6.552800 -2.060500 -2.423300 -4.516400 -4.927900 -5.685300 -125.533400 
0.292000 -0.920100 -1.786200 -0.603200 -1.350000 -2.965800 -3.941800 -2.645500 -2.960700 -3.053200 -2.729600 -136.947300 
0.294000 -2.872000 -3.256800 -1.208900 -2.020000 -10.902900 -2.828000 -10.601700 -6.217700 -5.581300 -8.814500 -134.295000 
0.296000 -1.105500 -1.034600 -1.130300 -4.574200 -4.011500 -3.694900 -5.499700 -5.975300 -1.872200 -4.798800 -120.180900 
0.298000 -2.311500 -2.744900 -2.480400 -1.008400 -6.656600 -1.986700 -0.842900 -2.486100 -1.667800 -1.124700 -126.896000 
0.300000 -1.625500 -0.819300 -2.857100 -2.629800 -3.168000 -4.648900 -4.816100 -4.145600 -8.105300 -9.452400 -149.111500 
0.302000 -1.829900 -2.566400 -2.698900 -5.672800 -4.161600 -6.795500 -6.451400 -2.132600 -7.895100 -9.382000 -131.704800 
0.304000 -1.466400 -2.354900 -0.972700 -2.619800 -3.081500 -2.368900 -2.744800 -1.074000 -10.950700 -9.065800 -154.103600 
0.306000 -0.988600 -2.320300 -1.187300 -5.101800 -1.771900 -4.595800 -2.145600 -4.064500 -6.510400 -2.373800 -127.039200 
0.308000 -1.759800 -1.381100 -2.856900 -1.685300 -1.716800 -2.991300 -4.464100 -3.219000 -10.919200 -10.488000 -129.278200 
0.310000 -0.747400 -4.475700 -0.608100 -4.311100 -5.257200 -3.720700 -2.775200 -3.238100 -5.087000 -11.235300 -103.196700 
0.312000 -1.668400 -1.409700 -0.961100 -2.275000 -4.715500 -4.702900 -4.554300 -4.202300 -9.720100 -7.266200 -95.462500 
0.314000 -1.307400 -0.412200 -3.096900 -2.279300 -3.513300 -4.266000 -0.973600 -6.857700 -8.496800 -8.071500 -127.577600 
0.316000 -0.591100 -1.522900 -1.437800 -1.309200 -4.625200 -3.756300 -2.266600 -3.384400 -13.598900 -4.504400 -132.756600 
0.318000 -1.532600 -2.028300 -1.829700 -1.617300 -4.304400 -4.973300 -3.205400 -4.119400 -18.929600 -10.217100 -41.704100 
0.320000 -5.129800 -1.447700 -1.023600 -3.259500 -3.422500 -6.992000 -1.821900 -4.341900 -13.731900 -15.709100 -72.860600 
0.322000 -1.253300 -1.101800 -3.587600 -3.672800 -1.894500 -6.120800 -3.032700 -1.873400 -8.437500 -21.718100 -74.556000 
0.324000 -1.387600 -2.823500 -2.343100 -2.696300 -2.166600 -4.954800 -1.957400 -4.739000 -10.692800 -7.051500 -74.973500 
0.326000 -2.166700 -2.065400 -0.580600 -4.052100 -2.169100 -1.357300 -1.502800 -3.389800 -12.532300 -22.842800 -56.972400 
0.328000 -4.210500 -3.282800 -1.337000 -1.427200 -4.239400 -3.047300 -3.760700 -7.012800 -11.769700 -21.241200 -83.809800 
0.330000 -1.398600 -1.089200 -4.552900 -1.488500 -3.651900 -2.778900 -2.179100 -3.697200 -9.573600 -12.306800 -70.245000 
0.332000 -0.816100 -0.997300 -1.269600 -1.066100 -4.533200 -4.098900 -0.675100 -5.913800 -8.227100 -10.393500 -83.086600 
0.334000 -2.784200 -1.014300 -1.485200 -1.401200 -5.808900 -1.087500 -5.470800 -8.665800 -13.726100 -7.913000 -94.159800 
0.336000 -1.320500 -4.092000 -2.615300 -1.309400 -2.928200 -5.496800 -5.125500 -4.608400 -5.687500 -13.315600 -92.443100 
0.338000 -1.169500 -0.692100 -2.468000 -0.716800 -4.748000 -6.645800 -2.184000 -3.886700 -15.293500 -2.578000 -84.627600 
0.340000 -2.042000 -0.542500 -0.642900 -0.589000 -4.286300 -3.329800 -2.489300 -1.433600 -2.887000 -6.531800 -114.367900 
0.342000 -1.691500 -0.592100 -1.993000 -1.687400 -9.613400 -4.615000 -5.840000 -3.368900 -5.354500 -6.238100 -150.977600 
0.344000 -2.625000 -2.224300 -0.959000 -1.736800 -3.896000 -2.232700 -8.581900 -10.901700 -11.516200 -8.142100 -99.739900 
0.346000 -3.822700 -0.822200 -1.406100 -2.593900 -3.972700 -1.819500 -1.100100 -3.149200 -19.834800 -14.015800 -100.830100 
0.348000 -1.446000 -4.973100 -1.583000 -1.087300 -7.285000 -6.595200 -10.647900 -2.673000 -16.109000 -3.884200 -94.821100 
0.350000 -1.833200 -1.618000 -2.335400 -1.177500 -2.317000 -4.545300 -10.409100 -3.981700 -7.273100 -11.166600 -65.989000 
0.352000 -3.966200 -3.029400 -0.721700 -1.603000 -1.727500 -3.228900 -4.116200 -6.084600 -11.260400 -4.653500 -71.643300 
0.354000 -2.049200 -4.391500 -2.915800 -1.452100 -6.130600 -2.338300 -1.881600 -2.524300 -10.129500 -8.478700 -158.403600 
0.356000 -0.282000 -1.739200 -3.850200 -2.803700 -4.651800 -4.759800 -3.105200 -4.466100 -7.483000 -4.825200 -132.154500 
0.358000 -2.926300 -1.486200 -2.019800 -4.843400 -3.545100 -1.584500 -3.053700 -3.890900 -5.064300 -4.571800 -116.862700 
0.360000 -1.692900 -3.797200 -2.195700 -1.471400 -2.589900 -1.674700 -9.724400 -7.860500 -5.073100 -25.923600 -108.126800 
0.362000 -1.188500 -1.524700 -4.404900 -0.702300 -4.373800 -3.612000 -4.505900 -2.730000 -7.133000 -8.217200 -134.526400 
0.364000 -2.203100 -1.276200 -1.203200 -1.969100 -6.798100 -7.010200 -3.924400 -3.890900 -12.295700 -6.726700 -129.188600 
0.366000 -2.303700 -4.276800 -2.450200 -3.412600 -4.286500 -3.683700 -5.820200 -4.107900 -5.949900 -5.257300 -186.015600 
0.368000 -1.258300 -1.120600 -3.035400 -2.355300 -4.426800 -4.001900 -9.250900 -9.466500 -11.247600 -18.823100 -136.428200 
0.370000 -1.306500 -1.293700 -2.887200 -1.593900 -4.203800 -3.420600 -2.485000 -1.638100 -7.955800 -9.124600 -114.879800 
0.372000 -1.797800 -1.531400 -2.091300 -3.359600 -3.278900 -0.381200 -4.043200 -3.401800 -4.241000 -14.201900 -102.480900 
0.374000 -1.500000 -2.181200 -3.526500 -1.423200 -4.765000 -5.306600 -8.143800 -3.065300 -4.265200 -8.761000 -99.815500 
0.376000 -1.855200 -0.643700 -2.008600 -2.773800 -3.253900 -2.942000 -3.544000 -1.283000 -3.662400 -29.091700 -109.199800 
0.378000 -2.922000 -2.892300 -4.890000 -2.008000 -3.129600 -4.873000 -4.265000 -2.196600 -3.368100 -8.129000 -76.975500 
0.380000 -2.016800 -1.627700 -2.225000 -0.826900 -3.180000 -1.981000 -2.702900 -3.428900 -8.016400 -9.402100 -106.902700 
0.382000 -1.686600 -1.400100 -3.970200 -2.424400 -1.736100 -1.952300 -2.599400 -2.900700 -4.207600 -19.403100 -109.957500 
0.384000 -2.370400 -3.060100 -5.820000 -4.359900 -4.002400 -3.696500 -6.386600 -3.757400 -3.315900 -13.205300 -103.431100 
0.386000 -2.199800 -1.904400 -4.708900 -1.835100 -1.220900 -1.788300 -8.617000 -3.347500 -7.587000 -16.247100 -58.487600 
0.388000 -3.736000 -2.672600 -2.546700 -3.748500 -4.174600 -2.473400 -5.404400 -1.519400 -7.124300 -11.826500 -68.231500 
0.390000 -3.047700 -1.701100 -5.177600 -1.804400 -3.692000 -3.089500 -5.328000 -10.553700 -4.343500 -12.575800 -21.819400 
0.392000 -2.593800 -1.563200 -1.770100 -1.096800 -4.419200 -4.191500 -2.784100 -8.836500 -12.015100 -15.408000 -19.013500 
0.394000 -1.520400 -1.211500 -4.006600 -2.217900 -2.558700 -1.394400 -0.796200 -5.108100 -10.602700 -22.723800 -20.123400 
0.396000 -2.022900 -1.520600 -2.712100 -1.876600 -2.751800 -2.979100 -4.610000 -5.953600 -15.485800 -26.894500 -13.600800 
0.398000 -2.526600 -1.800700 -3.022800 -3.691900 -4.103600 -6.890000 -5.476300 -8.258000 -8.913200 -7.203400 -32.058300 
0.400000 -2.422400 -1.163100 -2.949100 -2.316600 -3.043500 -5.036800 -8.364900 -3.408800 -10.686500 -13.109600 -27.118900 
0.402000 -3.852700 -1.945400 -1.576800 -1.041200 -4.066600 -2.880900 -5.083700 -5.251600 -10.239900 -9.149200 -10.263000 
0.404000 -0.944300 -1.237200 -1.271000 -5.027200 -6.419700 -6.550000 -7.152600 -3.425000 -6.772200 -25.517000 -20.252000 
0.406000 -0.662200 -2.544400 -1.535400 -1.380000 -6.536100 -5.340400 -3.729700 -1.829900 -7.368900 -7.098300 -34.289900 
0.408000 -2.112500 -2.403100 -3.407400 -1.819600 -7.042000 -4.540400 -4.859400 -4.359100 -3.369300 -6.309600 -15.859600 
0.410000 -0.920900 -1.845600 -1.997900 -3.129200 -2.067500 -3.411400 -7.786200 -1.750400 -1.537000 -8.430500 -14.094300 
0.412000 -0.905800 -1.163100 -1.768000 -2.430600 -5.872800 -6.284400 -5.172000 -3.040300 -5.479300 -12.058500 -10.507600 
0.414000 -1.500300 -0.767500 -1.610600 -2.826400 -2.887800 -1.256000 -9.231700 -5.157800 -3.735800 -10.976700 -12.666900 
0.416000 -2.519100 -3.278800 -1.342200 -1.439200 -2.358400 -3.315000 -2.966700 -7.068300 -8.409500 -14.205600 -9.927400 
0.418000 -2.471600 -1.293800 -0.602200 -2.260400 -8.211700 -0.857100 -2.835700 -1.604500 -6.591100 -12.342800 -9.746300 
0.420000 -3.091300 -1.393000 -4.951100 -1.871200 -6.355300 -4.948600 -4.335800 -0.860600 -6.089500 -10.622900 -11.728400 
0.422000 -1.106300 -0.925200 -1.844500 -0.720500 -2.773400 -1.575300 -3.968700 -2.837000 -3.233400 -8.686600 -9.004000 
0.424000 -2.850800 -5.553900 -0.781200 -0.974600 -5.284200 -4.672500 -5.568800 -1.430900 -3.621400 -7.574300 -6.174500 
0.426000 -2.066600 -1.240700 -2.742700 -5.639100 -2.905300 -5.728900 -4.942700 -3.881600 -8.811200 -10.535500 -10.930300 
0.428000 -0.914000 -3.050900 -1.931700 -3.723500 -1.728900 -6.216500 -5.555100 -3.638600 -8.362200 -8.767800 -9.396900 
0.430000 -1.020900 -1.148200 -1.598100 -2.045800 -3.320100 -4.061200 -3.628200 -3.026200 -7.101800 -5.983900 -8.822800 
0.432000 -1.329400 -3.185400 -0.809000 -2.513100 -5.075200 -3.143800 -4.396400 -3.004100 -8.757600 -5.103300 -12.877200 
0.434000 -1.769900 -1.613800 -2.507800 -3.228800 -5.997100 -4.861600 -3.161100 -5.930400 -8.571500 -9.008900 -2.363100 
0.436000 -1.359800 -2.071700 -2.814600 -2.653300 -2.914000 -8.589700 -6.506600 -4.630000 -4.818800 -4.265700 -17.560800 
0.438000 -1.263000 -1.387400 -0.994600 -0.758700 -3.015200 -7.883600 -4.538700 -6.675600 -7.249000 -5.610200 -12.898100 
0.440000 -0.885600 -0.574400 -2.194200 -3.030400 -1.856600 -4.783400 -11.716600 -2.593100 -2.795600 -11.821800 -10.345200 
0.442000 -0.823300 -1.456300 -2.086400 -0.742200 -6.335500 -2.758700 -7.252800 -3.989300 -5.996500 -8.429700 -24.317500 
0.444000 -1.969900 -3.182400 -2.045600 -6.138700 -3.023400 -3.014800 -7.527900 -1.751700 -6.626600 -11.530000 -15.699200 
0.446000 -0.685200 -1.846800 -0.993300 -2.767500 -2.186400 -1.929300 -5.910600 -5.188300 -4.200200 -16.004500 -11.878000 
0.448000 -1.171900 -2.185900 -1.902600 -1.652100 -7.575600 -3.626200 -8.037000 -1.315500 -1.420400 -11.108600 -16.851000 
0.450000 -0.567800 -3.019200 -2.355900 -2.029800 -3.096400 -1.014300 -2.845200 -7.084500 -3.541200 -14.664300 -15.139500 
0.452000 -1.567500 -1.059400 -1.146500 -0.968400 -3.878200 -3.815800 -3.588200 -12.734800 -2.651300 -13.740300 -14.241100 
0.454000 -1.070200 -1.438400 -2.931500 -1.103100 -3.491200 -4.264400 -3.981800 -12.601900 -4.879000 -21.480400 -14.748300 
0.456000 -1.579300 -0.597600 -0.928700 -0.737500 -4.096900 -3.069300 -3.146000 -7.836500 -1.272800 -13.445400 -29.633400 
0.458000 -1.272100 -0.742800 -4.558100 -0.585200 -4.107200 -3.520300 -2.554400 -5.973400 -5.662600 -12.335300 -22.650100 
0.460000 -0.751900 -1.435100 -6.072100 -1.809000 -2.906200 -5.729100 -13.088700 -5.819600 -5.216400 -14.213900 -10.098600 
0.462000 -3.074000 -1.148800 -2.927800 -1.004500 -3.870000 -8.220000 -7.343100 -9.160200 -5.907400 -14.339800 -10.042500 
0.464000 -3.723700 -1.222400 -1.018900 -2.633200 -6.760800 -6.639500 -7.720300 -2.309400 -4.308900 -22.156100 -11.473400 
0.466000 -0.499700 -1.107600 -1.846300 -5.896800 -1.749600 -6.190200 -5.390200 -4.705900 -2.724500 -13.959900 -20.404300 
0.468000 -0.809300 -0.879300 -1.463900 -2.365500 -1.808900 -6.427800 -4.061500 -8.828000 -12.921900 -16.244800 -11.578600 
0.470000 -2.883400 -1.191600 -1.866800 -3.121100 -6.149900 -7.624100 -6.035400 -15.218400 -3.799200 -15.788800 -12.134800 
0.472000 -1.932700 -1.868900 -2.525500 -1.467500 -4.245700 -9.746300 -4.888900 -7.756900 -6.410100 -6.885500 -11.330900 
0.474000 -1.744600 -1.205400 -1.235300 -2.264100 -1.917200 -5.170000 -10.080200 -4.025500 -8.581500 -19.790900 -12.150000 
0.476000 -3.043400 -2.080600 -0.331100 -1.928600 -4.227800 -3.090400 -9.572000 -3.576400 -4.046300 -13.867700 -13.358300 
0.478000 -2.966500 -1.656100 -2.935500 -1.156200 -3.113500 -4.971600 -6.149200 -3.085300 -7.355000 -16.690300 -5.718600 
0.480000 -1.488300 -1.985400 -1.950100 -1.856100 -0.783500 -2.961000 -6.039500 -2.828900 -6.629000 -7.369800 -7.544500 
0.482000 -2.126000 -4.429600 -4.179700 -2.086200 -0.955500 -2.988400 -3.158100 -9.553600 -5.050800 -9.234300 -2.724600 
0.484000 -1.523000 -1.748300 -3.194100 -2.316800 -0.910400 -2.610200 -4.328500 -2.790100 -14.945900 -16.931300 -11.533500 
0.486000 -2.589300 -1.644600 -1.958600 -1.798400 -1.013900 -2.619100 -7.737200 -2.680600 -11.339200 -10.879300 -17.628900 
0.488000 -0.602400 -2.038000 -0.847500 -4.139300 -1.946900 -1.427700 -9.244500 -8.902000 -3.876300 -9.741700 -24.657400 
0.490000 -0.875900 -1.502500 -2.026600 -0.897100 -3.720300 -3.838800 -5.752900 -5.771500 -4.356100 -9.395400 -17.726900 
0.492000 -1.853600 -3.226800 -2.694100 -3.700700 -2.414500 -1.638400 -2.635700 -9.747300 -5.599600 -8.380800 -27.727300 
0.494000 -3.186700 -3.339000 -2.509600 -7.837900 -1.237400 -3.552600 -5.961400 -4.809000 -2.236100 -5.493800 -8.302400 
0.496000 -1.851000 -2.661600 -2.598500 -1.274700 -1.047400 -2.674500 -8.745700 -7.296900 -11.291300 -4.982500 -38.016600 
0.498000 -0.601200 -2.940700 -2.095600 -4.596100 -1.007200 -3.062400 -3.010100 -2.669000 -9.497500 -12.249400 -94.397800 
0.500000 -2.739100 -2.113300 -1.006000 -2.186000 -4.828200 -7.367400 -4.074300 -5.005300 -2.564400 -18.819700 -22.703300 
0.502000 -2.459900 -0.849100 -2.207300 -5.701900 -3.216800 -9.205300 -8.014200 -5.860700 -3.873200 -17.360000 -22.689000 
0.504000 -1.292200 -1.342700 -0.511500 -4.096500 -4.312300 -4.689500 -6.943200 -4.203400 -3.106800 -5.954900 -25.309500 
0.506000 -2.227400 -2.628500 -2.288800 -3.384900 -4.602300 -3.939100 -6.284200 -3.745900 -4.046200 -6.199000 -49.352300 
0.508000 -0.567000 -2.954500 -2.971200 -4.822900 -2.251100 -3.856000 -4.485500 -6.024000 -8.175800 -8.434000 -154.716000 
0.510000 -2.093100 -1.065900 -1.596800 -0.830500 -5.032900 -3.405600 -4.150300 -9.548000 -3.669900 -17.752300 -229.057100 
0.512000 -3.947100 -0.570800 -1.422600 -4.309800 -3.693300 -3.435600 -2.469700 -13.851500 -12.400700 -17.940300 -46.049700 
0.514000 -1.805900 -2.287500 -2.955700 -3.642900 -1.965300 -4.810500 -4.741500 -13.269700 -4.861100 -26.602500 -3.956000 
0.516000 -2.049800 -2.622400 -0.226900 -3.960600 -2.485900 -6.751300 -5.286700 -6.802100 -6.151200 -19.214900 -14.053200 
0.518000 -1.818800 -4.958300 -1.099600 -3.061600 -4.991200 -5.730100 -8.543800 -10.616900 -8.715300 -12.873200 -22.373500 
0.520000 -2.036700 -1.226800 -2.119400 -4.618900 -1.780300 -6.519100 -3.240800 -6.007500 -5.004000 -10.758900 -3.795800 
0.522000 -1.287000 -0.940100 -1.742500 -3.269000 -1.096800 -5.281200 -2.738600 -14.292000 -7.576400 -6.811400 -11.685000 
0.524000 -3.029500 -0.851200 -2.923000 -4.103900 -4.182900 -5.195800 -2.638700 -10.628500 -6.797000 -6.149700 -14.721500 
0.526000 -0.932000 -5.257500 -2.070100 -4.070600 -3.083400 -5.408200 -3.581200 -8.592700 -5.929400 -7.933800 -8.335700 
0.528000 -1.304400 -1.513200 -0.493900 -1.208500 -1.977400 -4.085100 -4.653500 -3.670600 -6.907900 -9.624800 -11.631100 
0.530000 -0.490200 -1.080000 -1.210000 -3.388700 -4.210400 -4.014600 -6.755000 -1.188500 -4.435700 -8.292000 -17.535000 
0.532000 -4.574500 -3.165200 -0.956400 -2.046900 -2.861900 -5.107500 -4.745800 -8.825800 -1.933000 -9.870500 -18.651300 
0.534000 -0.814000 -2.679200 -4.065400 -2.321700 -4.170500 -7.456100 -8.334000 -8.471500 -5.966900 -3.480300 -16.373700 
0.536000 -2.338800 -2.439400 -0.492000 -3.209600 -7.700300 -6.221300 -7.126500 -7.953200 -9.728100 -9.339300 -12.859600 
0.538000 -1.234100 -1.400900 -0.774900 -3.000700 -6.228700 -1.774300 -1.465700 -9.659700 -2.894100 -4.643300 -6.054000 
0.540000 -1.493700 -1.215800 -1.220600 -3.207100 -3.685000 -4.084600 -1.871800 -5.000300 -1.343100 -13.023100 -9.455000 
0.542000 -2.857300 -1.660200 -1.461400 -2.451100 -2.571400 -4.973100 -2.096100 -6.387600 -6.839300 -9.089600 -14.639800 
0.544000 -1.302200 -2.496700 -2.808200 -1.844500 -3.593400 -6.132200 -3.080000 -10.812800 -3.118300 -16.735400 -12.940900 
0.546000 -0.951300 -2.217200 -1.065400 -0.734700 -4.218300 -5.321100 -4.433900 -11.519200 -9.069400 -12.175600 -10.281000 
0.548000 -0.712800 -1.176700 -5.768900 -2.060300 -3.701200 -7.615100 -3.030600 -9.827800 -19.028600 -19.223900 -8.733000 
0.550000 -1.371000 -1.405800 -2.412900 -4.285900 -3.224500 -4.505700 -3.800700 -10.701600 -12.189100 -10.852300 -21.850600 
0.552000 -2.371800 -2.561100 -2.609300 -2.780600 -2.407400 -6.322700 -1.738100 -8.101300 -22.166500 -16.407700 -22.129600 
0.554000 -0.916200 -1.490000 -2.483300 -2.724800 -1.920700 -4.696800 -5.992000 -1.705500 -4.776900 -8.559900 -7.522200 
0.556000 -1.416000 -2.605300 -2.858900 -1.504000 -3.278400 -3.863600 -2.640000 -5.245000 -2.401800 -12.138200 -9.319100 
0.558000 -1.902300 -2.370100 -2.069200 -2.032700 -6.340700 -6.165500 -4.035400 -3.316800 -4.095300 -10.231000 -7.142600 
0.560000 -1.399000 -3.121100 -3.159700 -1.656400 -3.774700 -4.697300 -4.657800 -8.851700 -4.006500 -3.797100 -8.440800 
0.562000 -2.459200 -2.360000 -1.897300 -1.033700 -3.567800 -5.327700 -5.644500 -0.559000 -2.667900 -10.598700 -6.877800 
0.564000 -0.723100 -1.871400 -4.450800 -3.359300 -2.200800 -6.484800 -2.900300 -2.892700 -1.131100 -12.129300 -7.464900 
0.566000 -0.906500 -0.962700 -1.888100 -4.799700 -1.507500 -3.696400 -3.418000 -2.660200 -7.537100 -8.435100 -25.950500 
0.568000 -2.138200 -2.289300 -1.906700 -2.891200 -1.789100 -5.191400 -1.923400 -1.806200 -7.369900 -18.591700 -38.855800 
0.570000 -2.046600 -0.730200 -1.737000 -3.941500 -5.058400 -3.276700 -1.151800 -4.238500 -4.474000 -7.934000 -41.499400 
0.572000 -1.551100 -0.913700 -2.643200 -2.315500 -4.531500 -4.046700 -2.604500 -7.252200 -3.313600 -4.442900 -34.133400 
0.574000 -2.858900 -2.087500 -1.847400 -2.628500 -4.305500 -4.888400 -6.372200 -1.306500 -6.072000 -2.905900 -44.668700 
0.576000 -2.067500 -3.686900 -1.343000 -3.551900 -2.898100 -1.878500 -1.610800 -3.546600 -5.064200 -16.352400 -25.414900 
0.578000 -2.338300 -0.528100 -0.737100 -2.896900 -3.343600 -4.447500 -2.980400 -1.662500 -0.716800 -11.152100 -54.712900 
0.580000 -1.774200 -1.960700 -0.823600 -1.861800 -4.022500 -3.627500 -1.957900 -2.491400 -5.729800 -15.984800 -33.481400 
0.582000 -1.964800 -1.519800 -3.709800 -4.050500 -2.975100 -1.171300 -3.659600 -0.999100 -10.602500 -13.315700 -28.189700 
0.584000 -1.555100 -1.845200 -1.581500 -4.681800 -2.116600 -1.945400 -0.964500 -3.264500 -6.700100 -8.840800 -59.418600 
0.586000 -1.887400 -2.244600 -1.529000 -5.786600 -6.144900 -1.632800 -2.088200 -4.725800 -11.931100 -13.966500 -47.184100 
0.588000 -0.671800 -0.704100 -2.960600 -3.724400 -2.247800 -4.774400 -3.934100 -5.911400 -16.268900 -8.751400 -56.565900 
0.590000 -1.067000 -1.608500 -3.593500 -5.536300 -6.132600 -1.350500 -3.599200 -2.329100 -7.168100 -8.489300 -34.516100 
0.592000 -1.695900 -1.510100 -2.453900 -2.412300 -3.412100 -3.223600 -2.135900 -6.085600 -10.485600 -15.563900 -46.209900 
0.594000 -1.467300 -1.919900 -2.820000 -1.163000 -1.991400 -4.249300 -2.314700 -3.117800 -9.064700 -10.008900 -28.265000 
0.596000 -1.234700 -3.096200 -2.041500 -3.736000 -9.173200 -3.065000 -2.543500 -2.147000 -12.256400 -8.408700 -30.326600 
0.598000 -2.440000 -2.140400 -3.003000 -1.333700 -5.659400 -1.061600 -3.694800 -6.270500 -9.127400 -21.355000 -55.656100 
0.600000 -1.592300 -1.013400 -2.268400 -2.864900 -1.853800 -3.665200 -2.935600 -6.650600 -16.718500 -10.774000 -43.819700 
0.602000 -2.596000 -1.377500 -1.961000 -4.655100 -3.121900 -5.732200 -4.157600 -7.379100 -17.006000 -17.132000 -33.215500 
0.604000 -1.036700 -0.346800 -1.804500 -1.903300 -2.587700 -1.686300 -1.727000 -5.378000 -18.800600 -13.902800 -42.225200 
0.606000 -1.828300 -1.675800 -1.250800 -5.453800 -4.024800 -2.027800 -1.652500 -9.392500 -17.446400 -15.745300 -46.554100 
0.608000 -1.970800 -1.306700 -0.347400 -2.963900 -6.374400 -2.480200 -2.244500 -4.107300 -12.563500 -7.040600 -46.393000 
0.610000 -0.908100 -0.995500 -1.034800 -3.451500 -6.371300 -3.112900 -3.789900 -1.480100 -14.218900 -15.012600 -38.708500 
0.612000 -3.110400 -1.665100 -1.280900 -2.871300 -6.890600 -0.989100 -4.343400 -5.214200 -10.884600 -14.038800 -44.465100 
0.614000 -0.904600 -1.152800 -0.805500 -0.509500 -2.757400 -2.693500 -4.429800 -2.102900 -7.369800 -14.019100 -25.803000 
0.616000 -2.228000 -0.853900 -2.655600 -2.941600 -2.013200 -4.661000 -2.274700 -10.910400 -9.105900 -8.575400 -64.815700 
0.618000 -1.626300 -1.438600 -1.480400 -1.143800 -3.929100 -0.610900 -1.330000 -10.581800 -9.704000 -13.718600 -72.722400 
0.620000 -1.943200 -2.187100 -3.804800 -2.758000 -2.866100 -3.538000 -2.533900 -5.203600 -5.009100 -10.819500 -20.759800 
0.622000 -1.184700 -0.722500 -3.561900 -2.921700 -1.780000 -5.408800 -2.732200 -5.099200 -6.452400 -10.210900 -65.605000 
0.624000 -3.446400 -0.511000 -1.194600 -2.529600 -3.639600 -7.268200 -6.065100 -3.021900 -4.284800 -24.213200 -23.281600 
0.626000 -1.661900 -0.867000 -1.794300 -3.178200 -3.168500 -2.741900 -1.693500 -6.663400 -5.123600 -7.772700 -29.826400 
0.628000 -0.571100 -2.275200 -1.271100 -3.037100 -4.784200 -1.087800 -1.576600 -8.471100 -5.435800 -17.018300 -48.730000 
0.630000 -1.475700 -2.968100 -0.619700 -0.929400 -4.531600 -2.233600 -2.566700 -13.966900 -7.786600 -19.466500 -36.406300 
0.632000 -1.365800 -7.033800 -2.258200 -4.697300 -4.352700 -4.717800 -2.153700 -5.759700 -3.478600 -17.976300 -47.853400 
0.634000 -1.163100 -0.852000 -1.148500 -2.303100 -4.160300 -2.695100 -2.997600 -2.622800 -4.246500 -7.591700 -57.681200 
0.636000 -2.373900 -0.665800 -2.843500 -4.691400 -4.820000 -1.858500 -7.794100 -4.144900 -3.916000 -17.026200 -38.809200 
0.638000 -1.383000 -1.743500 -3.274600 -4.130500 -3.720200 -1.586900 -15.764200 -10.959600 -3.211000 -10.227200 -42.498000 
0.640000 -1.648100 -2.509500 -1.545300 -2.019000 -3.971800 -1.012400 -6.502100 -3.249900 -4.225600 -29.459600 -43.856300 
0.642000 -0.906600 -2.627400 -1.318800 -2.774500 -3.444900 -4.266900 -4.315100 -6.946900 -10.302200 -16.814500 -69.145500 
0.644000 -2.701700 -3.465500 -5.193300 -1.746300 -2.156800 -4.189000 -6.708100 -4.940700 -10.110400 -8.398200 -35.708800 
0.646000 -0.440300 -2.318300 -1.209300 -2.107200 -7.240400 -4.513000 -4.788700 -2.113300 -16.665400 -10.232100 -30.232200 
0.648000 -3.932400 -0.870700 -2.099900 -2.509700 -2.183200 -5.058200 -0.852200 -4.552500 -7.960500 -10.163300 -53.211100 
0.650000 -1.768000 -2.321400 -0.691800 -1.854600 -2.052900 -6.720400 -1.393200 -6.423300 -7.021800 -10.479800 -37.662100 
0.652000 -1.062600 -2.948100 -2.369100 -2.448600 -3.778000 -2.773000 -5.250800 -3.587900 -9.756800 -8.671500 -54.948100 
0.654000 -1.825000 -0.903500 -3.964400 -2.138100 -0.944400 -3.195000 -5.897700 -8.347500 -4.639600 -18.787200 -45.293700 
0.656000 -2.250500 -1.241500 -2.506700 -4.401600 -3.816600 -1.974700 -3.117800 -5.133300 -1.382300 -20.998200 -53.408400 
0.658000 -1.465600 -1.369800 -3.169200 -3.523100 -4.578100 -3.302100 -2.624300 -4.462500 -3.621300 -8.640100 -35.235700 
0.660000 -1.638600 -4.968700 -5.274800 -2.641700 -2.964700 -3.820700 -9.214600 -2.348800 -6.314300 -9.085600 -52.844600 
0.662000 -3.271600 -4.002000 -4.848300 -6.740100 -3.729300 -5.605400 -2.796000 -2.686800 -3.162700 -18.928400 -30.571400 
0.664000 -1.348400 -0.405200 -1.542000 -10.007000 -4.405300 -3.048600 -5.047000 -3.694500 -7.981500 -21.726300 -29.437700 
0.666000 -1.996700 -4.967500 -2.489600 -4.435600 -7.680300 -2.644000 -2.779700 -6.223100 -7.014200 -17.602400 -37.517100 
0.668000 -2.765300 -4.009800 -5.711100 -2.637700 -3.974000 -1.916100 -5.358000 -5.023200 -12.117000 -12.141200 -26.425800 
0.670000 -0.432600 -3.632800 -3.873600 -3.415500 -3.376400 -5.829400 -5.764900 -4.520300 -10.855900 -7.378600 -8.760900 
0.672000 -1.237400 -4.801700 -3.976000 -2.822800 -3.732100 -3.060700 -8.287100 -6.414800 -14.904400 -16.516600 -20.795600 
0.674000 -1.057000 -2.312900 -3.702300 -3.697000 -1.305200 -3.785200 -6.245000 -1.124600 -11.401600 -7.107500 -28.135100 
0.676000 -1.385800 -1.583200 -2.602800 -1.693300 -6.174300 -3.962100 -4.499200 -8.684700 -11.827900 -8.151700 -36.644800 
0.678000 -1.340100 -2.901200 -6.054700 -0.437300 -6.344300 -3.632800 -3.472800 -4.502200 -13.948500 -5.645500 -29.402500 
0.680000 -1.633500 -2.500100 -3.083200 -1.353100 -1.732000 -3.260300 -4.768200 -4.814600 -15.964800 -4.260700 -24.779700 
0.682000 -0.949400 -1.524400 -3.184900 -2.143900 -3.019300 -6.349700 -4.743700 -5.151100 -10.842900 -10.702800 -33.119100 
0.684000 -0.452900 -2.705900 -4.893900 -8.226700 -3.153700 -4.249700 -3.931400 -15.154300 -4.024800 -19.747800 -30.138300 
0.686000 -1.828400 -3.687000 -1.721900 -3.336500 -2.545300 -2.541500 -2.212100 -14.373600 -4.541500 -23.247900 -40.163600 
0.688000 -2.270900 -2.729500 -4.823500 -7.170200 -2.710100 -3.087900 -5.042400 -0.885100 -14.249400 -20.287400 -21.024900 
0.690000 -1.153500 -2.707200 -2.383600 -1.554700 -5.221700 -1.040200 -4.755500 -7.171700 -9.971300 -11.274900 -41.931200 
0.692000 -0.944100 -1.665800 -3.087800 -4.162000 -2.756900 -3.228700 -3.628600 -2.159000 -7.542800 -6.976400 -6.132600 
0.694000 -1.426500 -3.798400 -1.875500 -3.737200 -3.691700 -2.488700 -6.454500 -4.239600 -7.604900 -20.467600 -24.557500 
0.696000 -1.251500 -2.240100 -2.185800 -2.527800 -6.869000 -1.236400 -4.568000 -2.752800 -9.366300 -11.426900 -28.789100 
0.698000 -3.056600 -3.229100 -1.011800 -2.429300 -2.765200 -3.097500 -5.755700 -11.066700 -6.579500 -11.126200 -27.047200 
0.700000 -2.684400 -1.122400 -1.372800 -1.183300 -3.474000 -6.259700 -8.918100 -4.592500 -11.514500 -16.309700 -29.133400 
0.702000 -1.156800 -0.987200 -2.051300 -2.632100 -2.075400 -3.056400 -5.299200 -3.446300 -11.650800 -20.104500 -7.626700 
0.704000 -2.109400 -0.624500 -5.136000 -3.794500 -1.993900 -2.347800 -7.217400 -9.311000 -3.570400 -12.516000 -31.027500 
0.706000 -2.046000 -0.746200 -2.565400 -3.759900 -2.946900 -2.581800 -10.836500 -5.499700 -4.891500 -26.293100 -30.351800 
0.708000 -1.824300 -1.234800 -1.529700 -1.912400 -2.279300 -5.984100 -5.031000 -4.716100 -4.060000 -21.106300 -44.636000 
0.710000 -1.708800 -2.544600 -3.113900 -4.933200 -4.019300 -4.505700 -1.931000 -10.434100 -7.701200 -20.762000 -35.032000 
0.712000 -1.448700 -3.662600 -3.463700 -2.337100 -6.194600 -3.590300 -4.168500 -9.344800 -9.031400 -13.392000 -28.008500 
0.714000 -1.871200 -1.654600 -1.918900 -2.120400 -4.913100 -6.311300 -5.530900 -2.753700 -7.852900 -12.527300 -17.734600 
0.716000 -1.203500 -2.297200 -1.515200 -0.541200 -2.175700 -8.556700 -3.303400 -3.268300 -3.869300 -15.999600 -12.443100 
0.718000 -0.543600 -0.733500 -6.443400 -2.666100 -3.491000 -3.985200 -0.788100 -3.527600 -4.802900 -10.693100 -12.283100 
0.720000 -2.477700 -3.920300 -1.453400 -0.350700 -7.870200 -4.894700 -7.727000 -1.190900 -5.789000 -6.073400 -4.416000 
0.722000 -3.121900 -1.977600 -2.159700 -0.840500 -2.808200 -8.233200 -1.437100 -4.566300 -6.857300 -11.752200 -24.869700 
0.724000 -2.369900 -0.721500 -1.535000 -5.242200 -6.892800 -8.542400 -2.313200 -2.252000 -2.916400 -15.647700 -34.973400 
0.726000 -2.141000 -1.275800 -1.156000 -0.416600 -7.246100 -9.044400 -2.649000 -6.979300 -9.960500 -26.071600 -28.634300 
0.728000 -1.763400 -3.545900 -3.819800 -2.753200 -2.773900 -9.582300 -2.461800 -3.310900 -8.437100 -29.542000 -36.100400 
0.730000 -4.798800 -1.966300 -5.514300 -2.269700 -5.109500 -5.338500 -4.694000 -2.825100 -12.308600 -14.717400 -47.237400 
0.732000 -0.652500 -1.157600 -1.512800 -2.195100 -3.532500 -4.233300 -1.967800 -3.105700 -7.956600 -30.154200 -12.988200 
0.734000 -1.941100 -0.765600 -4.514500 -5.208400 -2.760300 -2.308100 -2.348400 -6.597700 -3.680400 -42.344500 -61.085300 
0.736000 -1.326800 -0.748100 -2.348100 -5.842200 -3.413300 -3.063200 -4.586200 -1.008000 -8.457800 -20.947300 -69.939700 
0.738000 -1.146200 -2.415400 -2.034500 -3.364000 -4.640900 -5.645500 -4.995100 -4.152600 -12.445700 -33.218400 -13.451700 
0.740000 -3.156700 -0.265000 -3.209800 -4.402900 -3.043100 -6.680600 -2.179800 -2.466100 -11.020100 -38.171200 -310.185600 
0.742000 -1.985900 -2.275300 -1.752700 -1.838000 -1.809200 -7.125800 -5.688800 -7.873900 -7.427100 -14.197500 -70.721700 
0.744000 -1.542400 -2.255300 -1.367100 -2.099500 -4.224700 -7.847400 -2.444700 -7.990200 -10.582000 -19.735200 -112.746000 
0.746000 -1.620800 -1.036100 -1.611800 -5.179600 -3.403500 -4.403500 -1.837200 -3.778700 -6.932000 -13.678600 -30.769100 
0.748000 -1.926700 -2.714100 -3.327500 -3.599400 -1.143200 -3.755100 -4.803400 -4.449800 -10.446000 -11.903400 -16.058500 
0.750000 -2.352800 -2.503300 -2.536100 -1.284800 -2.525100 -5.971000 -2.805800 -3.482800 -14.139900 -14.241400 -146.824000 
0.752000 -2.607600 -1.176800 -2.020000 -2.406700 -2.473300 -3.927000 -1.409300 -3.526700 -10.479200 -7.947100 -149.650100 
0.754000 -0.836400 -1.688500 -2.542300 -4.911200 -3.116500 -3.837100 -1.416100 -3.042700 -12.092800 -19.212200 -201.134600 
0.756000 -1.549500 -1.628700 -0.761200 -5.943400 -4.080000 -5.261800 -1.923600 -8.185700 -13.509400 -17.166900 -40.935300 
0.758000 -3.706200 -2.033800 -3.106600 -1.237000 -6.656500 -5.858200 -3.062100 -3.521800 -15.677100 -23.078600 -126.196700 
0.760000 -2.164200 -4.184500 -2.883900 -3.192800 -2.464800 -2.825600 -2.115100 -3.004700 -7.991500 -13.841500 -156.081200 
0.762000 -1.438600 -2.463500 -1.641100 -1.025700 -2.825400 -3.789800 -3.028500 -8.637700 -23.386400 -17.469900 -101.110100 
0.764000 -2.078500 -1.727800 -0.632200 -4.863300 -1.083300 -3.981900 -4.032900 -1.254400 -9.983800 -26.108000 -150.321100 
0.766000 -1.095200 -1.417100 -2.780600 -2.709000 -1.614000 -1.715300 -4.335900 -3.164900 -12.263400 -10.386300 -102.387600 
0.768000 -1.531200 -4.317000 -1.342600 -2.980000 -3.657100 -4.166600 -2.037700 -1.387100 -11.707800 -9.840300 -116.733000 
0.770000 -1.424100 -1.589700 -1.209600 -3.469300 -2.096500 -8.889400 -6.555000 -0.983600 -10.013400 -14.484500 -86.489200 
0.772000 -1.134500 -0.862400 -1.314800 -1.881100 -3.176900 -4.015200 -1.220500 -2.824400 -13.390800 -8.793200 -30.585800 
0.774000 -3.432600 -0.955300 -2.969800 -2.404800 -1.916800 -4.043400 -2.309500 -4.975300 -18.341600 -16.626100 -171.361300 
0.776000 -3.715200 -1.757900 -3.519000 -3.751500 -2.819300 -1.973300 -1.721300 -1.900100 -12.008000 -17.785100 -144.270200 
0.778000 -1.887100 -3.406800 -2.637200 -2.474100 -4.034900 -5.567900 -3.112400 -4.789000 -10.747300 -20.981300 -118.343700 
0.780000 -1.148800 -2.276600 -3.133300 -2.817800 -1.800500 -5.939600 -2.798800 -4.821600 -14.052400 -22.931500 -46.237300 
0.782000 -1.459700 -0.898500 -3.382400 -2.680800 -1.934900 -6.662000 -4.638600 -5.160600 -13.642100 -20.637100 -10.019100 
0.784000 -1.985700 -3.149500 -1.748000 -2.203500 -3.445600 -3.985700 -2.348100 -3.530400 -12.925800 -12.019000 -14.831000 
0.786000 -3.401900 -1.459400 -3.181800 -3.275700 -4.275500 -7.527200 -7.437600 -1.792900 -8.642900 -14.808900 -12.316200 
0.788000 -0.786000 -0.464200 -5.250300 -2.596300 -1.728000 -6.297500 -3.089600 -1.463600 -12.779600 -8.161600 -28.469300 
0.790000 -1.098200 -1.382900 -3.988500 -1.610000 -4.245600 -6.648400 -2.020500 -2.564500 -10.242300 -18.277800 -37.054600 
0.792000 -1.540700 -1.327100 -4.338600 -4.086100 -5.725000 -15.894200 -2.454500 -6.401400 -10.604700 -18.040000 -138.637700 
0.794000 -1.043800 -1.842900 -1.985200 -3.388700 -3.345000 -6.800000 -1.859200 -1.368900 -10.144200 -9.827500 -133.097500 
0.796000 -1.883600 -2.294900 -2.506900 -6.271600 -8.496000 -3.424300 -1.717700 -3.502000 -10.278000 -17.583600 -149.893500 
0.798000 -2.286400 -1.677500 -2.712900 -2.951900 -4.177400 -7.256200 -1.501200 -2.106500 -13.539400 -14.188700 -42.013800 
0.800000 -1.972900 -1.669600 -2.159900 -2.072300 -3.247000 -8.829100 -2.373200 -5.043700 -9.020000 -6.426500 -49.788800 
0.802000 -2.999300 -2.734500 -2.535000 -2.872600 -4.487900 -9.784500 -2.248900 -5.751500 -20.837600 -9.417100 -22.436600 
0.804000 -1.636300 -3.466800 -3.718800 -4.706200 -2.132300 -2.737500 -4.310800 -1.631000 -10.210300 -20.383200 -21.415000 
0.806000 -1.946100 -1.756200 -2.911200 -0.457100 -4.281000 -3.041700 -2.666000 -2.355300 -12.404900 -16.239000 -14.382300 
0.808000 -2.240600 -3.326400 -3.799400 -1.636000 -2.448500 -2.509200 -5.025400 -1.751300 -12.205300 -14.594200 -20.612000 
0.810000 -3.637500 -1.826000 -3.890700 -1.883900 -3.683100 -4.224900 -4.816100 -2.455000 -6.478100 -18.432500 -15.235700 
0.812000 -3.373700 -3.480500 -3.149000 -4.510700 -4.099900 -5.886400 -9.157500 -4.377800 -16.228000 -11.379800 -44.102300 
0.814000 -1.637100 -4.901600 -4.257900 -3.549000 -3.326700 -0.832700 -4.006600 -1.748500 -8.681800 -2.513700 -51.502000 
0.816000 -0.667500 -1.482600 -3.200000 -3.458200 -1.704100 -4.022000 -3.506700 -2.464600 -10.287400 -8.012000 -18.218200 
0.818000 -4.212400 -1.517400 -4.653800 -1.179500 -3.123800 -3.929800 -4.091200 -6.383600 -13.452700 -10.385300 -21.434500 
0.820000 -1.000300 -0.923300 -4.863100 -4.909200 -4.630400 -5.105100 -6.615200 -2.758300 -12.170800 -4.379700 -17.180200 
0.822000 -3.052000 -0.880800 -4.802700 -3.769400 -8.715700 -3.849900 -2.124700 -3.046300 -9.390900 -10.487900 -18.707000 
0.824000 -1.796600 -2.729300 -4.428600 -1.190400 -2.074900 -1.390000 -1.194000 -3.240700 -8.866900 -24.439100 -17.579000 
0.826000 -1.396100 -5.768400 -3.906400 -5.598700 -2.843200 -3.440500 -4.665500 -2.729600 -17.165600 -13.128600 -19.954400 
0.828000 -2.734200 -2.943000 -3.090700 -2.575300 -1.550900 -6.223700 -4.725500 -1.102300 -7.592600 -12.877400 -25.004400 
0.830000 -1.405800 -0.788800 -8.600300 -2.491500 -0.700500 -1.469500 -1.938000 -1.168800 -8.875200 -27.437500 -24.627500 
0.832000 -1.581600 -1.702500 -3.384600 -2.748800 -7.285000 -1.653300 -2.482400 -12.445200 -7.053800 -20.211700 -125.145800 
0.834000 -1.579900 -1.798500 -2.585900 -5.123800 -4.540000 -4.969100 -4.303500 -4.197200 -14.196500 -23.628800 -10.670000 
0.836000 -1.028000 -3.929700 -0.630300 -2.282600 -3.311300 -5.063600 -3.601100 -1.911100 -11.957300 -13.541700 -16.074600 
0.838000 -1.636600 -1.593500 -3.298500 -1.434400 -2.300000 -5.885500 -3.145700 -4.304000 -9.139700 -15.686400 -119.452900 
0.840000 -1.407900 -3.056300 -2.238300 -1.395200 -2.053200 -7.038400 -4.242900 -1.663400 -9.763800 -20.509900 -19.325200 
0.842000 -1.342600 -2.358400 -6.093100 -0.993000 -5.157800 -8.643800 -5.499000 -2.662500 -10.826700 -9.930700 -89.684700 
0.844000 -1.972500 -1.107300 -0.793800 -6.206400 -1.928400 -7.848900 -10.063300 -1.917500 -9.720100 -15.979300 -36.967100 
0.846000 -1.296700 -3.000900 -5.664600 -1.605300 -1.638600 -8.359500 -3.091500 -8.442200 -12.625400 -25.950500 -122.028600 
0.848000 -1.334100 -1.782400 -2.084600 -2.257700 -5.584200 -4.299700 -1.690100 -3.745400 -10.459600 -20.437000 -31.715300 
0.850000 -1.638300 -2.103000 -3.751300 -2.259300 -3.085200 -8.759300 -2.564300 -8.427500 -9.651900 -10.633800 -25.176200 
0.852000 -0.876700 -0.720600 -0.804900 -0.825700 -6.548500 -8.588800 -2.749400 -3.063100 -8.675800 -19.252800 -31.691400 
0.854000 -1.022600 -0.459200 -1.903100 -2.941200 -1.723400 -4.034100 -5.121900 -4.993500 -9.950000 -6.048400 -168.158000 
0.856000 -0.847700 -0.669500 -2.675300 -2.707800 -4.328900 -8.783500 -1.991500 -7.503100 -14.273400 -21.678900 -19.504400 
0.858000 -1.242000 -2.672600 -3.722400 -3.848800 -1.540000 -2.037200 -3.292600 -4.815400 -14.097100 -19.718200 -192.847500 
0.860000 -1.871300 -0.786000 -4.926000 -4.851400 -5.894800 -7.559900 -2.201000 -8.034700 -11.361500 -14.856000 -35.801300 
0.862000 -3.037900 -1.843800 -5.361200 -1.003200 -1.088300 -5.972500 -4.206200 -8.724800 -11.580700 -10.599800 -33.499600 
0.864000 -0.510400 -2.517600 -4.671600 -0.321300 -4.167800 -2.755400 -2.082700 -3.390000 -15.989700 -7.991400 -49.115000 
0.866000 -2.859400 -1.858700 -3.320700 -0.490000 -1.816200 -6.391700 -4.276600 -10.205000 -8.533100 -12.675600 -33.365000 
0.868000 -1.800300 -2.004800 -2.672300 -2.566500 -2.093300 -5.428200 -0.859900 -3.445400 -19.017400 -17.959500 -26.474200 
0.870000 -1.860400 -0.278400 -4.541400 -3.056200 -4.607100 -11.878600 -3.256400 -5.243600 -18.587200 -9.354700 -18.051000 
0.872000 -2.434900 -1.709200 -1.809500 -1.395500 -6.263400 -5.204400 -2.106800 -1.703500 -13.725000 -10.876000 -24.069300 
0.874000 -2.279400 -0.475200 -4.467900 -1.795600 -4.196400 -7.948800 -2.838800 -4.654500 -8.710000 -15.356600 -30.371600 
0.876000 -1.816900 -1.368500 -1.948900 -1.036500 -2.725300 -1.603900 -2.028600 -5.796000 -12.085000 -11.354800 -72.051300 
0.878000 -3.164900 -1.404000 -3.251600 -2.143300 -2.798700 -6.292500 -1.564100 -2.362100 -15.282600 -19.415800 -46.676300 
0.880000 -0.716500 -0.989900 -4.339500 -2.266000 -1.376500 -5.819100 -7.838200 -6.232500 -9.103400 -28.678000 -25.523800 
0.882000 -1.760600 -0.889800 -2.519000 -3.727700 -3.624800 -2.824200 -3.050300 -4.419600 -11.285900 -15.459400 -18.161600 
0.884000 -1.290200 -1.707300 -7.107500 -2.315800 -4.188400 -2.259300 -1.127900 -1.752900 -8.429200 -6.627600 -20.722400 
0.886000 -0.559300 -0.846800 -3.506700 -2.871900 -2.489700 -1.066300 -1.320300 -2.315700 -13.580600 -11.446600 -11.215400 
0.888000 -3.598200 -2.072900 -2.221200 -2.507600 -3.057700 -2.749900 -6.963700 -0.418400 -13.299600 -15.991600 -9.299400 
0.890000 -2.336100 -1.256200 -2.051600 -0.470400 -4.513900 -3.750200 -4.947200 -4.833700 -10.520000 -24.008900 -12.845000 
0.892000 -1.384900 -0.705300 -0.924100 -2.908700 -1.234800 -6.436900 -2.004800 -3.639100 -18.205600 -21.912300 -13.527900 
0.894000 -1.641500 -0.713000 -2.109300 -3.258200 -4.730800 -7.851500 -4.729500 -3.757500 -13.838300 -14.752600 -43.919300 
0.896000 -1.982500 -2.273300 -2.668000 -0.918900 -3.483100 -3.803300 -3.439800 -2.015000 -15.455600 -12.079500 -21.498600 
0.898000 -1.376200 -2.595900 -3.212500 -4.825600 -0.896100 -2.418700 -4.548000 -1.989000 -15.606900 -12.422000 -29.162900 
0.900000 -1.888100 -0.978600 -1.601900 -3.166100 -6.776600 -5.167900 -3.881000 -1.850900 -16.116500 -16.100900 -61.557500 
0.902000 -1.630200 -1.693900 -5.595300 -3.238000 -2.101800 -2.609800 -2.124600 -4.137900 -15.070900 -11.747600 -149.504900 
0.904000 -2.225300 -2.087500 -1.513300 -1.186300 -0.845300 -3.219300 -6.283600 -3.232600 -11.998400 -13.198700 -23.746700 
0.906000 -0.918500 -0.830800 -2.918900 -1.000100 -0.836200 -2.476600 -6.589000 -3.133000 -20.367200 -13.567100 -185.297200 
0.908000 -1.027600 -0.580900 -3.772900 -6.247300 -11.832500 -7.648100 -5.240400 -5.500700 -8.601300 -12.810700 -155.236000 
0.910000 -3.885100 -0.567400 -5.040900 -4.380000 -3.473600 -2.549900 -1.347100 -2.655000 -10.941800 -8.078900 -184.305300 
0.912000 -0.845900 -0.806500 -2.665900 -1.031700 -1.774800 -6.157800 -2.618500 -2.119300 -15.402200 -11.016300 -152.886000 
0.914000 -1.549700 -1.843400 -4.110900 -3.977300 -1.979400 -3.041800 -4.689600 -4.272200 -6.331600 -12.902900 -69.552600 
0.916000 -1.218800 -3.623400 -2.674900 -6.950600 -5.339300 -3.223500 -2.275500 -4.934300 -15.624700 -16.861500 -15.147500 
0.918000 -2.033000 -1.411400 -3.424100 -1.378100 -3.350800 -4.412000 -1.543300 -8.187700 -14.382500 -21.487200 -23.269500 
0.920000 -3.948200 -2.647300 -2.806700 -2.521700 -4.080500 -1.169100 -5.202700 -2.100800 -10.547800 -9.286300 -9.440300 
0.922000 -2.575900 -1.306100 -3.547800 -2.163100 -2.063900 -9.321200 -4.367700 -4.290400 -11.531300 -18.258300 -64.090200 
0.924000 -3.159400 -2.634000 -2.078500 -2.462800 -3.780500 -9.156700 -3.651900 -4.463600 -17.300400 -12.721100 -27.823400 
0.926000 -1.838100 -2.359200 -2.668500 -2.296100 -4.297300 -5.375300 -4.551300 -6.249100 -12.542500 -11.858400 -49.474000 
0.928000 -1.440300 -0.932100 -1.042600 -2.657700 -4.379800 -3.009100 -1.809900 -6.152000 -10.193800 -10.265100 -21.339900 
0.930000 -3.413700 -4.286000 -1.190200 -5.439100 -2.533000 -8.657700 -5.105600 -2.595600 -10.370200 -10.829500 -112.619500 
0.932000 -2.175500 -1.639300 -6.769000 -3.252400 -3.554700 -2.246000 -8.275300 -2.609800 -11.632200 -23.646600 -43.748800 
0.934000 -1.134200 -1.245200 -2.894900 -4.651200 -1.529300 -6.183300 -5.611500 -4.150800 -17.525900 -10.786900 -114.738000 
0.936000 -1.630300 -1.256800 -0.938900 -4.284200 -3.254800 -4.319400 -1.306400 -5.582300 -18.637700 -14.343500 -188.261800 
0.938000 -2.677200 -1.394100 -2.757200 -3.986900 -4.176200 -6.034000 -5.610500 -4.572100 -11.754800 -16.332100 -158.349100 
0.940000 -2.284100 -4.225800 -4.369400 -3.213800 -1.479500 -3.558600 -1.096900 -3.797500 -18.709500 -17.872400 -96.270700 
0.942000 -1.735100 -3.479800 -10.339400 -3.011700 -3.991200 -4.093200 -2.022900 -7.392200 -18.801400 -17.812700 -53.090600 
0.944000 -2.299000 -0.571800 -4.167800 -1.372800 -2.669800 -7.298200 -7.831000 -1.333500 -15.246800 -18.626800 -120.660400 
0.946000 -1.428700 -0.692300 -2.177500 -3.278100 -5.945400 -4.769200 -2.242400 -3.604600 -13.906900 -16.274400 -76.873900 
0.948000 -0.817300 -1.215900 -0.998500 -2.467600 -5.253700 -3.711000 -7.393600 -9.861800 -12.183500 -7.407600 -17.774000 
0.950000 -1.773000 -2.165800 -1.836800 -5.213100 -5.564600 -0.791900 -5.487000 -5.545200 -15.429900 -14.516300 -14.983900 
0.952000 -1.543400 -0.840400 -4.605800 -2.233300 -2.760200 -3.117100 -4.702000 -5.623600 -19.486700 -21.519400 -16.016600 
0.954000 -1.006100 -2.079000 -2.091800 -4.956200 -2.484800 -6.356200 -3.397100 -9.507500 -18.095700 -18.314100 -15.270300 
0.956000 -1.975400 -1.344600 -3.553700 -1.535500 -4.514500 -2.604300 -2.840200 -13.078800 -10.231300 -27.274200 -30.736200 
0.958000 -1.778400 -1.344200 -5.644500 -4.583600 -1.101000 -1.379500 -7.314000 -4.455600 -15.103800 -14.864000 -35.408800 
0.960000 -0.929300 -3.299900 -2.341000 -1.945500 -3.834300 -3.180700 -0.750700 -5.090000 -15.638600 -13.103700 -36.172500 
0.962000 -1.635300 -1.164300 -3.143500 -4.159600 -3.037700 -5.679100 -5.083300 -3.637700 -17.790800 -10.308800 -13.833500 
0.964000 -1.297400 -1.534800 -2.229800 -2.489800 -6.437800 -5.468000 -8.671100 -8.936300 -17.097400 -7.957100 -15.113400 
0.966000 -2.175300 -0.677000 -2.654200 -2.087500 -2.273600 -4.461200 -2.747400 -2.560600 -11.869100 -6.772200 -148.026600 
0.968000 -0.749200 -1.180900 -1.668800 -1.724000 -2.953700 -4.855900 -2.918700 -1.690200 -13.887400 -15.987600 -81.627500 
0.970000 -2.886600 -1.810700 -2.538400 -4.721900 -3.039300 -3.098500 -2.014700 -3.086300 -12.680900 -19.994700 -70.930000 
0.972000 -2.241400 -1.493600 -1.927700 -3.477500 -1.104100 -1.891100 -3.918100 -3.680600 -7.818400 -14.829300 -27.769500 
0.974000 -2.877100 -2.684200 -5.411800 -3.603400 -2.414100 -4.599900 -7.751000 -2.888700 -14.182200 -16.539500 -27.580900 
0.976000 -2.444200 -0.898300 -3.522600 -1.421200 -1.594700 -4.579500 -7.123000 -3.713200 -17.964800 -12.655600 -31.285000 
0.978000 -1.614700 -1.131900 -4.705400 -1.841800 -2.872300 -3.248400 -5.265300 -4.000300 -9.879100 -9.496500 -157.497700 
0.980000 -0.671400 -0.832900 -8.171500 -1.991400 -1.822900 -2.396600 -6.934800 -2.744300 -9.402700 -15.057100 -167.065900 
0.982000 -1.330400 -0.741800 -2.193300 -3.522900 -0.540900 -2.921800 -10.538600 -3.672300 -11.760500 -9.757200 -116.925900 
0.984000 -1.029800 -1.549700 -3.582800 -4.472800 -1.612700 -2.107000 -3.469600 -2.233900 -10.716600 -18.656300 -173.792000 
0.986000 -1.822400 -3.407400 -1.305100 -3.640400 -2.024000 -4.871900 -5.476400 -3.429700 -13.235500 -9.876900 -132.200200 
0.988000 -1.812600 -0.708400 -4.602500 -1.461400 -2.757800 -5.248000 -7.406000 -2.171600 -13.272100 -16.995500 -76.146600 
0.990000 -1.001600 -1.449500 -5.381600 -3.376900 -2.975000 -2.705200 -2.623500 -1.173600 -16.715400 -28.559600 -190.392000 
0.992000 -0.860500 -2.891600 -2.815000 -3.466300 -1.950500 -4.804900 -4.052400 -3.618900 -6.024200 -11.449900 -63.951800 
0.994000 -2.817400 -1.722100 -3.548100 -2.759300 -4.037800 -2.466200 -7.384000 -2.338500 -11.778700 -7.860000 -57.332800 
0.996000 -2.632100 -1.676900 -3.397200 -3.038400 -1.082200 -2.003100 -3.540000 -6.475300 -9.626500 -16.435700 -278.526000 
0.998000 -0.842600 -0.725600 -3.294200 -1.284700 -5.276900 -2.464400 -4.867100 -0.973900 -13.656000 -24.441700 -175.991500 
