# gradients (DV/DL) for lambdas: 0.0 0.1 0.2 0.3 0.4 0.5 0.6 0.7 0.8 0.9 1.0
0.000000 -0.490200 -0.590200 -2.092800 -0.769000 -1.024800 -1.565300 -1.754400 -1.141600 -0.280000 -2.090700 -7.341300 
0.002000 -0.215600 -1.020900 -1.508900 -3.043700 -0.776100 -1.234700 -0.792400 -0.844400 -1.445000 -0.773200 -2.463900 
0.004000 -3.463300 -2.214900 -2.555100 -1.854600 -0.360900 -1.906500 -1.208400 -0.734600 -0.997800 -2.953300 -8.166400 
0.006000 -0.966700 -0.291400 -0.770300 -1.561900 -0.786300 -1.226200 -0.688300 -0.799100 -0.834800 -1.218200 -0.893000 
0.008000 -0.771900 -0.455200 -1.184900 -0.685900 -1.094400 -1.516800 -0.372300 -2.328800 -0.296600 -1.957500 -8.727200 
0.010000 -1.058400 -0.661200 -0.678400 -0.751800 -1.228600 -0.565600 -1.718300 -1.989400 -2.554600 -1.938800 -4.423900 
0.012000 -1.316000 -1.479800 -1.331000 -2.799800 -5.167600 -0.497400 -2.218700 -0.927000 -1.062400 -2.692700 -1.091300 
0.014000 -0.985200 -1.070600 -2.088100 -0.746600 -0.517200 -1.473700 -1.492200 -2.135600 -6.522400 -5.789000 -2.078600 
0.016000 -1.156500 -0.851800 -0.469900 -0.530300 -2.459200 -1.572600 -1.486000 -1.870400 -1.061200 -1.576200 -3.961500 
0.018000 -0.373700 -0.932300 -3.798100 -0.485700 -0.933900 -0.425400 -0.691800 -1.271600 -1.948700 -0.973000 -1.330900 
0.020000 -0.801900 -0.490000 -1.442600 -0.507900 -1.212700 -0.466100 -1.579600 -1.726200 -2.779800 -1.018200 -1.175800 
0.022000 -0.993100 -0.815600 -0.607300 -0.063600 -0.758000 -0.719600 -0.640200 -1.755300 -3.159400 -3.660200 -5.674000 
0.024000 -1.114000 -0.150500 -1.167900 -0.910600 -1.384100 -2.613100 -1.767500 -0.494900 -3.911900 -1.120000 -4.251600 
0.026000 -0.496200 -1.681900 -0.758600 -0.273500 -1.407500 -1.584700 -2.637200 -0.106200 -2.875000 -0.580800 -3.233300 
0.028000 -0.565800 -0.996700 -1.070700 -0.409000 -0.101900 -0.145200 -0.906100 -2.599400 -2.183100 -1.119500 -7.376400 
0.030000 -0.810900 -2.815800 -1.190900 -0.916500 -0.782200 -0.980000 -3.166500 -0.287200 -2.215500 -1.614600 -3.321500 
0.032000 -0.898700 -0.557100 -0.807300 -0.777400 -0.753900 -1.842000 -2.891000 -0.932900 -4.830900 -2.967500 -3.996400 
0.034000 -0.242400 -0.988800 -0.625000 -1.275800 -0.912000 -1.448700 -3.349100 -1.047100 -3.426800 -1.535200 -6.573200 
0.036000 -1.816100 -0.607300 -1.642400 -1.092200 -1.078900 -0.952000 -1.693800 -0.783800 -1.047400 -5.287800 -7.877300 
0.038000 -1.116600 -0.487500 -2.008800 -1.337700 -1.193500 -0.284200 -1.531300 -2.381700 -0.859400 -1.357000 -5.705100 
0.040000 -3.629500 -0.892800 -0.835900 -1.352500 -1.404200 -1.521500 -1.438800 -1.407000 -1.326800 -1.950700 -3.328900 
0.042000 -0.358900 -0.266700 -0.538200 -0.257000 -0.543900 -3.075700 -0.706200 -1.218600 -1.684300 -3.830500 -1.648300 
0.044000 -0.826300 -0.645100 -1.298900 -0.779500 -2.560300 -0.715000 -0.646800 -2.463100 -2.052200 -1.687600 -5.082300 
0.046000 -0.776200 -0.566000 -1.664100 -1.310400 -0.962600 -1.858900 -6.728100 -1.212200 -0.680800 -2.882400 -4.598900 
0.048000 -1.440100 -0.881100 -1.138900 -0.876700 -1.234200 -0.651000 -1.941100 -2.227100 -2.772700 -5.435700 -4.379000 
0.050000 -0.544900 -0.915800 -0.170400 -0.775700 -1.012900 -1.975300 -2.652200 -2.082800 -1.354100 -1.642300 -3.594000 
0.052000 -0.841100 -0.746000 -1.263100 -0.620700 -1.395900 -3.753800 -2.723200 -7.236100 -1.182000 -1.284900 -1.706000 
0.054000 -0.491100 -0.818100 -2.155200 -0.758200 -1.085500 -1.399700 -0.821200 -3.030800 -1.401800 -2.901200 -3.737700 
0.056000 -1.690500 -1.472400 -0.777100 -0.233700 -1.821300 -1.055000 -1.008500 -2.414700 -5.270600 -1.317100 -0.970000 
0.058000 -1.438200 -1.493000 -2.761200 -0.470400 -0.591700 -0.540800 -1.423400 -1.939200 -1.868000 -1.365100 -3.357200 
0.060000 -0.244900 -0.435800 -1.354500 -1.028200 -1.166300 -2.019500 -0.442500 -1.095100 -1.694600 -4.383500 -2.877700 
0.062000 -1.162200 -1.735800 -2.055000 -1.341300 -0.423000 -0.955900 -0.897900 -0.986100 -3.918300 -0.847000 -1.047000 
0.064000 -1.696300 -1.037100 -1.687700 -1.356300 -0.552500 -0.702300 -1.715300 -0.480300 -1.562900 -1.747000 -4.818800 
0.066000 -0.453000 -1.278500 -0.304200 -2.940300 -1.299000 -0.390600 -1.604600 -2.340100 -2.077100 -1.394400 -1.045700 
0.068000 -1.116200 -2.280000 -0.363000 -0.642600 -0.835100 -1.238200 -2.187100 -0.898900 -2.003200 -5.981000 -3.316700 
0.070000 -0.338800 -1.780000 -0.851900 -2.544000 -3.841400 -0.767300 -0.665100 -2.367900 -3.545000 -1.485400 -7.742700 
0.072000 -1.035100 -1.335200 -0.635200 -0.784000 -1.202700 -1.092700 -1.829700 -1.572600 -3.750500 -7.544200 -8.114000 
0.074000 -0.380400 -0.815200 -1.108500 -0.358900 -1.543200 -3.463100 -2.294200 -0.838800 -1.078500 -1.016900 -1.220500 
0.076000 -1.065600 -1.098400 -2.326100 -0.511400 -3.024500 -1.159100 -2.505400 -1.907100 -0.955900 -0.626900 -1.198500 
0.078000 -0.411900 -0.986500 -1.633300 -1.769800 -2.202900 -1.387800 -0.739600 -2.394400 -2.739300 -4.716400 -2.736500 
0.080000 -1.312900 -1.376800 -1.211500 -1.029700 -0.677300 -1.227900 -0.945500 -3.286500 -3.638200 -1.857900 -3.377000 
0.082000 -0.398800 -0.473500 -1.236700 -0.883200 -0.263400 -1.054900 -1.834700 -3.209800 -4.014600 -1.334700 -3.654600 
0.084000 -1.455200 -0.734700 -2.313800 -1.474500 -0.770800 -0.282800 -1.572000 -3.466600 -0.389400 -1.369400 -4.837800 
0.086000 -0.693000 -1.129500 -0.600300 -0.514000 -1.450400 -1.107700 -1.908700 -2.136400 -7.306500 -0.927000 -1.388100 
0.088000 -0.884600 -0.907000 -2.028600 -3.421900 -3.062400 -2.355900 -0.866300 -1.741500 -4.202200 -0.189700 -2.769500 
0.090000 -0.305800 -1.803500 -0.817600 -0.358600 -1.807700 -3.863200 -0.391100 -5.044500 -4.465600 -0.781100 -4.901700 
0.092000 -1.941200 -1.897900 -0.514200 -0.267800 -1.078700 -1.406200 -1.393400 -4.503300 -4.677900 -0.654200 -2.090000 
0.094000 -0.744900 -0.804400 -0.735500 -2.464500 -0.927200 -2.335900 -3.591300 -6.604100 -1.118600 -2.345700 -13.712300 
0.096000 -1.130100 -1.044200 -1.624000 -1.400500 -0.537000 -2.142700 -0.369400 -0.525400 -0.780500 -0.354700 -3.111100 
0.098000 -2.033500 -1.716500 -0.360500 -1.806900 -2.506200 -0.729300 -2.073600 -2.901300 -1.077300 -1.525400 -1.382400 
0.100000 -0.767900 -0.765700 -1.010300 -1.900900 -1.764000 -0.987100 -1.982100 -1.257800 -3.774000 -1.096400 -0.711200 
0.102000 -0.825100 -0.859100 -1.178400 -0.372800 -0.404900 -1.247600 -0.334500 -2.936900 -0.545200 -1.301900 -4.901900 
0.104000 -0.865800 -1.020100 -1.088300 -0.656200 -0.967300 -2.484000 -0.421100 -1.306300 -5.203100 -0.894900 -2.103200 
0.106000 -1.208700 -0.528300 -1.905900 -0.677800 -0.233000 -0.917000 -0.569500 -0.567300 -1.636200 -1.313900 -2.616500 
0.108000 -0.932400 -1.722100 -0.719200 -2.215500 -0.752900 -1.262000 -1.480100 -2.424700 -2.517900 -1.795000 -2.803900 
0.110000 -0.787500 -0.369000 -1.342400 -1.517900 -1.025800 -0.794800 -2.517000 -0.796300 -2.804100 -2.667200 -0.869600 
0.112000 -0.634700 -1.817700 -0.934200 -2.095000 -1.861300 -0.413300 -1.063000 -1.044900 -0.490000 -3.991700 -1.382200 
0.114000 -0.983100 -1.405300 -0.327600 -1.749400 -1.292200 -1.829200 -0.736200 -2.237000 -2.360200 -3.065700 -3.603300 
0.116000 -1.854600 -1.729600 -0.856300 -0.784800 -0.903300 -0.742900 -0.973700 -2.080500 -1.914200 -3.316900 -3.488900 
0.118000 -0.506300 -1.055800 -0.729200 -0.487200 -1.027800 -2.655600 -2.333400 -0.324700 -2.610200 -2.217300 -2.445200 
0.120000 -2.297100 -0.933100 -0.674600 -1.206000 -0.782300 -2.000900 -0.797600 -2.175300 -3.974200 -1.407000 -1.508600 
0.122000 -0.775700 -0.635900 -0.891400 -2.234900 -0.323000 -1.554000 -0.607100 -0.895300 -1.796300 -1.231800 -3.710200 
0.124000 -0.755400 -0.664500 -0.344500 -0.860700 -1.645900 -0.555700 -2.539500 -1.874600 -0.512300 -1.891700 -5.181900 
0.126000 -0.305100 -0.395600 -0.558700 -1.327300 -1.012100 -0.565000 -0.693700 -1.264000 -1.945800 -0.286700 -2.694400 
0.128000 -1.423700 -0.165700 -0.272200 -0.331000 -0.832500 -2.331900 -1.210000 -0.983800 -1.817300 -5.199100 -1.489700 
0.130000 -0.836800 -1.041800 -1.032600 -1.126500 -2.311000 -0.944000 -2.682000 -1.777300 -1.306700 -0.402200 -6.154800 
0.132000 -0.662600 -0.780800 -0.475600 -0.436000 -2.605200 -0.515400 -1.789900 -1.109700 -1.823300 -1.411400 -3.964300 
0.134000 -1.731600 -0.546100 -0.998200 -1.132000 -1.519400 -1.883700 -1.480100 -1.650900 -1.075700 -0.834400 -1.593900 
0.136000 -0.682800 -2.414700 -0.615800 -1.148400 -1.137000 -0.879700 -1.484100 -1.926000 -3.594600 -2.595900 -2.885500 
0.138000 -1.539700 -0.264700 -4.229700 -1.946600 -1.045500 -1.460400 -1.443000 -2.467200 -2.168900 -2.710900 -1.548400 
0.140000 -1.060800 -0.793300 -0.431100 -1.115100 -0.501700 -0.663100 -1.387000 -2.310600 -2.758300 -3.522500 -1.486900 
0.142000 -0.937100 -1.374400 -0.684600 -1.187900 -2.797700 -0.290000 -3.974700 -0.476300 -1.603900 -1.153500 -2.762600 
0.144000 -0.631100 -0.711900 -1.943900 -1.477600 -0.704400 -2.401900 -1.584400 -1.403500 -1.227400 -0.335500 -1.441300 
0.146000 -0.237400 -1.236300 -1.283800 -1.261500 -3.211400 -0.808000 -2.084300 -0.509500 -3.048500 -4.489000 -5.004400 
0.148000 -2.612300 -1.384400 -0.976900 -0.287300 -1.737500 -1.905400 -4.022200 -0.962700 -3.830500 -2.123700 -2.975700 
0.150000 -0.588500 -1.548300 -1.864600 -0.968500 -0.499900 -2.075000 -0.931500 -0.980400 -1.020700 -5.618200 -4.270300 
0.152000 -0.820300 -0.743600 -0.942700 -0.690500 -0.846800 -0.142400 -1.864900 -2.609600 -1.380700 -0.913800 -2.194500 
0.154000 -0.126900 -0.869400 -3.501300 -1.330200 -1.436100 -2.628200 -3.245000 -5.360000 -3.758200 -4.789900 -4.314000 
0.156000 -0.897000 -0.530400 -1.354400 -1.741500 -0.211800 -1.057200 -2.467500 -5.542200 -1.003700 -0.433500 -1.771900 
0.158000 -0.812600 -1.896800 -1.214600 -2.415200 -1.547600 -1.413000 -0.767700 -2.656400 -1.781300 -3.347600 -0.767800 
0.160000 -0.772000 -1.394100 -0.592800 -1.266500 -2.638400 -0.737100 -2.087900 -1.846900 -0.589500 -1.428200 -8.508200 
0.162000 -2.040000 -0.563600 -0.618200 -0.444600 -1.936500 -2.227400 -0.472000 -1.249400 -0.999400 -5.251100 -0.886700 
0.164000 -0.712200 -1.398000 -0.226600 -0.790700 -0.357800 -1.200600 -0.549200 -2.689900 -2.089200 -1.118400 -6.393800 
0.166000 -0.837700 -0.840900 -0.882200 -2.073900 -0.457900 -0.582100 -0.963600 -3.719800 -1.754800 -0.796600 -1.957500 
0.168000 -1.434600 -1.251000 -1.489700 -0.335400 -0.984100 -0.353300 -1.161100 -1.402100 -0.626800 -2.120900 -5.353900 
0.170000 -0.421900 -0.561200 -2.455400 -0.533800 -0.823000 -3.273500 -0.053600 -0.890400 -2.282100 -1.004100 -6.928500 
0.172000 -1.483000 -0.344100 -1.372800 -0.972600 -0.945300 -1.346700 -3.305800 -0.823300 -1.006300 -5.518000 -2.432700 
0.174000 -0.614300 -2.103800 -2.229400 -3.006600 -1.250200 -1.801200 -1.940000 -1.540000 -1.137600 -3.127200 -3.049500 
0.176000 -0.569500 -1.038200 -0.300400 -1.243500 -0.781700 -1.833600 -5.606000 -1.484100 -1.760600 -7.151200 -0.702400 
0.178000 -1.191200 -0.568800 -0.203400 -3.994100 -2.083200 -1.253800 -1.241900 -1.292100 -2.148100 -1.250400 -0.895700 
0.180000 -1.586100 -0.626400 -0.575700 -2.562100 -0.721700 -3.897800 -3.681100 -1.806800 -4.610300 -2.395900 -1.382400 
0.182000 -1.240300 -0.586700 -0.890400 -0.530000 -1.078600 -0.628000 -1.634000 -0.818400 -1.459500 -0.749700 -0.764500 
0.184000 -0.709800 -0.691200 -0.589800 -0.926800 -1.245200 -0.349900 -1.207400 -2.279000 -0.926500 -2.582500 -5.929600 
0.186000 -2.213400 -1.068800 -3.808700 -0.608500 -0.691700 -1.084900 -4.113600 -0.615600 -1.638200 -3.064500 -2.642400 
0.188000 -0.651500 -0.246500 -1.493200 -2.011900 -1.189300 -1.041900 -1.850900 -0.735200 -2.620600 -1.884100 -1.361200 
0.190000 -0.478900 -1.452500 -1.435400 -1.347000 -1.594100 -1.330000 -0.791800 -0.170500 -4.589700 -4.544000 -3.175400 
0.192000 -1.725900 -0.330800 -0.382000 -0.529300 -1.612900 -1.628300 -1.286700 -1.767400 -2.765500 -1.895900 -2.445800 
0.194000 -0.559000 -0.744500 -1.666700 -0.739400 -0.436800 -0.656800 -1.957500 -1.121600 -0.617300 -1.363800 -4.008300 
0.196000 -1.069200 -0.428000 -0.781900 -0.566800 -1.502500 -0.272900 -1.674200 -2.063700 -0.917300 -3.909200 -7.187100 
0.198000 -0.752600 -0.725300 -1.716500 -0.427800 -1.238400 -2.158000 -2.544600 -0.799800 -1.373100 -3.229000 -5.562600 
0.200000 -0.292000 -1.039900 -0.602700 -1.383400 -1.118000 -0.905800 -3.943100 -0.760400 -3.751900 -3.637100 -6.057900 
0.202000 -0.584900 -0.677300 -0.834900 -0.939200 -1.421200 -1.302100 -1.149000 -1.074400 -0.845500 -2.818100 -4.598400 
0.204000 -1.077800 -0.219000 -0.974600 -0.396600 -0.455700 -2.251600 -2.420100 -1.280000 -1.240600 -0.731300 -2.180000 
0.206000 -0.936500 -0.415300 -1.704700 -0.971800 -1.930600 -2.379800 -2.450000 -1.749400 -0.736700 -0.578900 -2.685800 
0.208000 -1.023700 -0.455700 -0.547800 -0.458400 -0.660300 -0.373600 -0.666200 -0.875500 -1.221000 -4.889200 -2.444800 
0.210000 -0.553100 -0.801300 -0.851800 -0.695100 -0.636400 -1.553000 -1.253100 -0.143900 -1.663800 -7.051500 -0.653200 
0.212000 -0.494800 -0.509000 -0.519800 -4.307500 -0.107300 -0.558100 -1.275700 -1.791200 -2.415100 -1.956900 -0.977500 
0.214000 -0.336300 -0.693200 -0.692100 -1.499100 -1.495100 -1.818000 -2.144400 -2.976300 -2.242400 -1.209000 -15.847400 
0.216000 -1.561500 -1.814000 -0.578600 -1.798600 -0.754800 -0.449100 -1.578500 -0.728500 -2.401700 -7.098200 -2.355800 
0.218000 -2.315800 -1.047300 -1.522000 -0.803700 -0.778700 -1.934400 -0.843100 -0.549200 -0.631200 -1.009100 -5.498400 
0.220000 -1.558000 -0.824800 -1.060300 -0.663800 -2.429500 -2.607800 -0.945000 -7.816200 -1.884900 -4.292500 -2.340800 
0.222000 -1.252500 -1.084600 -0.752700 -1.310800 -1.876000 -1.505100 -2.839000 -0.969300 -1.121300 -8.614100 -5.554500 
0.224000 -1.088300 -0.888900 -0.651700 -1.691800 -0.596400 -1.799500 -0.907400 -1.175200 -0.858500 -2.209100 -2.335600 
0.226000 -0.843500 -0.588300 -0.171800 -1.747400 -1.617800 -1.326500 -1.316300 -0.709900 -0.348700 -1.491400 -4.913300 
0.228000 -1.392300 -0.956500 -1.390800 -0.664600 -2.048100 -1.306200 -0.664200 -1.995400 -1.395100 -0.534600 -3.746400 
0.230000 -1.590700 -0.922600 -0.666400 -1.074700 -0.567800 -0.649500 -2.841500 -0.817400 -1.341900 -3.996300 -4.469500 
0.232000 -1.625700 -0.467400 -1.443200 -2.605200 -0.691200 -0.433500 -0.932500 -1.091100 -0.704500 -1.909600 -5.089700 
0.234000 -0.391800 -0.961100 -0.282900 -0.714700 -0.766000 -3.684800 -1.837700 -0.785900 -2.447900 -3.421300 -2.026400 
0.236000 -1.953400 -0.546800 -1.201800 -0.927400 -1.276600 -1.753000 -1.912100 -0.985800 -1.054300 -3.775000 -1.352700 
0.238000 -0.130600 -0.698900 -0.848100 -1.774900 -0.146400 -0.718400 -1.871300 -0.242900 -0.616400 -1.202400 -3.601700 
0.240000 -1.528900 -0.102300 -1.413800 -0.459700 -1.025900 -0.794000 -0.448300 -0.678200 -1.350900 -2.623000 -2.699700 
0.242000 -1.709200 -0.831200 -1.550300 -2.085100 -0.566700 -0.372900 -1.820500 -0.892600 -1.210700 -1.568200 -2.344600 
0.244000 -0.783600 -1.088900 -0.953300 -2.284700 -0.720400 -0.660800 -1.672100 -2.523700 -1.176900 -0.395100 -0.675100 
0.246000 -0.775600 -0.746700 -0.500200 -0.302400 -0.228600 -2.210100 -1.841700 -1.577600 -1.603600 -1.449300 -0.559800 
0.248000 -0.492100 -0.243000 -2.637200 -1.713600 -1.694800 -1.507700 -2.470400 -1.019500 -3.279500 -1.216300 -2.572900 
0.250000 -0.945700 -0.568500 -0.605700 -1.739400 -0.803500 -0.765100 -0.821900 -1.661100 -4.839300 -3.423100 -2.935200 
0.252000 -0.153300 -0.759100 -0.956200 -0.373100 -1.835300 -2.637400 -0.695500 -1.484200 -1.763900 -0.818900 -3.215400 
0.254000 -0.574000 -0.470900 -0.878300 -0.531700 -2.482100 -6.856600 -1.527800 -1.538200 -2.552000 -0.664000 -2.073000 
0.256000 -1.161100 -0.195800 -0.757600 -1.603800 -2.007900 -1.516400 -1.051100 -0.973200 -1.789500 -5.475700 -1.563900 
0.258000 -1.303700 -0.479700 -2.280300 -1.395800 -1.064300 -1.943500 -2.217200 -1.099200 -3.187900 -0.348100 -8.322700 
0.260000 -0.334500 -1.096300 -1.152000 -2.968500 -2.228600 -1.743000 -1.151100 -5.234200 -2.458500 -0.634400 -1.269400 
0.262000 -0.402400 -1.202500 -1.010100 -1.021300 -2.445200 -0.288400 -0.471200 -0.948700 -0.837500 -3.165100 -0.995700 
0.264000 -0.406700 -0.970400 -0.681500 -1.308900 -2.451000 -0.274300 -1.735000 -2.052600 -0.297600 -1.011800 -4.218600 
0.266000 -0.933300 -3.703400 -1.370900 -1.766300 -1.703700 -0.351900 -3.262800 -3.734900 -0.585200 -0.449500 -2.747600 
0.268000 -0.853200 -2.635600 -2.020500 -1.138900 -1.285400 -2.973000 -0.830500 -1.173800 -1.406500 -2.119300 -1.419500 
0.270000 -1.339000 -0.594900 -0.933400 -1.044800 -2.295900 -1.731700 -0.658900 -1.780300 -0.758400 -1.917700 -14.954000 
0.272000 -0.680800 -1.921000 -2.209900 -1.635800 -0.704400 -3.462100 -0.964900 -1.098800 -1.548900 -0.521500 -1.823700 
0.274000 -1.246900 -2.305600 -1.227700 -2.390900 -1.768600 -0.976200 -0.962400 -2.090900 -1.400300 -2.400400 -1.970000 
0.276000 -0.990300 -0.853700 -1.754100 -1.326400 -0.737100 -1.463400 -5.290600 -1.744800 -0.555800 -5.910800 -6.918400 
0.278000 -1.083600 -0.380900 -0.831800 -1.854100 -0.861100 -2.190600 -2.676600 -1.032400 -0.448600 -0.226900 -3.412900 
0.280000 -0.389500 -0.549200 -0.596600 -0.303200 -0.523800 -1.036700 -1.983100 -1.898900 -1.502400 -2.148000 -1.327900 
0.282000 -1.617400 -1.148400 -1.667900 -1.102100 -0.978200 -2.576100 -1.554400 -0.618600 -2.632100 -3.122400 -3.195300 
0.284000 -1.339000 -0.284800 -1.334100 -1.367200 -0.393500 -2.483700 -1.895800 -0.295500 -3.050800 -5.211400 -8.041000 
0.286000 -0.676900 -0.685200 -2.147600 -0.932300 -1.264800 -3.395100 -0.661400 -3.891200 -0.711200 -0.898000 -1.593200 
0.288000 -1.461200 -0.696800 -0.801800 -1.033900 -1.208900 -1.655500 -0.752200 -2.153000 -1.385700 -4.403300 -1.467000 
0.290000 -1.336300 -0.194300 -0.373000 -4.502800 -2.204200 -1.412300 -2.240400 -0.653900 -1.693200 -1.527500 -3.354100 
0.292000 -1.098600 -0.846600 -0.749900 -1.219900 -1.372800 -2.413900 -0.711700 -2.425200 -2.971300 -1.590300 -1.996600 
0.294000 -0.866500 -1.487100 -1.356600 -1.539300 -0.940500 -0.596200 -0.992000 -3.249700 -2.079100 -2.735900 -3.767500 
0.296000 -1.372200 -1.539500 -0.796500 -0.908500 -0.136900 -1.247100 -1.239100 -1.235700 -0.844800 -1.774800 -2.582400 
0.298000 -0.133100 -1.149800 -1.097200 -1.649900 -0.962200 -1.471000 -3.958600 -0.231000 -1.334300 -2.146100 -1.497300 
0.300000 -0.592700 -0.349300 -0.966900 -1.697800 -0.866600 -1.680000 -1.340800 -1.501600 -2.268500 -0.769000 -3.597000 
0.302000 -0.992000 -0.880900 -0.876300 -3.133200 -1.142400 -0.642900 -1.403700 -0.340100 -1.626400 -2.943100 -1.133100 
0.304000 -0.288300 -1.803400 -0.583500 -1.440800 -2.336200 -0.308000 -0.778700 -4.444500 -1.931800 -1.210300 -7.548500 
0.306000 -0.622600 -1.455000 -1.158400 -1.519500 -0.935200 -2.429500 -0.556700 -2.565500 -0.612900 -1.220800 -0.228400 
0.308000 -0.683400 -1.507600 -1.044600 -0.630700 -1.362600 -0.824900 -0.926100 -1.639100 -1.092100 -1.788200 -7.067400 
0.310000 -1.003100 -0.909100 -2.131400 -0.802700 -2.416900 -1.121400 -1.991400 -1.026400 -2.633400 -1.546000 -4.097800 
0.312000 -0.748600 -1.905500 -0.701700 -0.433700 -1.798500 -0.279000 -1.199500 -2.595400 -2.718200 -1.244500 -3.902600 
0.314000 -0.535300 -1.683900 -2.190000 -0.429000 -1.546400 -0.720700 -0.731200 -2.512600 -2.881200 -4.761500 -5.379600 
0.316000 -1.114100 -1.164900 -1.971300 -1.638600 -0.784600 -0.580300 -1.449100 -4.586100 -1.538300 -3.438500 -3.596900 
0.318000 -1.189600 -0.466800 -1.997700 -1.504400 -1.071800 -0.833100 -2.281900 -2.391500 -3.245800 -2.657800 -1.124800 
0.320000 -1.337000 -0.603600 -1.255400 -1.808500 -1.094000 -0.113100 -2.837300 -2.394900 -0.911400 -0.708800 -1.782400 
0.322000 -0.581800 -0.998100 -1.077700 -0.322600 -0.397600 -0.494600 -1.301000 -0.676700 -2.533900 -4.243400 -1.341600 
0.324000 -0.547800 -0.705500 -0.658200 -1.867800 -0.445000 -0.578500 -2.031100 -1.774800 -1.206700 -9.438800 -2.486700 
0.326000 -1.266400 -1.653900 -0.761600 -1.009400 -2.960800 -2.034100 -2.066700 -3.580600 -1.035200 -3.416700 -3.564400 
0.328000 -1.036700 -0.726300 -0.665600 -1.702900 -0.678100 -1.585300 -0.110400 -0.722100 -1.713500 -1.253600 -4.804900 
0.330000 -0.669900 -1.774600 -0.501000 -0.482400 -0.398600 -1.381200 -1.554100 -0.884200 -4.346200 -4.150600 -1.655700 
0.332000 -0.205300 -0.561500 -1.297800 -1.728000 -1.856800 -1.571800 -2.085200 -2.813100 -1.504200 -1.948600 -2.914700 
0.334000 -1.714100 -2.034500 -0.313700 -0.306800 -1.079000 -0.607600 -1.457300 -2.699600 -3.222500 -0.761900 -3.026900 
0.336000 -0.978200 -0.198500 -0.425300 -0.778300 -0.495300 -1.480700 -1.291200 -0.754800 -2.222700 -1.375200 -3.417500 
0.338000 -1.126400 -0.797300 -0.876300 -2.314300 -1.476500 -1.604500 -0.695800 -1.041300 -2.535500 -1.701400 -8.216200 
0.340000 -0.514300 -0.965900 -2.319000 -1.092100 -0.968800 -3.476600 -1.674500 -2.795600 -1.622200 -1.328100 -1.402000 
0.342000 -0.298100 -3.370200 -0.357500 -1.431500 -1.942000 -1.086100 -2.334000 -3.792200 -3.228200 -0.318600 -3.832100 
0.344000 -0.314300 -0.226900 -2.155000 -2.885900 -3.380300 -3.379200 -2.250400 -1.747700 -1.850700 -9.444300 -2.250700 
0.346000 -0.186700 -2.017100 -0.913100 -0.836200 -2.722300 -0.734800 -0.430300 -1.291200 -1.422300 -10.362500 -1.850300 
0.348000 -0.595400 -1.083400 -2.407600 -0.415700 -0.600800 -0.582100 -1.472100 -4.955200 -0.608000 -3.754900 -2.948300 
0.350000 -0.458600 -2.665400 -0.741700 -0.791400 -1.227200 -0.718700 -1.630600 -1.443300 -1.211600 -1.398500 -2.616800 
0.352000 -1.115200 -1.333100 -0.528700 -2.370600 -0.520900 -0.435500 -1.059500 -0.308400 -2.653100 -1.765100 -5.596200 
0.354000 -1.779000 -1.151000 -0.269400 -1.248100 -2.478900 -0.852100 -1.569700 -1.374800 -2.350800 -2.934100 -0.708300 
0.356000 -0.166200 -1.764400 -0.568600 -1.731600 -0.470100 -0.677900 -4.731700 -2.176300 -4.973000 -2.239800 -5.538500 
0.358000 -1.669700 -0.356000 -1.549900 -0.946900 -0.535200 -0.847900 -1.629300 -2.694600 -5.004700 -2.993800 -3.791900 
0.360000 -0.733400 -2.055600 -1.611800 -0.488100 -2.586300 -0.657000 -1.168900 -3.727100 -0.635400 -3.510500 -2.080100 
0.362000 -1.138000 -0.929300 -0.773900 -1.096500 -0.708300 -0.742900 -0.950300 -1.680100 -2.649500 -2.040300 -3.246500 
0.364000 -0.631500 -1.777600 -1.511200 -0.640800 -2.148600 -1.503800 -2.285900 -0.439600 -4.663400 -0.762700 -0.372600 
0.366000 -0.988600 -0.443600 -2.225600 -1.372200 -0.337600 -0.725100 -0.338500 -2.035300 -0.980400 -0.954000 -6.404700 
0.368000 -2.529300 -0.839300 -1.852300 -0.691500 -0.623000 -1.577400 -0.955700 -2.192800 -0.666100 -1.585400 -1.800100 
0.370000 -0.956900 -0.509000 -0.859900 -2.496200 -1.975100 -3.613100 -1.511800 -4.054500 -1.800500 -1.090300 -6.171400 
0.372000 -0.139200 -0.883900 -0.900500 -1.489400 -0.627900 -0.781200 -1.175900 -3.262100 -1.126200 -2.316300 -2.161700 
0.374000 -0.556400 -1.184700 -1.511300 -1.870300 -1.164900 -1.287100 -1.628900 -0.628300 -2.203600 -5.233700 -4.963400 
0.376000 -0.235300 -0.612700 -0.609600 -1.159000 -0.886400 -1.876500 -2.243900 -2.323000 -3.175700 -1.726000 -2.236300 
0.378000 -0.392200 -1.453100 -1.208700 -1.103400 -0.859700 -1.474900 -1.788500 -3.580000 -0.248200 -2.742700 -3.509700 
0.380000 -0.772000 -1.841300 -0.737500 -0.919100 -0.682300 -1.342100 -0.905100 -1.875000 -3.476000 -2.660100 -0.931000 
0.382000 -1.618000 -1.646200 -1.136000 -3.360200 -2.618300 -1.758100 -0.804200 -1.192600 -2.510300 -6.141100 -3.412700 
0.384000 -0.330100 -1.424900 -0.443600 -2.687100 -0.715800 -3.859300 -0.427900 -5.500500 -1.519400 -0.432900 -4.217500 
0.386000 -0.650600 -0.619000 -1.192200 -0.990800 -0.453500 -0.907300 -1.133400 -3.116000 -0.972500 -2.219500 -2.752600 
0.388000 -0.896000 -1.202100 -0.440300 -0.749400 -1.424900 -1.430600 -1.607300 -1.100700 -2.187700 -3.183200 -1.428900 
0.390000 -0.320900 -0.536800 -0.373700 -1.284000 -0.745600 -1.634100 -0.699000 -3.038000 -5.928800 -2.037500 -1.788900 
0.392000 -0.948200 -0.799400 -2.519000 -2.963800 -0.787600 -1.571900 -1.950600 -0.604600 -1.717300 -0.812500 -3.563200 
0.394000 -1.030700 -1.204400 -2.114400 -0.613000 -0.993400 -1.724300 -2.029100 -3.178300 -0.636400 -0.507200 -2.301800 
0.396000 -0.562500 -1.043400 -1.706000 -1.861400 -1.373000 -3.223000 -1.841400 -0.438200 -0.519300 -0.472100 -8.535500 
0.398000 -0.510500 -1.453000 -1.095400 -1.030100 -0.406900 -0.870400 -0.720900 -0.434800 -2.624200 -2.697400 -3.886900 
0.400000 -0.950900 -2.238000 -2.327300 -1.098000 -1.481600 -0.962800 -0.653700 -1.531600 -4.131500 -4.394600 -2.317200 
0.402000 -0.746400 -1.011900 -0.491100 -0.782400 -0.534000 -1.193000 -1.034100 -1.318600 -1.771500 -5.338600 -1.585300 
0.404000 -1.550700 -1.064500 -0.414600 -1.386300 -0.749200 -2.025100 -0.861200 -2.017100 -0.733000 -1.445400 -0.448800 
0.406000 -0.573600 -0.133400 -0.640200 -0.608100 -0.172100 -1.653700 -1.243800 -1.540500 -2.442400 -1.381100 -10.342600 
0.408000 -0.282300 -1.266200 -1.318600 -1.714700 -0.500700 -2.733800 -2.167600 -0.365600 -2.085500 -2.670700 -3.079400 
0.410000 -1.166800 -1.458500 -0.281700 -0.904300 -1.135300 -1.961800 -0.729800 -0.888800 -3.049100 -2.114400 -3.544000 
0.412000 -0.137100 -1.007000 -0.215500 -2.920100 -0.290400 -2.276000 -0.694800 -0.706400 -1.779000 -2.218100 -4.453800 
0.414000 -0.819300 -2.047400 -0.953700 -0.954800 -3.205200 -1.388700 -0.660000 -1.961500 -1.153400 -0.836400 -0.656100 
0.416000 -2.859300 -0.237200 -0.499300 -0.584300 -1.073500 -0.204300 -1.351200 -0.955500 -4.754600 -1.490300 -4.480300 
0.418000 -1.056800 -1.014800 -1.587300 -1.161900 -2.041500 -0.687500 -2.243200 -1.584700 -1.102400 -1.702500 -0.658200 
0.420000 -0.535900 -2.719700 -2.180000 -1.759500 -1.347700 -0.818200 -1.593000 -4.006300 -2.911300 -1.659000 -0.546500 
0.422000 -1.077000 -1.057400 -0.419000 -1.351300 -1.257800 -1.403100 -1.151000 -1.689700 -1.750200 -2.532600 -1.782100 
0.424000 -0.404900 -0.534500 -1.580000 -0.872500 -0.939500 -3.846800 -0.544800 -1.108900 -0.688000 -5.354900 -10.222100 
0.426000 -0.968200 -0.360400 -0.659800 -0.548600 -0.520200 -2.237500 -1.315800 -0.471300 -1.880200 -0.970100 -0.184800 
0.428000 -1.567100 -1.110300 -0.314900 -3.568900 -0.462300 -0.943600 -2.224300 -3.276800 -2.582000 -5.698100 -4.164700 
0.430000 -0.745500 -2.172000 -0.348300 -0.420400 -1.781000 -1.761600 -2.926900 -5.681300 -6.206900 -1.449400 -0.838800 
0.432000 -0.643500 -0.983600 -0.470200 -1.050800 -1.492600 -0.894100 -0.743600 -5.257500 -1.255000 -0.721900 -1.227500 
0.434000 -3.865500 -1.699200 -2.241500 -0.867800 -0.905800 -0.645000 -0.551500 -0.847900 -2.381800 -1.457000 -1.595600 
0.436000 -0.634500 -1.088500 -2.539700 -2.359100 -3.557500 -0.895200 -1.008500 -0.644200 -4.036800 -4.431200 -3.147900 
0.438000 -0.078900 -0.829800 -1.249400 -1.798300 -0.561300 -1.887700 -0.349400 -1.698900 -2.824600 -1.330300 -3.781500 
0.440000 -0.569800 -0.212800 -2.725000 -0.901100 -0.705000 -1.276900 -2.409300 -2.876300 -1.375800 -1.475100 -2.470700 
0.442000 -3.220400 -1.632500 -0.548600 -0.227700 -0.882500 -3.186100 -1.095900 -1.055300 -1.239200 -1.484600 -3.074900 
0.444000 -0.371100 -0.248400 -0.434400 -1.571200 -2.190500 -1.587400 -3.388700 -4.175300 -4.226900 -1.216800 -3.222300 
0.446000 -2.175500 -3.373800 -0.837400 -1.390700 -1.996500 -1.729400 -0.983300 -1.345300 -0.649500 -1.458000 -3.263500 
0.448000 -0.861600 -1.900100 -0.136300 -0.681200 -4.964400 -1.418900 -0.600400 -1.249100 -2.078300 -3.736100 -5.670300 
0.450000 -0.313000 -0.673400 -1.804800 -3.440200 -2.066900 -1.098300 -0.411800 -0.728700 -5.820900 -0.175200 -2.856600 
0.452000 -1.121600 -1.371600 -0.898200 -0.048400 -0.422400 -0.541900 -0.800600 -0.750800 -8.766100 -0.526800 -2.541000 
0.454000 -2.624100 -1.128200 -1.311100 -0.446600 -1.676200 -0.982800 -0.907000 -2.960200 -3.799900 -2.550400 -0.773400 
0.456000 -0.936600 -0.337000 -0.570300 -1.480400 -0.723100 -1.179100 -1.345800 -0.982300 -3.259400 -3.631500 -1.213200 
0.458000 -1.438100 -0.951800 -0.809700 -2.529100 -0.900400 -3.727000 -1.933600 -2.203600 -3.956200 -1.013800 -0.804300 
0.460000 -1.606000 -0.403900 -1.960800 -2.064600 -0.813500 -2.421100 -1.971100 -1.025900 -0.402100 -2.291000 -3.196100 
0.462000 -0.764000 -0.357100 -0.981300 -0.764100 -0.790400 -1.312000 -1.122300 -1.087300 -2.012200 -1.125400 -1.319200 
0.464000 -0.973800 -0.229000 -1.612300 -0.386900 -0.950200 -1.300200 -1.648200 -2.364100 -1.551400 -0.836700 -1.302400 
0.466000 -1.016100 -1.366200 -1.293900 -0.947200 -0.470500 -0.702800 -1.656600 -1.771100 -2.951600 -2.549700 -1.476800 
0.468000 -1.161200 -1.374500 -0.372900 -0.725200 -1.456600 -1.082600 -1.569300 -2.336900 -0.652000 -7.992400 -2.086800 
0.470000 -0.580900 -0.954700 -0.923400 -1.740400 -0.319600 -2.213400 -6.811400 -0.638800 -0.418300 -1.982700 -1.335700 
0.472000 -1.755600 -0.546900 -0.937900 -1.899700 -3.239700 -1.504500 -0.672900 -1.459500 -1.838400 -1.273000 -7.594400 
0.474000 -1.608400 -2.523900 -1.062600 -1.433500 -1.836400 -1.071100 -2.161700 -0.554200 -1.252000 -1.551200 -5.021900 
0.476000 -0.629400 -0.473000 -1.340700 -2.086400 -1.409000 -0.982700 -0.375800 -2.391600 -1.752000 -4.642100 -2.378900 
0.478000 -1.709800 -0.438500 -0.526200 -1.759200 -1.601200 -0.582400 -1.372000 -3.375200 -5.263100 -3.544300 -5.007000 
0.480000 -1.661600 -0.722000 -1.635500 -1.734400 -3.239700 -2.283700 -1.187700 -0.793400 -1.991500 -0.740700 -5.607700 
0.482000 -1.466300 -0.877600 -0.170700 -1.035500 -0.943200 -1.415000 -1.973600 -1.306300 -0.323200 -1.043200 -1.690600 
0.484000 -1.114000 -1.241900 -1.277800 -0.837600 -1.098300 -1.079500 -2.552000 -2.161000 -1.312800 -0.720500 -8.119700 
0.486000 -0.692800 -0.932000 -1.483200 -1.013200 -1.087600 -0.450900 -1.926800 -2.397400 -0.806600 -1.335000 -1.769900 
0.488000 -0.311000 -1.192800 -2.119900 -2.005300 -1.142600 -0.315000 -3.530400 -0.470400 -1.902400 -0.655400 -2.647700 
0.490000 -0.553500 -0.377400 -1.058800 -1.654000 -1.656100 -2.637700 -0.338500 -0.649700 -0.627600 -3.010300 -9.632400 
0.492000 -0.583000 -0.507000 -1.100600 -0.856100 -1.338900 -1.517800 -0.560000 -3.219800 -4.823400 -1.556400 -2.121000 
0.494000 -0.356400 -1.138800 -1.808400 -0.415500 -1.150600 -1.784300 -1.314400 -1.112500 -1.021500 -1.270200 -2.407000 
0.496000 -0.791900 -0.884700 -1.300600 -0.906000 -0.952700 -0.916500 -2.207500 -2.003000 -3.060600 -2.283600 -1.714300 
0.498000 -0.956600 -1.154000 -0.893100 -0.496000 -1.260500 -1.385600 -1.162600 -3.767200 -0.707600 -1.800300 -1.966100 
0.500000 -0.893900 -1.423600 -1.757500 -1.276200 -0.586100 -4.408800 -1.948500 -1.925200 -0.971500 -0.955700 -4.507800 
0.502000 -1.166500 -0.555900 -0.965800 -1.352100 -1.788200 -1.648600 -0.785300 -1.499700 -0.866000 -0.845000 -5.366100 
0.504000 -0.729800 -1.122400 -2.254200 -0.676700 -1.242200 -2.263900 -0.859600 -1.166800 -3.713700 -2.334500 -2.820800 
0.506000 -0.653500 -0.630700 -0.541000 -0.509700 -1.156100 -3.125700 -1.401700 -0.898600 -4.507700 -3.493100 -8.084800 
0.508000 -1.325800 -0.991400 -1.371300 -0.707700 -1.963400 -1.258800 -0.141500 -1.119500 -4.109500 -1.671400 -19.127400 
0.510000 -0.734100 -2.077700 -0.970100 -1.805700 -2.005900 -2.429500 -1.086600 -0.851700 -2.096400 -1.727600 -2.097400 
0.512000 -0.180600 -1.081800 -0.489400 -0.577800 -1.233200 -3.059900 -1.011300 -1.976200 -0.450100 -2.388700 -1.301600 
0.514000 -0.592000 -1.130900 -0.585900 -0.475000 -1.577800 -1.426400 -2.299600 -5.382600 -1.590900 -1.429300 -3.395100 
0.516000 -1.021600 -0.357900 -0.501500 -0.875300 -0.666300 -2.370100 -1.825000 -1.895800 -2.439400 -3.198000 -3.271000 
0.518000 -0.615400 -0.421300 -1.304400 -1.830500 -0.992600 -3.521600 -1.513700 -0.967100 -0.567200 -1.449300 -0.549700 
0.520000 -2.590200 -0.216300 -0.499000 -0.586600 -0.610300 -1.233800 -0.928000 -1.384100 -2.492300 -1.603500 -2.470400 
0.522000 -0.552200 -1.284300 -1.714300 -0.562300 -0.873000 -3.100000 -1.612700 -1.015600 -0.734600 -1.048400 -1.465200 
0.524000 -0.864600 -0.986700 -1.113100 -0.948600 -1.642500 -2.983200 -1.808900 -2.265200 -2.933100 -3.241800 -8.974600 
0.526000 -2.726000 -0.506700 -0.448100 -1.047700 -1.994700 -2.522200 -0.577700 -1.392000 -0.385800 -1.873400 -3.905700 
0.528000 -1.020300 -0.762100 -0.934300 -0.332300 -1.365700 -1.813100 -1.727300 -4.520700 -1.090400 -1.600100 -1.040400 
0.530000 -1.176900 -1.122800 -0.346600 -2.166800 -2.589400 -1.967800 -2.018200 -1.131100 -0.526000 -3.348100 -5.789100 
0.532000 -0.516600 -1.110700 -0.832800 -0.974000 -1.766200 -1.707900 -0.892700 -0.769100 -0.274500 -1.766400 -2.520600 
0.534000 -0.680300 -0.811600 -0.408900 -1.274100 -1.270000 -2.500400 -1.088700 -1.857600 -1.021200 -0.531000 -3.567600 
0.536000 -0.917500 -0.904000 -3.606200 -1.243000 -1.801000 -1.579900 -2.071600 -0.804900 -1.249600 -0.517400 -7.589600 
0.538000 -0.629600 -0.813200 -0.841200 -0.186900 -2.614100 -1.594000 -2.388400 -0.529600 -1.375300 -6.828000 -3.635900 
0.540000 -0.388700 -0.361800 -1.321600 -1.319400 -1.525200 -1.922900 -2.409400 -1.360000 -1.319800 -1.080400 -7.716800 
0.542000 -0.667900 -1.393700 -0.493000 -1.096000 -0.406200 -1.319300 -0.513800 -2.008800 -3.808400 -1.101900 -0.954600 
0.544000 -1.962300 -0.904400 -1.841600 -1.590800 -0.992700 -1.219000 -1.128300 -2.162100 -8.043500 -5.425800 -2.617500 
0.546000 -0.931800 -0.838400 -0.382600 -0.720500 -1.431300 -1.652200 -1.518000 -0.762200 -5.316800 -1.208800 -2.257400 
0.548000 -0.982600 -0.449900 -1.395500 -1.806700 -0.681000 -3.831800 -1.026500 -0.257600 -2.604000 -2.867400 -3.097900 
0.550000 -1.438800 -0.397600 -1.321300 -1.565100 -2.341200 -1.444900 -1.456300 -0.731200 -2.205900 -2.482000 -14.763900 
0.552000 -3.298100 -2.363100 -3.056000 -1.372200 -1.868800 -1.178000 -0.980500 -3.799000 -3.464700 -5.041200 -0.853400 
0.554000 -1.539100 -1.080600 -0.827500 -0.323600 -0.889300 -1.651200 -2.880000 -1.929100 -1.192600 -2.156900 -2.416100 
0.556000 -0.480900 -0.865200 -0.819800 -1.794300 -0.630000 -1.938000 -2.851100 -0.514700 -1.210700 -1.505600 -0.795500 
0.558000 -1.745600 -0.753300 -1.539800 -1.613900 -0.768000 -0.453700 -0.188100 -0.966300 -7.055700 -1.458000 -3.532800 
0.560000 -0.974000 -1.253900 -0.334000 -0.635600 -2.641200 -2.610800 -0.710900 -0.611600 -1.898200 -0.944200 -3.492700 
0.562000 -1.172700 -0.881800 -0.111500 -0.892300 -1.996500 -5.535300 -0.820100 -0.728000 -2.245500 -2.660300 -1.364500 
0.564000 -1.164500 -1.384000 -1.536900 -0.887500 -0.774500 -2.591300 -2.439300 -0.292100 -1.545700 -3.562700 -2.866600 
0.566000 -1.434800 -2.728600 -1.097400 -1.092000 -0.559700 -2.498400 -0.987600 -0.814600 -2.303000 -2.625500 -2.054300 
0.568000 -0.714400 -1.418400 -1.769700 -0.584600 -0.888100 -0.861100 -1.534900 -6.357300 -1.166500 -4.257900 -1.677100 
0.570000 -0.710400 -1.810000 -0.134800 -1.143800 -0.277500 -5.206500 -1.559600 -1.266100 -1.097300 -0.378000 -5.285900 
0.572000 -0.837800 -1.445300 -0.211000 -1.851400 -1.079900 -0.844400 -1.567800 -1.173000 -2.039100 -2.593500 -3.831100 
0.574000 -0.502100 -0.550000 -2.592900 -1.955700 -0.326800 -0.903800 -1.507000 -0.745500 -1.282500 -3.224300 -5.904100 
0.576000 -1.271200 -0.983700 -1.159200 -1.075700 -0.725600 -0.288100 -2.995500 -0.782000 -1.911900 -3.862000 -1.658600 
0.578000 -2.246700 -0.740900 -1.390400 -0.850300 -2.514700 -0.474100 -1.340500 -0.685500 -1.334000 -2.220100 -6.142500 
0.580000 -0.119100 -1.253900 -0.665500 -0.566900 -1.393000 -1.348300 -1.861700 -2.201100 -3.469800 -6.645500 -4.600100 
0.582000 -1.154400 -0.899800 -1.392100 -1.043500 -0.423500 -0.801500 -1.081700 -1.109300 -2.130000 -1.305500 -6.159900 
0.584000 -0.654900 -1.273200 -0.622900 -1.987300 -1.195800 -1.406600 -0.743300 -0.268800 -1.741800 -1.067000 -13.424500 
0.586000 -0.393800 -1.767200 -0.390400 -2.042600 -1.597700 -2.711400 -1.138200 -1.687000 -2.056500 -2.535800 -5.763600 
0.588000 -0.665000 -0.903300 -0.922200 -0.726100 -0.969700 -3.912800 -1.399100 -0.496200 -1.599300 -3.188600 -3.905300 
0.590000 -0.975400 -1.523700 -0.869200 -0.119200 -0.642400 -1.368300 -0.876600 -1.140200 -3.901600 -1.233100 -6.111700 
0.592000 -1.466000 -2.768600 -0.529200 -0.853400 -0.544400 -1.219800 -1.150700 -1.299300 -4.674800 -1.172100 -2.314300 
0.594000 -1.103400 -1.454100 -0.806600 -1.772900 -0.535900 -0.679000 -0.977900 -1.166000 -0.862300 -2.207900 -3.775300 
0.596000 -1.036700 -0.565900 -0.444300 -0.955900 -0.248600 -0.432000 -0.613800 -2.190100 -1.527900 -7.068000 -5.380900 
0.598000 -0.917100 -0.985800 -1.327100 -0.991500 -1.311800 -2.659800 -0.845000 -0.896400 -1.336200 -3.625400 -3.275600 
0.600000 -1.533600 -0.776000 -1.227000 -1.763700 -0.405700 -0.484200 -0.999100 -1.879700 -0.633400 -2.150400 -1.797300 
0.602000 -1.101100 -1.524400 -1.233700 -0.936700 -2.108700 -2.084000 -1.713300 -1.377200 -1.267600 -7.238000 -2.386800 
0.604000 -1.073800 -0.886400 -0.408400 -0.691400 -0.932100 -0.659100 -0.382300 -0.790400 -2.064900 -1.123900 -1.808800 
0.606000 -0.786200 -0.515000 -1.396600 -1.767900 -1.128000 -0.542900 -0.812000 -1.910900 -3.390000 -2.535800 -4.069300 
0.608000 -0.250200 -0.688600 -1.523100 -1.187500 -0.477800 -0.652900 -1.995900 -1.623700 -1.438700 -3.022000 -2.873300 
0.610000 -0.457500 -2.255100 -0.798600 -1.717100 -1.146300 -0.636100 -5.420700 -2.066200 -2.336000 -3.148900 -7.830300 
0.612000 -1.055000 -1.028500 -1.855100 -0.230300 -0.296900 -0.698100 -1.206600 -0.806800 -1.072300 -3.208500 -3.814700 
0.614000 -0.649900 -0.564000 -1.367700 -0.185700 -0.745000 -2.732600 -3.007600 -1.195600 -2.635900 -1.636400 -2.644100 
0.616000 -0.923500 -0.936900 -1.257800 -0.963700 -1.864200 -1.450500 -1.713300 -1.563600 -1.026800 -2.875100 -0.578300 
0.618000 -1.485800 -2.114000 -0.287600 -1.957400 -2.915100 -1.006700 -2.949600 -0.555100 -1.769600 -1.730800 -2.003700 
0.620000 -0.387600 -1.126400 -0.751500 -2.387500 -1.965800 -0.854700 -0.172100 -1.252400 -3.647600 -1.701500 -4.255800 
0.622000 -0.530700 -0.621000 -0.467300 -2.111000 -2.046100 -0.452100 -0.771600 -0.664900 -3.577300 -1.698300 -3.235000 
0.624000 -0.958000 -0.360100 -0.467300 -3.456000 -2.598400 -1.005900 -0.435300 -1.856600 -2.496100 -0.475300 -6.093500 
0.626000 -1.120700 -0.538500 -0.737200 -0.643200 -1.693600 -1.278900 -3.213900 -1.135400 -1.768300 -1.311600 -5.211100 
0.628000 -0.104600 -1.069300 -0.821500 -0.755800 -1.656200 -4.648100 -4.443900 -2.545400 -0.368100 -3.339500 -3.366100 
0.630000 -0.415200 -0.220000 -0.978200 -0.619900 -1.337400 -1.764600 -0.731800 -1.651700 -1.496600 -2.106600 -5.596600 
0.632000 -0.924000 -1.351800 -0.429900 -1.051700 -2.292600 -0.633700 -3.443200 -0.741700 -5.373900 -0.615000 -0.940200 
0.634000 -1.010900 -0.106700 -0.189400 -1.432300 -1.162000 -3.549200 -4.751300 -1.431900 -1.173100 -3.149600 -4.080400 
0.636000 -0.813400 -0.753200 -1.565800 -1.759500 -1.299000 -0.916700 -2.014900 -1.380300 -1.750000 -4.864000 -3.986700 
0.638000 -0.661800 -0.658000 -0.959800 -3.320500 -1.457700 -2.570500 -2.229500 -1.536900 -0.469300 -3.366800 -2.120800 
0.640000 -0.626700 -0.928900 -2.193200 -0.655200 -1.912900 -0.996100 -2.028900 -2.646800 -1.756700 -0.241900 -1.755300 
0.642000 -0.239200 -0.999000 -2.336800 -0.491100 -1.179300 -1.612500 -2.689000 -0.780800 -1.196300 -3.148000 -2.268500 
0.644000 -0.177300 -0.554300 -1.663400 -1.538900 -0.753600 -0.735800 -1.451800 -2.156300 -4.114700 -1.364100 -2.000500 
0.646000 -2.346300 -1.090600 -0.771100 -1.598100 -2.702000 -1.960600 -3.189800 -5.002700 -2.152400 -1.689200 -4.806400 
0.648000 -0.555600 -1.676800 -1.833600 -1.511300 -2.198700 -3.051600 -3.087900 -1.587600 -2.303100 -3.794300 -6.045500 
0.650000 -1.223800 -0.737800 -0.762400 -0.495200 -1.822800 -1.396000 -2.151000 -0.906200 -1.398200 -2.398000 -2.520500 
0.652000 -1.286000 -0.894900 -0.868200 -2.076800 -1.785100 -2.275300 -2.091800 -0.879300 -1.432500 -0.824900 -2.234000 
0.654000 -0.521000 -0.454600 -0.152400 -0.640600 -0.683900 -0.835800 -2.903500 -1.198300 -5.389200 -2.115700 -2.541200 
0.656000 -1.865700 -2.176200 -1.215700 -1.997300 -3.169100 -1.034600 -1.758500 -1.999400 -2.002000 -1.725700 -2.111000 
0.658000 -1.637800 -2.353300 -0.792100 -1.395600 -0.629500 -2.142500 -1.373800 -2.072500 -1.187600 -4.915400 -4.494600 
0.660000 -1.559100 -0.782900 -0.805000 -2.181400 -0.885100 -1.456000 -0.678200 -2.725500 -1.459100 -2.112600 -2.739400 
0.662000 -1.542600 -0.506100 -0.624600 -1.518000 -1.214300 -0.980300 -0.148400 -6.209200 -0.756300 -3.215800 -2.753300 
0.664000 -0.694100 -0.837100 -1.333400 -0.614300 -0.890800 -1.744700 -3.048500 -1.375600 -0.704500 -1.768000 -3.491800 
0.666000 -0.504400 -0.521800 -0.750900 -1.746200 -0.170700 -0.549200 -1.533800 -4.374200 -1.172400 -0.865000 -1.756900 
0.668000 -0.851900 -1.308600 -0.222900 -2.721000 -2.453400 -0.945300 -1.838400 -0.291900 -4.052600 -1.254700 -3.111200 
0.670000 -0.609400 -0.078500 -0.137100 -0.126100 -1.171200 -1.250500 -1.038000 -2.248300 -0.741500 -2.790400 -0.279300 
0.672000 -1.265300 -1.034800 -0.977800 -2.566000 -0.854700 -1.835900 -1.296700 -1.251200 -2.478600 -0.890200 -1.191300 
0.674000 -0.928700 -1.743600 -0.654100 -1.025000 -3.330900 -1.182600 -0.993900 -0.852000 -0.522100 -1.679200 -1.116700 
0.676000 -1.637100 -2.292000 -0.482900 -0.826400 -0.323200 -2.301600 -0.888500 -2.033200 -0.921900 -1.486700 -1.270800 
0.678000 -1.101500 -1.658700 -1.972300 -2.134000 -0.158000 -1.246200 -0.431300 -0.745400 -1.130500 -1.014200 -10.383100 
0.680000 -0.778400 -0.342200 -0.759000 -0.912500 -3.376500 -1.342900 -1.190400 -0.383600 -0.453300 -3.375500 -4.559300 
0.682000 -1.033900 -1.037300 -0.830200 -0.848700 -2.176600 -1.937700 -1.403100 -1.958900 -0.711100 -0.967700 -3.231100 
0.684000 -1.247400 -0.525100 -1.946700 -1.149500 -0.409300 -1.272300 -4.326500 -0.564600 -0.608300 -0.790200 -7.489400 
0.686000 -0.678600 -3.045000 -0.143800 -0.481500 -1.804800 -1.000100 -2.029000 -4.249900 -1.738500 -2.394300 -3.130500 
0.688000 -1.239800 -1.350500 -0.437300 -0.891600 -1.065100 -3.438200 -3.258200 -2.817900 -1.077700 -2.759200 -7.634300 
0.690000 -0.443200 -0.944400 -1.661900 -1.311700 -0.583700 -0.820100 -1.716700 -6.825500 -2.501400 -2.779800 -3.099500 
0.692000 -0.549800 -0.649300 -0.364500 -0.559700 -1.557900 -0.963200 -0.411400 -5.837000 -2.162600 -2.440300 -1.526700 
0.694000 -2.045900 -0.764300 -0.494300 -1.221400 -0.892600 -0.774700 -0.803600 -2.274100 -3.787600 -0.706700 -2.832300 
0.696000 -1.246100 -0.834000 -0.133800 -0.825800 -2.905900 -1.661300 -0.838200 -2.939700 -2.786400 -8.114800 -6.017100 
0.698000 -0.683300 -0.561200 -0.636600 -0.508300 -3.314500 -1.091000 -0.907300 -0.886300 -1.631300 -1.771800 -0.769100 
0.700000 -0.584900 -1.523500 -0.201000 -2.037600 -0.586100 -1.757400 -1.268700 -1.829600 -1.249100 -0.798900 -3.520700 
0.702000 -0.912400 -1.557000 -0.603000 -0.452300 -1.198500 -1.718700 -2.401000 -2.266700 -1.654900 -11.293700 -2.532700 
0.704000 -0.623100 -1.764600 -1.455600 -1.042000 -2.535600 -3.164200 -0.654000 -2.783500 -1.418800 -1.297900 -0.809100 
0.706000 -0.586500 -0.787600 -0.398400 -0.910700 -0.693100 -1.902100 -2.346400 -3.508100 -1.940000 -2.804000 -4.143100 
0.708000 -0.886500 -2.987800 -1.105200 -1.209200 -0.731300 -1.946900 -1.800800 -3.158800 -1.042100 -3.157400 -0.301400 
0.710000 -0.558100 -0.712600 -1.182000 -0.702900 -0.654900 -1.634100 -0.483200 -1.657400 -4.059000 -1.185300 -0.628100 
0.712000 -1.171800 -0.895500 -3.318900 -0.406000 -1.098400 -2.056200 -1.276100 -5.316500 -3.767100 -1.340600 -1.935800 
0.714000 -1.488600 -1.085100 -0.395300 -1.542700 -0.840600 -1.798000 -2.064300 -0.270600 -1.959700 -1.551200 -2.710600 
0.716000 -0.913700 -0.537200 -0.671900 -1.790000 -1.633700 -4.477900 -1.594200 -1.283400 -5.584300 -4.520500 -4.842900 
0.718000 -0.412600 -0.468800 -1.353500 -0.582800 -0.463600 -1.218400 -0.994400 -1.942300 -0.845400 -1.108200 -1.445700 
0.720000 -1.673700 -0.727100 -0.724800 -0.934800 -1.346900 -1.973100 -1.438500 -2.344000 -1.648100 -0.375400 -1.381700 
0.722000 -0.734700 -0.377200 -0.666900 -2.097200 -1.965600 -0.490000 -2.381600 -1.101300 -2.519300 -1.064200 -2.360700 
0.724000 -1.279900 -1.003500 -1.106400 -1.677900 -2.658800 -1.674400 -1.155300 -4.223800 -1.720800 -2.243700 -2.212800 
0.726000 -1.066500 -2.289000 -0.409000 -0.569500 -1.772700 -1.866100 -2.305900 -1.395600 -2.688700 -2.266900 -0.432200 
0.728000 -0.558000 -0.556400 -3.356200 -1.290000 -1.261200 -2.024600 -2.731700 -4.241800 -2.588800 -1.681800 -1.522300 
0.730000 -2.473800 -1.667200 -1.279200 -1.971000 -1.801700 -0.891900 -3.108900 -1.107400 -2.200100 -1.739200 -9.886300 
0.732000 -0.612700 -0.404700 -1.059700 -3.145400 -0.515000 -2.795600 -1.020100 -2.707500 -1.855700 -1.510400 -2.862700 
0.734000 -1.518000 -1.408900 -0.573000 -0.347200 -0.417700 -2.790500 -0.477900 -2.259800 -1.082600 -2.271900 -1.332700 
0.736000 -0.550400 -1.326500 -1.415900 -1.960500 -0.691700 -0.685800 -3.506100 -1.361500 -1.118100 -5.244300 -4.192900 
0.738000 -0.591600 -0.805100 -0.431600 -2.261700 -1.010000 -1.684200 -1.253400 -1.213200 -0.791600 -3.974800 -2.308900 
0.740000 -0.802100 -0.649200 -2.328000 -2.718300 -0.810100 -1.175600 -1.672700 -1.377100 -0.367500 -2.639600 -3.106500 
0.742000 -0.813600 -0.873500 -1.771200 -0.545100 -1.265800 -1.700900 -0.955600 -0.385000 -2.506700 -1.222000 -5.518800 
0.744000 -0.972400 -1.759000 -4.355800 -0.961800 -1.067600 -0.679500 -0.933700 -1.757900 -1.605200 -2.422100 -3.004500 
0.746000 -1.964700 -0.600200 -2.821600 -0.461300 -0.352300 -1.237600 -4.641400 -1.692200 -9.068100 -2.342800 -3.770900 
0.748000 -0.701100 -3.530400 -1.227900 -2.023700 -1.542300 -2.182400 -0.835700 -1.054200 -1.758300 -0.740300 -3.654400 
0.750000 -1.308000 -0.137300 -1.406400 -1.975100 -0.792100 -1.843200 -0.916300 -1.762500 -1.033000 -1.348700 -4.768100 
0.752000 -0.568200 -0.218900 -0.937900 -0.930200 -0.987700 -3.619700 -4.564300 -2.655200 -4.860900 -2.503700 -6.248600 
0.754000 -1.039600 -0.833700 -0.976600 -1.146700 -1.679700 -1.414600 -1.696500 -1.129000 -1.334500 -1.404500 -3.528300 
0.756000 -0.905800 -0.495800 -1.212700 -1.085200 -1.504000 -1.004200 -1.782800 -2.828500 -1.369400 -2.724100 -5.024900 
0.758000 -1.718600 -0.995400 -1.412500 -0.610300 -1.191300 -2.408300 -2.134000 -1.665400 -2.217300 -0.884400 -4.607500 
0.760000 -1.475600 -1.125500 -0.283900 -0.975400 -0.649200 -0.885800 -0.890900 -2.424000 -2.341300 -0.519600 -3.850600 
0.762000 -0.729800 -1.059100 -1.745800 -0.948100 -0.433500 -0.642400 -2.315300 -0.979500 -2.155600 -3.676600 -2.615000 
0.764000 -0.947700 -1.924600 -0.954500 -0.634000 -1.072400 -1.297700 -0.916200 -2.571800 -0.860000 -0.518700 -6.085200 
0.766000 -1.107400 -1.101200 -0.597300 -0.803000 -0.608600 -3.106400 -2.080100 -2.559600 -4.112300 -1.604900 -4.784700 
0.768000 -0.549500 -1.365700 -1.044000 -0.880800 -2.780200 -0.199100 -1.165800 -0.374100 -1.044700 -2.041200 -1.036800 
0.770000 -1.075100 -0.633200 -0.793400 -2.695300 -2.332500 -4.016800 -1.854000 -0.528300 -1.419400 -2.710100 -2.824000 
0.772000 -0.606400 -1.289600 -0.446800 -1.724700 -2.746000 -2.671400 -0.704900 -0.561000 -2.640600 -0.777500 -1.303400 
0.774000 -0.271900 -1.918000 -0.484600 -0.744300 -0.731400 -2.069700 -1.070400 -2.311600 -3.402900 -7.898100 -2.536700 
0.776000 -0.511300 -1.220000 -1.031500 -1.509300 -1.349700 -0.993800 -1.840500 -1.662300 -2.186200 -4.378600 -3.504600 
0.778000 -0.892400 -1.337200 -0.876900 -0.534100 -1.203200 -0.764200 -0.333000 -1.365600 -2.145700 -2.265000 -4.036700 
0.780000 -0.888200 -1.170200 -0.710900 -1.190200 -0.980700 -0.859200 -1.535100 -3.114700 -1.017600 -1.206400 -0.944600 
0.782000 -3.476800 -0.139000 -1.242500 -0.559100 -0.699400 -0.793700 -1.226300 -1.283600 -3.459000 -0.980000 -1.313600 
0.784000 -0.822800 -1.189900 -0.344500 -0.313000 -1.815700 -0.905400 -3.707600 -1.480600 -3.005900 -3.971200 -1.514100 
0.786000 -0.496200 -1.163600 -1.431800 -1.840500 -0.599800 -1.358600 -1.357500 -1.921800 -7.406800 -1.205100 -2.263400 
0.788000 -0.662100 -1.219500 -0.502000 -0.543700 -0.966000 -0.377300 -2.680300 -1.061900 -2.470800 -1.480100 -1.245000 
0.790000 -1.936900 -1.215400 -1.641000 -2.800700 -2.331500 -0.356900 -1.588800 -1.443500 -0.515700 -5.348800 -1.020900 
0.792000 -0.739800 -1.730000 -0.365000 -1.503200 -1.490400 -1.949100 -1.050800 -1.210300 -0.666000 -0.379900 -0.485100 
0.794000 -0.669500 -0.851000 -2.106400 -0.873200 -0.339100 -1.040300 -0.587700 -2.040700 -0.997700 -4.047700 -4.916800 
0.796000 -0.682200 -1.201700 -1.290700 -0.974400 -2.202500 -2.610100 -1.785800 -1.623000 -1.596700 -5.318100 -1.269800 
0.798000 -1.113500 -0.409600 -0.766300 -1.585100 -0.444700 -0.212600 -2.887800 -0.919000 -2.539400 -2.205000 -1.086300 
0.800000 -0.423500 -0.537400 -0.648100 -1.632000 -0.119200 -1.584000 -2.564400 -1.104300 -2.749900 -1.438300 -2.003300 
0.802000 -1.726300 -1.224000 -1.463300 -0.688000 -0.622800 -0.487700 -2.048900 -2.908400 -0.579200 -2.736100 -13.165500 
0.804000 -1.247000 -1.629100 -0.946400 -1.401200 -1.133300 -5.287000 -4.684100 -3.582800 -1.620400 -0.766200 -2.719300 
0.806000 -1.556900 -1.108200 -1.743100 -3.132400 -1.769000 -4.396900 -0.541700 -1.984200 -1.827400 -2.666800 -0.444700 
0.808000 -1.141100 -1.286300 -0.728300 -0.719900 -1.847200 -0.909900 -1.454200 -5.096700 -4.022700 -4.817700 -8.436500 
0.810000 -1.118400 -0.787600 -0.904700 -2.705500 -0.835300 -1.299600 -2.901800 -1.254400 -0.692400 -1.235100 -1.074600 
0.812000 -0.249100 -0.734900 -0.978800 -1.870200 -1.558900 -1.376700 -1.049000 -2.883700 -1.357200 -5.816900 -4.734700 
0.814000 -1.707900 -0.315600 -1.021400 -1.354600 -1.770200 -0.849300 -0.846800 -1.160100 -3.692300 -1.717600 -1.677100 
0.816000 -2.223600 -1.257800 -0.958400 -0.790100 -1.628900 -1.341300 -3.817300 -0.813000 -3.285100 -1.339600 -0.984400 
0.818000 -0.927000 -1.089600 -1.483900 -0.903200 -0.875600 -1.588100 -4.250400 -0.872600 -1.784500 -0.569200 -9.179200 
0.820000 -1.300100 -0.912300 -0.629000 -2.465200 -1.637200 -2.941700 -1.358000 -1.027000 -1.636200 -0.441600 -2.933400 
0.822000 -1.338900 -1.586200 -1.397800 -2.179600 -0.721300 -1.497300 -1.170400 -2.508500 -0.867300 -2.608500 -2.113300 
0.824000 -0.542800 -1.011400 -0.771300 -1.097300 -2.179900 -0.870100 -1.327600 -2.041700 -2.776100 -6.626400 -0.885000 
0.826000 -1.076100 -2.470500 -1.112200 -0.928100 -1.128900 -1.224700 -0.773900 -0.892000 -4.123300 -2.501400 -7.285200 
0.828000 -1.217100 -0.140800 -0.433700 -1.408900 -1.100300 -0.813300 -1.562000 -0.538600 -2.793700 -1.462400 -10.983200 
0.830000 -1.065800 -0.490100 -0.586000 -1.056200 -0.371200 -0.969100 -3.658200 -1.601100 -0.552400 -1.842900 -0.335700 
0.832000 -0.959400 -0.789600 -0.838500 -2.014300 -1.282500 -0.608500 -4.026300 -2.576000 -3.968900 -1.394000 -7.238400 
0.834000 -0.893500 -0.342200 -1.110500 -1.751300 -1.149900 -1.901100 -2.067900 -0.733700 -0.919700 -0.818500 -1.116100 
0.836000 -1.135000 -0.713000 -1.010700 -0.679300 -1.074100 -1.460600 -1.000000 -2.874200 -2.812400 -5.477600 -3.504400 
0.838000 -1.080700 -0.484000 -0.598600 -1.539000 -1.689100 -1.069700 -0.219000 -1.248600 -1.178300 -5.253900 -0.847200 
0.840000 -0.339000 -1.092600 -1.364000 -1.301000 -1.634300 -1.867000 -0.789900 -2.236600 -0.778000 -1.994000 -2.585600 
0.842000 -1.334100 -1.550700 -0.607300 -0.976900 -1.531900 -1.734100 -1.834500 -1.972500 -2.347000 -5.592400 -3.589300 
0.844000 -0.807500 -0.439800 -1.223500 -0.812000 -1.420200 -0.930500 -1.774100 -1.697700 -3.476700 -2.582500 -1.158200 
0.846000 -1.307400 -1.380800 -0.684700 -0.457600 -2.057100 -1.341800 -1.746400 -1.770800 -3.957300 -4.268000 -1.618800 
0.848000 -0.491900 -1.768700 -1.257500 -0.229000 -1.764300 -0.997600 -2.895600 -2.220000 -1.725000 -1.380300 -2.406300 
0.850000 -0.907600 -1.994800 -0.295700 -0.981300 -1.436300 -0.388900 -1.070300 -0.082700 -1.315800 -1.184600 -1.570000 
0.852000 -0.514500 -1.213300 -0.618800 -1.311600 -0.910500 -0.675000 -1.459800 -0.098200 -6.044900 -0.327700 -1.434800 
0.854000 -0.763200 -0.672400 -0.681100 -1.153600 -0.308200 -2.755500 -0.668800 -0.755700 -0.849300 -1.689900 -5.272200 
0.856000 -0.327100 -0.788600 -1.616000 -2.028800 -1.140500 -1.745400 -1.193900 -0.548000 -5.548400 -0.739000 -2.307700 
0.858000 -0.858500 -1.131300 -0.751900 -1.231100 -3.220300 -1.734200 -0.764400 -1.902100 -1.373600 -1.786000 -7.792100 
0.860000 -0.655000 -0.797500 -1.381700 -2.844300 -1.884200 -0.394100 -0.673300 -0.878300 -2.548200 -6.909900 -0.612700 
0.862000 -0.426100 -1.813000 -0.804000 -1.653900 -1.699400 -1.233800 -0.534600 -0.338000 -1.912100 -2.757900 -8.187100 
0.864000 -0.364400 -0.899100 -0.371400 -1.587000 -1.443000 -1.186500 -1.533700 -3.502700 -3.064800 -1.619500 -1.363200 
0.866000 -0.414900 -0.803500 -0.175700 -1.756800 -1.618200 -1.721800 -2.425300 -1.397800 -0.706500 -3.141700 -2.218300 
0.868000 -0.863500 -0.306000 -1.511200 -0.301700 -1.253300 -0.889500 -2.081600 -1.168800 -1.401000 -0.748600 -2.487200 
0.870000 -1.072000 -1.024100 -0.546100 -0.709300 -0.879300 -0.780600 -3.558900 -0.805800 -1.246300 -3.714500 -0.547300 
0.872000 -0.707600 -0.684500 -0.956200 -1.868100 -3.769300 -0.428500 -2.745200 -0.794300 -2.600300 -6.001900 -2.416900 
0.874000 -0.679500 -1.063700 -1.184400 -0.435700 -1.725400 -1.175100 -1.195100 -1.878900 -0.360000 -0.968200 -4.734100 
0.876000 -2.016900 -2.014100 -3.810500 -0.907700 -1.078100 -1.531700 -2.547900 -1.059300 -4.755900 -2.941100 -0.775800 
0.878000 -1.058900 -1.208500 -0.835100 -1.358600 -0.695000 -3.427400 -2.777000 -2.534300 -1.571800 -1.081700 -8.942800 
0.880000 -1.942100 -1.211500 -1.312900 -1.008800 -2.181700 -0.503400 -2.393700 -0.972000 -3.070900 -2.222200 -1.574600 
0.882000 -0.551000 -1.214400 -0.313500 -0.345300 -0.859500 -4.500900 -1.204500 -1.314000 -3.116200 -2.715900 -5.025500 
0.884000 -1.776700 -2.279200 -0.804200 -1.245900 -2.703900 -0.958800 -0.887400 -2.538300 -1.747000 -0.729000 -1.557900 
0.886000 -1.731000 -0.825200 -1.198600 -0.923500 -3.236300 -2.000800 -1.311500 -0.596400 -2.118700 -2.028200 -2.152600 
0.888000 -1.518500 -0.864200 -1.984600 -0.617100 -1.452400 -2.364600 -2.580700 -0.941600 -1.536000 -0.886200 -9.272300 
0.890000 -0.622200 -1.612600 -3.644900 -0.709600 -0.442100 -1.937200 -0.422400 -0.858700 -1.365600 -2.413900 -4.277800 
0.892000 -1.328000 -0.564100 -0.985500 -0.822900 -1.823400 -1.443100 -0.664300 -1.308200 -1.915200 -1.414800 -2.119900 
0.894000 -1.349000 -1.048500 -0.949600 -0.260800 -0.208500 -0.724600 -1.015500 -3.319200 -2.506100 -3.812600 -3.309800 
0.896000 -0.936900 -0.743300 -2.658700 -0.973600 -1.418200 -0.839900 -0.849800 -1.903600 -0.464900 -2.161900 -2.270800 
0.898000 -1.465500 -0.696700 -1.841500 -1.989500 -0.564000 -0.752600 -1.922300 -3.939900 -3.854700 -1.966100 -1.964800 
0.900000 -1.252400 -0.831300 -0.580800 -1.408100 -0.628300 -0.962800 -0.287400 -2.062000 -2.717000 -1.706800 -9.573900 
0.902000 -0.959500 -0.481900 -2.913000 -1.999000 -1.416900 -1.177400 -0.507000 -2.023000 -1.982600 -2.167900 -8.539500 
0.904000 -0.755400 -0.754200 -2.081400 -2.294800 -3.173300 -0.567900 -1.448200 -0.155900 -3.474900 -4.510500 -5.249300 
0.906000 -1.292700 -0.304600 -0.733000 -0.735600 -0.796700 -0.527500 -0.681600 -2.165600 -0.913000 -2.555700 -0.446100 
0.908000 -1.203700 -0.968500 -0.369600 -0.750600 -0.688400 -1.764700 -1.242300 -2.438000 -1.707900 -3.922200 -3.774400 
0.910000 -1.045100 -0.786200 -1.714400 -1.180500 -2.053500 -0.953100 -0.292500 -2.287900 -0.893900 -1.493500 -0.826900 
0.912000 -0.821300 -0.942900 -1.301500 -3.317300 -1.457800 -0.822800 -1.382000 -2.697700 -3.720100 -9.381100 -4.375000 
0.914000 -1.180300 -0.619300 -2.168600 -0.395700 -1.189900 -0.880700 -0.872200 -1.248400 -1.107000 -2.608600 -1.172400 
0.916000 -0.783100 -0.757000 -1.137800 -2.453600 -1.399100 -2.126200 -1.378600 -1.297700 -1.348300 -0.755600 -1.708700 
0.918000 -0.373200 -1.277800 -2.333800 -2.014200 -1.014200 -1.488900 -0.948900 -4.788100 -1.450200 -1.082000 -5.222700 
0.920000 -0.841100 -0.686100 -0.296800 -1.943500 -1.383100 -0.630700 -1.317800 -3.283100 -1.310000 -1.854300 -3.380900 
0.922000 -0.448800 -0.824800 -0.232400 -1.011500 -3.012300 -1.061900 -1.459700 -1.785300 -3.058600 -1.088500 -3.588600 
0.924000 -0.763200 -0.904300 -2.558300 -0.812900 -0.513200 -1.801900 -1.040000 -0.453700 -0.803300 -0.942900 -1.405400 
0.926000 -0.441100 -0.459400 -0.909100 -0.930600 -2.263800 -2.075300 -2.659700 -2.270400 -0.690900 -0.706800 -3.378000 
0.928000 -0.938700 -0.622400 -0.579900 -0.781500 -1.083600 -1.490000 -0.722000 -2.990700 -3.134100 -5.345100 -0.180000 
0.930000 -1.613000 -0.704300 -1.717000 -1.213400 -2.383800 -1.456700 -1.835500 -0.967200 -2.533800 -3.253000 -3.503000 
0.932000 -0.573500 -1.161100 -1.263900 -2.316100 -1.633700 -1.193500 -1.629600 -2.216400 -0.500100 -0.214500 -7.100000 
0.934000 -0.772900 -1.187900 -0.968300 -1.011200 -0.860900 -0.888600 -2.372900 -3.864300 -0.972900 -1.670600 -3.043500 
0.936000 -0.572000 -0.934400 -1.601800 -0.426900 -1.979500 -1.068000 -0.596200 -1.338600 -2.440000 -1.082000 -1.527300 
0.938000 -0.735100 -0.323900 -1.884700 -2.289200 -0.935400 -0.642700 -1.828000 -1.542300 -1.351100 -0.664900 -4.271300 
0.940000 -0.908400 -0.721200 -0.448000 -1.070800 -0.335300 -0.590400 -1.309000 -1.893700 -2.002000 -1.388000 -2.217800 
0.942000 -1.779700 -0.996300 -2.242200 -1.316100 -0.805500 -0.461700 -1.905500 -2.148200 -1.205500 -2.205500 -3.538000 
0.944000 -0.625400 -0.758700 -1.227900 -0.414500 -0.796200 -0.343900 -0.177600 -4.404600 -2.328200 -2.915500 -3.448000 
0.946000 -1.668700 -1.219700 -1.274000 -0.401000 -0.899800 -0.662600 -3.443300 -1.840700 -4.075200 -3.113400 -2.983800 
0.948000 -0.260400 -0.290200 -0.334900 -0.896200 -6.688400 -1.585600 -1.188100 -0.679500 -1.053500 -4.360600 -1.041600 
0.950000 -0.972800 -0.516600 -0.576300 -2.213500 -0.489700 -2.514000 -1.927300 -4.444600 -2.103000 -0.659700 -1.131400 
0.952000 -1.147400 -1.509500 -0.893800 -2.109800 -1.773500 -1.072600 -1.338000 -2.957700 -1.888100 -0.506500 -0.677900 
0.954000 -0.671600 -0.862600 -1.023200 -2.067600 -0.737500 -1.598700 -4.535500 -1.291200 -2.309200 -2.408400 -15.435300 
0.956000 -1.342400 -0.114100 -0.921500 -0.295700 -0.686400 -0.964700 -1.086100 -2.486100 -1.916200 -2.544300 -1.400800 
0.958000 -0.917200 -0.970100 -2.043500 -0.581300 -0.901800 -1.377700 -1.063600 -1.809700 -2.153800 -2.043100 -2.247300 
0.960000 -0.760200 -1.456800 -0.950300 -1.328200 -1.223800 -0.603900 -1.447900 -1.412600 -1.724100 -1.152900 -3.178600 
0.962000 -0.941800 -1.040200 -0.430900 -1.438500 -1.048900 -1.028000 -3.965200 -0.717100 -2.063000 -2.425400 -1.122900 
0.964000 -1.678300 -0.689500 -0.273200 -1.257700 -1.334700 -0.867600 -1.047500 -1.810800 -2.100000 -4.595500 -5.344900 
0.966000 -0.657600 -0.854700 -1.747800 -0.680000 -1.010400 -1.239300 -0.386800 -1.404600 -1.785300 -0.854600 -6.165100 
0.968000 -1.262000 -0.647600 -1.595100 -1.744200 -1.085000 -0.449500 -2.317300 -4.117400 -5.321100 -1.182900 -15.947600 
0.970000 -0.418100 -1.114500 -0.853400 -2.800400 -1.308600 -0.958600 -0.569900 -1.908800 -1.590800 -3.838500 -1.523700 
0.972000 -0.591100 -1.020300 -0.907200 -1.891300 -1.792400 -2.370800 -1.211400 -1.272600 -0.778200 -1.497500 -9.893600 
0.974000 -0.340500 -1.167800 -1.837000 -1.403400 -0.556700 -0.925400 -2.235100 -2.085900 -1.435400 -10.185500 -5.156900 
0.976000 -0.136900 -0.425500 -0.533900 -1.040800 -1.699900 -0.309400 -0.862700 -2.824600 -0.875400 -1.361500 -8.558000 
0.978000 -0.604300 -0.909800 -1.019200 -0.736300 -0.822200 -1.700000 -3.946600 -3.497800 -1.979000 -2.706500 -6.740700 
0.980000 -0.478800 -1.515800 -0.591100 -1.226700 -0.887300 -0.273600 -0.580600 -2.672800 -1.093000 -0.691900 -7.384600 
0.982000 -0.404300 -0.966900 -0.312000 -2.552500 -1.428500 -1.324800 -0.305900 -1.117000 -4.815800 -6.514300 -1.031400 
0.984000 -1.083400 -2.182100 -1.323400 -0.852000 -1.346800 -1.760600 -0.559300 -1.906000 -1.627600 -1.283800 -1.896300 
0.986000 -0.177200 -0.631700 -5.066200 -1.280500 -0.805700 -2.074100 -2.098000 -1.305000 -1.365800 -2.642200 -4.015700 
0.988000 -0.975900 -0.449200 -0.932000 -0.728700 -2.618700 -0.523700 -2.307200 -1.521500 -0.814900 -2.384100 -1.822200 
0.990000 -0.939400 -0.565200 -1.312900 -1.058400 -0.200100 -0.843000 -1.232200 -1.571000 -0.709900 -1.881400 -7.899200 
0.992000 -0.441500 -0.861900 -2.217700 -1.186700 -1.581000 -1.510400 -1.933400 -2.105600 -3.034000 -1.840100 -3.773400 
0.994000 -0.640500 -1.020900 -0.537300 -0.669900 -1.442700 -1.880300 -1.634200 -0.791800 -2.469000 -3.755800 -1.662800 
0.996000 -1.542800 -1.144300 -0.855200 -0.440200 -0.540100 -1.975500 -1.338400 -1.196300 -0.858800 -1.120500 -19.654800 
0.998000 -0.298900 -3.373900 -0.874200 -0.636600 -4.315200 -0.836100 -2.094600 -1.211700 -2.113800 -2.431400 -2.648600 
