# gradients (DV/DL) for lambdas: 0.0 0.1 0.2 0.3 0.4 0.5 0.6 0.7 0.8 0.9 1.0
0.000000 -2.480700 -2.275400 -3.446400 -3.010900 -10.083600 -2.768900 -5.701700 -13.281200 -5.367500 -24.142400 -37.561700 
0.002000 -4.696100 -1.814400 -2.314600 -3.418700 -6.930000 -2.987600 -7.253200 -19.581400 -2.638600 -26.448700 -64.772200 
0.004000 -2.845200 -1.430500 -1.947400 -3.476300 -6.001500 -5.939700 -3.173500 -12.917500 -2.404800 -27.416100 -34.368100 
0.006000 -4.181600 -2.131400 -3.729400 -3.423500 -5.494700 -3.143200 -2.579500 -24.223300 -2.565200 -13.577100 -67.205400 
0.008000 -3.026700 -2.303600 -3.987700 -2.781600 -7.573600 -6.031200 -4.184800 -13.353300 -5.392000 -24.470700 -53.176100 
0.010000 -1.067300 -1.544500 -2.159000 -2.017000 -6.309800 -3.390900 -3.666600 -14.079800 -4.193500 -18.714600 -50.541100 
0.012000 -3.183300 -2.833500 -3.370900 -3.803700 -5.513400 -1.245600 -3.529300 -13.761900 -2.432400 -13.195200 -53.569100 
0.014000 -1.476100 -2.226700 -3.118400 -3.014300 -7.566800 -1.340500 -5.994600 -13.551200 -1.685500 -16.527500 -77.519200 
0.016000 -1.847200 -1.538800 -2.308900 -1.894700 -7.057900 -2.543100 -4.663300 -12.320700 -2.392000 -41.100300 -70.495700 
0.018000 -3.889800 -1.887900 -2.960000 -1.596600 -4.156000 -1.523000 -5.673000 -20.985600 -5.348700 -24.044600 -64.426600 
0.020000 -0.522600 -3.141700 -3.255500 -2.110500 -5.431600 -2.136800 -6.638700 -16.499000 -2.655500 -10.924300 -42.618200 
0.022000 -1.763000 -2.053000 -6.506600 -1.830900 -3.415400 -2.155800 -1.463300 -17.512000 -2.878800 -10.652200 -36.635800 
0.024000 -1.334900 -5.291300 -6.710700 -3.271900 -8.268800 -6.616100 -3.777800 -19.022000 -3.089000 -14.983600 -41.371500 
0.026000 -1.767100 -3.472600 -6.958300 -3.344800 -6.399500 -4.918100 -4.922800 -13.302300 -3.577900 -28.605200 -41.285700 
0.028000 -1.761600 -1.272700 -6.956900 -1.462700 -13.726900 -3.868300 -4.289600 -14.435000 -3.017900 -10.149800 -78.982400 
0.030000 -0.673500 -1.812000 -4.138600 -3.764400 -9.795000 -3.816800 -5.533500 -11.158900 -2.663500 -18.228500 -55.362000 
0.032000 -0.719900 -2.055400 -6.630600 -2.668500 -9.118500 -2.547800 -3.585100 -13.043600 -4.692700 -21.894300 -66.865400 
0.034000 -1.641600 -3.852800 -4.647300 -2.094900 -6.205200 -2.461500 -1.707000 -12.992200 -5.373600 -30.668000 -42.748800 
0.036000 -0.911200 -1.659900 -4.417800 -3.511800 -5.064400 -2.221800 -3.584900 -17.142800 -2.425000 -16.780900 -69.974800 
0.038000 -0.800100 -0.879000 -5.702200 -3.217500 -4.911100 -2.503500 -1.139300 -11.127300 -6.744400 -15.485900 -47.869600 
0.040000 -0.537700 -1.545400 -6.454400 -4.180000 -6.319000 -1.777400 -2.914200 -10.900700 -6.977500 -14.013000 -103.415500 
0.042000 -0.834600 -5.363500 -4.172900 -3.382800 -4.924600 -11.134700 -2.263300 -9.954400 -4.371800 -10.895900 -79.946400 
0.044000 -0.805500 -1.279300 -2.150700 -2.407900 -11.256500 -7.638500 -1.063900 -10.084000 -2.452200 -9.323700 -43.834200 
0.046000 -0.393100 -2.302900 -5.619200 -3.169600 -7.577600 -4.649500 -1.319100 -14.457900 -4.463000 -13.362000 -92.286900 
0.048000 -1.738400 -2.139200 -3.190400 -2.233000 -4.635700 -7.501200 -3.649300 -11.766400 -3.087200 -6.344700 -76.920700 
0.050000 -2.320200 -1.721600 -2.855300 -2.345500 -6.290800 -2.048200 -3.551300 -11.447800 -3.876200 -6.056800 -47.562100 
0.052000 -0.416600 -1.410800 -1.387600 -1.678000 -6.558300 -2.549900 -3.328800 -17.254500 -4.070700 -4.464900 -82.789900 
0.054000 -0.417800 -0.654600 -4.137500 -3.739100 -7.558500 -2.221900 -2.864100 -11.665600 -1.878500 -6.811700 -65.450800 
0.056000 -2.598600 -2.462000 -4.453200 -2.424700 -5.441900 -4.129300 -1.723500 -9.849800 -5.054200 -11.222200 -105.518700 
0.058000 -1.150500 -2.844800 -2.449800 -3.871700 -6.724300 -8.638100 -2.590700 -10.587800 -6.102900 -13.829900 -101.054600 
0.060000 -0.876300 -1.848200 -4.271500 -2.228400 -8.450100 -7.355400 -2.005300 -7.220500 -3.638700 -9.298900 -76.150800 
0.062000 -1.838400 -1.541700 -2.848900 -6.739200 -3.765400 -3.579900 -1.848200 -14.832200 -2.412600 -9.715000 -69.822200 
0.064000 -0.945800 -1.306000 -1.837000 -2.221000 -5.022700 -2.428000 -2.092700 -14.619100 -1.687200 -13.495600 -42.366500 
0.066000 -1.606800 -1.239800 -3.449800 -3.191000 -4.365000 -1.256400 -1.208200 -12.439300 -2.128600 -16.326800 -54.896100 
0.068000 -0.593100 -0.888100 -3.256500 -2.397800 -4.221300 -4.599600 -2.179900 -16.904100 -3.490300 -8.300200 -47.664300 
0.070000 -0.514400 -1.083200 -4.826700 -4.020800 -4.433000 -3.645800 -4.726600 -26.542600 -2.042200 -12.736600 -30.049000 
0.072000 -2.607400 -1.176800 -2.734300 -2.020400 -4.339100 -4.382400 -3.897300 -13.726200 -5.111500 -16.382000 -36.820200 
0.074000 -0.715300 -2.575600 -5.414400 -4.394300 -6.384300 -3.024000 -2.809900 -17.764300 -3.794800 -6.384200 -78.758500 
0.076000 -0.425400 -1.216700 -7.168400 -4.226600 -2.354600 -5.650700 -1.802300 -12.458200 -4.639700 -7.055500 -45.229000 
0.078000 -2.074500 -2.514300 -4.944200 -5.992400 -6.925200 -4.861500 -4.692000 -16.450100 -4.923400 -8.772700 -30.706300 
0.080000 -1.570500 -2.160200 -1.241200 -1.752500 -5.511700 -6.640600 -3.500600 -16.908400 -1.653500 -10.186200 -123.015900 
0.082000 -1.318300 -1.275800 -4.262100 -3.983100 -6.349800 -9.152400 -4.734800 -23.678300 -3.664100 -13.027200 -53.339800 
0.084000 -1.215200 -1.792600 -4.641200 -1.594200 -7.884400 -8.090200 -1.669100 -23.351400 -3.760600 -24.003600 -86.594000 
0.086000 -1.501600 -3.224100 -5.895700 -2.951200 -5.351800 -4.580400 -3.166200 -19.296300 -4.733100 -12.760600 -46.674000 
0.088000 -1.475300 -1.764400 -3.787600 -3.651200 -4.886500 -3.949600 -2.930800 -9.102500 -4.303500 -15.507500 -48.711500 
0.090000 -0.859300 -2.929100 -2.681400 -1.607800 -5.800500 -3.832300 -3.740700 -17.944300 -2.837000 -12.424900 -37.634100 
0.092000 -0.453500 -0.278300 -3.830300 -1.855900 -6.821700 -1.735800 -3.864400 -18.442100 -4.739800 -11.744400 -14.929800 
0.094000 -2.578100 -0.894800 -5.405600 -1.683000 -8.224200 -1.731000 -0.983900 -18.977700 -4.569900 -21.973100 -79.985600 
0.096000 -2.567300 -1.259100 -5.188700 -1.209600 -3.885100 -2.894900 -2.737800 -16.791600 -4.371500 -16.115600 -34.330100 
0.098000 -1.445100 -4.550900 -4.435700 -2.294900 -3.711200 -2.699700 -2.892000 -9.580900 -3.793800 -8.469200 -24.042200 
0.100000 -1.090600 -3.122000 -4.759500 -2.910500 -3.695100 -2.767000 -4.967800 -22.017700 -4.027400 -16.695800 -53.076300 
0.102000 -0.421400 -0.723900 -2.432400 -2.577100 -4.168500 -1.784500 -5.477600 -22.823900 -4.598300 -17.774700 -74.275200 
0.104000 -0.569400 -0.913600 -2.494200 -4.434700 -6.262100 -5.239700 -4.748300 -16.434500 -3.874300 -22.613700 -61.364000 
0.106000 -0.552300 -1.535400 -1.208300 -2.181700 -5.213200 -3.379400 -2.281700 -14.066000 -1.956100 -10.993100 -52.628500 
0.108000 -1.432100 -1.731400 -3.043800 -2.365600 -5.352300 -2.292600 -3.668300 -13.864400 -3.454400 -11.144000 -27.935600 
0.110000 -1.374200 -1.350900 -6.021600 -3.033200 -7.871000 -3.017600 -2.345000 -20.397000 -3.638300 -12.585000 -32.328100 
0.112000 -1.524200 -2.463600 -3.932500 -2.574500 -3.716500 -3.927300 -1.728800 -22.938900 -3.400100 -7.869500 -33.887600 
0.114000 -1.011500 -2.287100 -5.544900 -3.737000 -5.165800 -6.811700 -1.569100 -18.288300 -4.329200 -8.919700 -70.972500 
0.116000 -1.131200 -3.816000 -5.501500 -4.365700 -4.469400 -2.881700 -0.968000 -20.487500 -2.382700 -14.453800 -77.738800 
0.118000 -2.403500 -2.649000 -4.775500 -4.005400 -4.835000 -3.980100 -1.494500 -22.836300 -2.717600 -11.973600 -58.902800 
0.120000 -1.568900 -0.689100 -6.570000 -3.771700 -5.654200 -4.841600 -1.773200 -28.147300 -3.953300 -13.488500 -105.213000 
0.122000 -1.047800 -1.066400 -3.504600 -2.109700 -3.861100 -3.684600 -2.840700 -20.696800 -4.900300 -10.624500 -51.427400 
0.124000 -1.772200 -1.626600 -2.851700 -2.340100 -6.060800 -2.351000 -2.595100 -22.240800 -6.342100 -13.975600 -89.360300 
0.126000 -1.558600 -3.234400 -4.509500 -1.618200 -8.474400 -6.221800 -2.980800 -16.363000 -2.935300 -9.518100 -72.184900 
0.128000 -4.147800 -3.552200 -3.938100 -1.036600 -4.149900 -1.792400 -3.328000 -17.162600 -2.910200 -10.736400 -62.841300 
0.130000 -0.995600 -1.261500 -0.829800 -0.812400 -7.019600 -5.771700 -4.031100 -13.640200 -3.707000 -14.079100 -51.385500 
0.132000 -3.598500 -2.401800 -2.367300 -3.011100 -4.491300 -3.549900 -3.018700 -15.415800 -3.277800 -9.052200 -64.787100 
0.134000 -2.181000 -1.531800 -1.865700 -4.578200 -4.944100 -3.520500 -4.088800 -21.195100 -3.655600 -7.263000 -80.163900 
0.136000 -1.434200 -0.870200 -3.146400 -3.751700 -4.320800 -3.909900 -2.184000 -12.838600 -3.821300 -7.633900 -88.752700 
0.138000 -2.004300 -0.986700 -1.519700 -4.111300 -3.029900 -2.630200 -5.216200 -11.951600 -2.018800 -6.075300 -37.763300 
0.140000 -1.197800 -1.769100 -3.312100 -2.831200 -4.565700 -6.465900 -4.613000 -16.526100 -5.843700 -6.140500 -74.523100 
0.142000 -2.019900 -3.037300 -3.572000 -3.887000 -3.070900 -2.299100 -4.325500 -15.156600 -5.262300 -7.928300 -54.511800 
0.144000 -2.806600 -1.372700 -2.588700 -2.543600 -4.926000 -3.994100 -3.663900 -15.207600 -3.204600 -11.242300 -72.147800 
0.146000 -1.512600 -3.037800 -4.418700 -2.447400 -2.735800 -2.230200 -2.858200 -17.766400 -6.032300 -3.867200 -52.174600 
0.148000 -1.476100 -1.478200 -1.888800 -0.603000 -7.291300 -3.339100 -4.548300 -15.191200 -8.225000 -18.226600 -48.941600 
0.150000 -3.897700 -5.877400 -3.337200 -1.375900 -6.970600 -2.691500 -3.183700 -18.733900 -4.708200 -6.145200 -63.449400 
0.152000 -3.764100 -1.632000 -0.836700 -1.474400 -5.328600 -6.321300 -5.921100 -8.806100 -2.383900 -14.194000 -61.353400 
0.154000 -0.560500 -1.768800 -3.179100 -0.686900 -6.834100 -2.846700 -5.059400 -13.254600 -3.623000 -8.821500 -64.828700 
0.156000 -3.579300 -1.805200 -2.520800 -3.712700 -6.659600 -3.176100 -4.731400 -12.221300 -3.462400 -18.173500 -74.275400 
0.158000 -1.786400 -3.231000 -2.703500 -7.097200 -8.892800 -2.920300 -3.415500 -33.832600 -3.055600 -8.391100 -75.396200 
0.160000 -0.838900 -0.438200 -1.002900 -4.710200 -4.892300 -2.130400 -3.004600 -32.957300 -5.899500 -8.561200 -64.502800 
0.162000 -0.607000 -2.959400 -1.650300 -1.532900 -6.989800 -4.727000 -3.576600 -17.834000 -4.659000 -15.412900 -62.567000 
0.164000 -2.493800 -1.385300 -3.611700 -0.797900 -5.476100 -3.611500 -4.496600 -10.693400 -3.607400 -18.519000 -48.633300 
0.166000 -1.351200 -0.967500 -1.956100 -1.680800 -5.548800 -4.512700 -1.757400 -13.320700 -6.489800 -21.191400 -68.224500 
0.168000 -1.513400 -5.365300 -1.452300 -1.742000 -11.065700 -4.975100 -7.017500 -13.925100 -2.424600 -10.657400 -55.175500 
0.170000 -4.531600 -2.421200 -3.112700 -3.247600 -6.935200 -3.284700 -5.080900 -18.669100 -6.535300 -8.338300 -37.637900 
0.172000 -1.530900 -1.447500 -3.403400 -4.447300 -7.197800 -3.814800 -2.859700 -20.883400 -6.442500 -11.117500 -53.549000 
0.174000 -0.893400 -5.248300 -4.823000 -3.041000 -4.374600 -2.460600 -2.104700 -14.856200 -3.612600 -24.083600 -74.760500 
0.176000 -1.451400 -3.630200 -1.897100 -6.119800 -4.214100 -4.507000 -10.525700 -15.191600 -4.397400 -5.845200 -67.227300 
0.178000 -2.782500 -4.411100 -1.806300 -1.802900 -6.734800 -2.036700 -7.620400 -18.523700 -2.567200 -8.627300 -48.822400 
0.180000 -2.452300 -3.239200 -1.893700 -4.525400 -9.628200 -5.198400 -3.722000 -23.807800 -3.415100 -11.167700 -74.629200 
0.182000 -1.998200 -4.275400 -1.394900 -3.367000 -7.930700 -3.279300 -5.171800 -19.824900 -2.847800 -10.417900 -86.132700 
0.184000 -3.659800 -2.111300 -2.007300 -2.379700 -3.090400 -2.844100 -3.022700 -15.717300 -2.772800 -9.270300 -50.924100 
0.186000 -1.877600 -2.576100 -3.445500 -6.485200 -4.725600 -4.583900 -3.863200 -19.832200 -3.256400 -12.573500 -59.035000 
0.188000 -1.423200 -1.445500 -3.115200 -2.579600 -6.483600 -8.255300 -4.110100 -24.178000 -5.572800 -12.789800 -48.009100 
0.190000 -1.973900 -6.028800 -1.983900 -5.498000 -5.925200 -2.566100 -4.031100 -19.449600 -3.608400 -11.943000 -68.230300 
0.192000 -0.942300 -2.184800 -3.363400 -1.830100 -5.745900 -2.754000 -2.767400 -21.774100 -4.743900 -12.786900 -73.733800 
0.194000 -1.599400 -3.744300 -5.858500 -4.241300 -7.063800 -1.921400 -7.065000 -24.430500 -1.338600 -4.432400 -80.806800 
0.196000 -1.714000 -3.039400 -3.331600 -0.536000 -7.540400 -3.868600 -7.529100 -17.995100 -5.062100 -5.991700 -95.427000 
0.198000 -2.151100 -4.704900 -1.487700 -1.960200 -8.363600 -5.079400 -6.305000 -27.264700 -3.524400 -10.400500 -159.743500 
0.200000 -3.189200 -1.040300 -1.766300 -1.407900 -4.256300 -3.881400 -4.162400 -13.995400 -2.716500 -17.171000 -103.102600 
0.202000 -1.418800 -2.719900 -2.501000 -3.618800 -6.673000 -2.370300 -5.355500 -18.017800 -3.258800 -15.310800 -98.025100 
0.204000 -2.426000 -3.536500 -1.991300 -5.824700 -3.016100 -1.790400 -3.520500 -19.082700 -3.381800 -19.974000 -113.578200 
0.206000 -2.256300 -2.014800 -2.266400 -2.084700 -4.920800 -2.052900 -6.392500 -17.493700 -3.503500 -15.677500 -85.233800 
0.208000 -1.823000 -3.538400 -5.479900 -4.392400 -8.616600 -3.225200 -5.711800 -19.381300 -4.685400 -8.988800 -68.300700 
0.210000 -1.882900 -4.136100 -2.837400 -3.247700 -8.109400 -2.529300 -4.064000 -17.159400 -3.417700 -12.219600 -65.965900 
0.212000 -1.253800 -2.235000 -2.781900 -3.962600 -3.707400 -2.371300 -2.468000 -14.718500 -8.441200 -8.868200 -68.215700 
0.214000 -1.762000 -2.316500 -2.583800 -2.882500 -6.233800 -5.338300 -4.043800 -13.068200 -3.092100 -19.147600 -113.455900 
0.216000 -1.079500 -2.959600 -2.858300 -3.527800 -3.325200 -9.359700 -3.087200 -12.535000 -3.698200 -14.413300 -76.129300 
0.218000 -1.412800 -1.574000 -4.801800 -3.314800 -8.138500 -3.582800 -5.986800 -19.842600 -4.317000 -10.420100 -60.474300 
0.220000 -2.271300 -1.913600 -3.355000 -3.440300 -3.768400 -5.958200 -5.465600 -26.251000 -4.528900 -12.840400 -63.346200 
0.222000 -1.133600 -2.237500 -4.337600 -4.293200 -4.056500 -6.609100 -5.665200 -21.426200 -6.323100 -7.683700 -92.899700 
0.224000 -3.557800 -2.648900 -2.449000 -1.802900 -4.473400 -3.033600 -5.190600 -18.058200 -3.038500 -10.462900 -65.863300 
0.226000 -1.715500 -1.996800 -4.421300 -6.335200 -2.243300 -2.991600 -8.220800 -18.530000 -2.363400 -14.025900 -83.038300 
0.228000 -1.886400 -5.215800 -2.829500 -3.686100 -5.481100 -4.617000 -3.118300 -20.749200 -5.310700 -11.166100 -47.443300 
0.230000 -1.420500 -2.222100 -1.390000 -2.712600 -6.884600 -3.947500 -2.919200 -20.086700 -5.956800 -12.537700 -72.379100 
0.232000 -0.710900 -3.120500 -3.223100 -4.725300 -4.764300 -4.328800 -4.137600 -15.230100 -1.924900 -19.766600 -95.281400 
0.234000 -1.770500 -1.871800 -3.336500 -3.554000 -4.484400 -1.863600 -3.445600 -21.773900 -4.702900 -21.015100 -70.839900 
0.236000 -1.349700 -2.549500 -1.487800 -3.515900 -5.424400 -9.867700 -2.337100 -27.409500 -6.713600 -20.748700 -51.980100 
0.238000 -1.436100 -2.799900 -4.148500 -5.162400 -6.025300 -3.069000 -2.934100 -27.039300 -4.520400 -12.147600 -39.937900 
0.240000 -1.406700 -1.883800 -3.888700 -6.023000 -4.725100 -5.193900 -6.613600 -12.742900 -3.294900 -13.227100 -87.155000 
0.242000 -1.500600 -1.879400 -2.572600 -4.381500 -3.347300 -4.440900 -6.330400 -24.261300 -3.061800 -11.240600 -64.272000 
0.244000 -1.262700 -2.425200 -2.055200 -4.312900 -7.259600 -5.810300 -4.533300 -18.460700 -2.492800 -16.703700 -36.027700 
0.246000 -0.731400 -2.907000 -1.689500 -2.256300 -5.208100 -3.829400 -5.566300 -26.723800 -6.436300 -6.727600 -42.258900 
0.248000 -1.122100 -1.484500 -8.012900 -4.131600 -4.204600 -4.744100 -3.634200 -26.927700 -1.132800 -16.488000 -44.320600 
0.250000 -1.267300 -4.104700 -3.254200 -4.073300 -3.553100 -0.937200 -3.192400 -32.133100 -2.912300 -13.281500 -63.819600 
0.252000 -0.514600 -2.015000 -5.603300 -5.226400 -5.915700 -2.034300 -6.359100 -14.336800 -2.549900 -15.288300 -49.110700 
0.254000 -0.575200 -3.966500 -4.006100 -3.740800 -9.381600 -4.251000 -7.327100 -20.413100 -4.034100 -7.915100 -75.070700 
0.256000 -1.497100 -2.199200 -5.098800 -9.841400 -5.468500 -5.723000 -2.604600 -15.404000 -2.709100 -14.409000 -68.796100 
0.258000 -2.307200 -5.195900 -1.996200 -4.885600 -5.645600 -4.093300 -5.808900 -25.532600 -4.826400 -6.399900 -66.612600 
0.260000 -0.765400 -1.851200 -3.236800 -3.203400 -3.909800 -6.619100 -4.598100 -17.518300 -4.014900 -15.697200 -62.523800 
0.262000 -1.116000 -1.869600 -4.687100 -5.940100 -3.651900 -5.307700 -6.809300 -21.221700 -1.635400 -6.719900 -55.449500 
0.264000 -2.489600 -3.116200 -2.438400 -6.994400 -4.177500 -6.232500 -10.607500 -17.028300 -5.405400 -12.083000 -67.607400 
0.266000 -2.436500 -3.990300 -3.251300 -4.160300 -6.664100 -4.203400 -5.951500 -15.120400 -3.439900 -4.382200 -59.026000 
0.268000 -1.758800 -5.134400 -4.277700 -4.091900 -5.147900 -4.132200 -6.886000 -24.021400 -3.043600 -6.959000 -58.561800 
0.270000 -1.980200 -1.192100 -4.991400 -4.589300 -6.168400 -1.695700 -7.682500 -18.206300 -5.075300 -18.603700 -106.823200 
0.272000 -1.672000 -2.736200 -2.883600 -4.243200 -5.939900 -4.535000 -4.972900 -21.700900 -1.975200 -13.308500 -86.587300 
0.274000 -1.269500 -1.954600 -2.445600 -4.321300 -5.991400 -5.494200 -10.100300 -17.589000 -1.565700 -10.331000 -37.026900 
0.276000 -0.620200 -1.395300 -4.595700 -4.438500 -7.505500 -2.603400 -8.184100 -17.371400 -4.113600 -14.437500 -37.596200 
0.278000 -0.757300 -2.486900 -6.516900 -3.662100 -4.355000 -4.683300 -7.592500 -17.618900 -3.120000 -7.982100 -40.266000 
0.280000 -3.497000 -1.770700 -2.727900 -1.471700 -4.718300 -5.897800 -6.596600 -13.814300 -8.650000 -10.504800 -45.292000 
0.282000 -0.597000 -2.305800 -2.815100 -2.909500 -3.584600 -1.903800 -4.605600 -24.744500 -8.303700 -8.606600 -39.862500 
0.284000 -1.049000 -1.963700 -3.073200 -1.152600 -4.475800 -3.141000 -12.179000 -16.511000 -2.615400 -12.811900 -97.301600 
0.286000 -1.662000 -3.197800 -4.600500 -3.115000 -6.649200 -2.077600 -3.564700 -16.575900 -2.805500 -9.747700 -96.305300 
0.288000 -0.849500 -3.457000 -2.743500 -3.294600 -4.769500 -8.521500 -7.938400 -23.044300 -2.381800 -8.234100 -51.100400 
0.290000 -0.435300 -2.563300 -1.941300 -4.671600 -4.594900 -3.100300 -2.146500 -19.035400 -4.292400 -16.283800 -51.642500 
0.292000 -0.300900 -0.826100 -2.586900 -3.706000 -4.505400 -3.176300 -10.252300 -18.566500 -3.993500 -13.781600 -67.165400 
0.294000 -1.166000 -2.306300 -3.363900 -1.708200 -5.090000 -2.037600 -8.064600 -24.334800 -5.820500 -15.737300 -73.942000 
0.296000 -0.821300 -0.581500 -0.629900 -2.552400 -8.673300 -3.614600 -11.449200 -22.285500 -5.607200 -19.360700 -50.709800 
0.298000 -0.536000 -3.850100 -1.949800 -0.870500 -4.300400 -2.795400 -8.206900 -16.954500 -4.738800 -9.779600 -44.348600 
0.300000 -0.384800 -1.354300 -1.730100 -1.383000 -6.446900 -7.686100 -7.217200 -27.121100 -1.851800 -15.480600 -112.463900 
0.302000 -0.591500 -2.631200 -2.601900 -4.491400 -7.416200 -6.121000 -11.306600 -24.750400 -4.521900 -20.294900 -45.033700 
0.304000 -0.383500 -1.271900 -3.043100 -4.845600 -8.197500 -5.650600 -9.277700 -17.801300 -3.718600 -32.804300 -55.250100 
0.306000 -1.077800 -1.223400 -2.257100 -3.317400 -5.088300 -4.027100 -3.738800 -29.406500 -5.749400 -15.437700 -46.513500 
0.308000 -2.979900 -0.618100 -3.321400 -1.469500 -11.389700 -2.930100 -5.854000 -19.391900 -4.073200 -28.175800 -74.921400 
0.310000 -0.764400 -1.562200 -2.481800 -2.514600 -7.993900 -2.106000 -5.549500 -22.436000 -5.742900 -17.817600 -53.526000 
0.312000 -1.388800 -3.132100 -2.692000 -1.979900 -6.498900 -5.273900 -4.772500 -19.645000 -2.548800 -15.978200 -73.096900 
0.314000 -1.144400 -1.314200 -3.839000 -0.694500 -2.951600 -5.861900 -5.425500 -24.930500 -3.008800 -13.582400 -100.304200 
0.316000 -1.929500 -1.064600 -4.381700 -0.534900 -3.630000 -6.236600 -6.720900 -24.334300 -3.362800 -9.242300 -50.304400 
0.318000 -0.867700 -2.237700 -2.191200 -1.499200 -9.729000 -8.513900 -7.157400 -9.921000 -2.419300 -12.957400 -62.674500 
0.320000 -2.276800 -1.309200 -1.716100 -3.142500 -4.112700 -2.357200 -7.665500 -19.161900 -6.135800 -12.005900 -61.506000 
0.322000 -1.115900 -3.176600 -4.575400 -2.426200 -2.687300 -7.064400 -8.134600 -24.752400 -8.758800 -10.365200 -42.403500 
0.324000 -0.508400 -1.369000 -5.306500 -2.566700 -3.945500 -7.225700 -9.483800 -15.255900 -1.735400 -11.082400 -78.222400 
0.326000 -1.853700 -2.062100 -2.304700 -3.252100 -4.795900 -4.751800 -8.459600 -21.597400 -2.984400 -12.500000 -106.879100 
0.328000 -2.204000 -2.675800 -3.781700 -1.449300 -3.924800 -2.447900 -11.158200 -11.854700 -1.707900 -9.121500 -73.252600 
0.330000 -2.434600 -2.798700 -6.646300 -1.442100 -5.050500 -3.361100 -9.145400 -25.870500 -3.610600 -12.515000 -45.470900 
0.332000 -1.915800 -1.197500 -2.802400 -1.733600 -5.461000 -4.877100 -4.552800 -20.210700 -5.028400 -8.609300 -66.855000 
0.334000 -2.269800 -0.994200 -2.731000 -1.773200 -4.593400 -3.748600 -2.744200 -23.228800 -6.624400 -13.012100 -69.497600 
0.336000 -1.899700 -1.974700 -2.494600 -2.799200 -2.859500 -3.625200 -8.717200 -14.524300 -6.345300 -11.116200 -39.672100 
0.338000 -0.390800 -2.771300 -1.471700 -1.524500 -5.824300 -0.934300 -5.490900 -28.577900 -3.253800 -13.291300 -35.596800 
0.340000 -1.087600 -0.975500 -1.711600 -3.520700 -5.686000 -4.060300 -3.966900 -25.250300 -4.924200 -25.969400 -46.550200 
0.342000 -1.156300 -1.931600 -5.015400 -3.119800 -7.984300 -4.923100 -3.565000 -26.051800 -1.561500 -21.232000 -61.114200 
0.344000 -1.872600 -3.415000 -3.715400 -5.316700 -4.855200 -3.382800 -10.459400 -24.855600 -5.600700 -30.301200 -47.113400 
0.346000 -1.441100 -2.770100 -4.579200 -4.289100 -7.260800 -4.643300 -7.279700 -23.964700 -3.260500 -17.818100 -47.495200 
0.348000 -4.899400 -3.367600 -2.021500 -1.848600 -7.616500 -5.463600 -8.674600 -21.766700 -3.270100 -9.043700 -39.630600 
0.350000 -3.515500 -3.317300 -1.855100 -0.890600 -10.389500 -5.337000 -5.666700 -18.718000 -3.524300 -17.660500 -55.000300 
0.352000 -3.401200 -2.547900 -2.149600 -2.878500 -6.793700 -4.001900 -4.876300 -13.661500 -4.544200 -15.016400 -55.578800 
0.354000 -1.890600 -0.908300 -3.344100 -2.876500 -7.047100 -5.821300 -6.052200 -23.399300 -2.971500 -10.834900 -74.155100 
0.356000 -1.225200 -1.756300 -5.855400 -2.105500 -10.743300 -3.803800 -8.108800 -15.998900 -3.166900 -17.101400 -58.873400 
0.358000 -1.833500 -1.258700 -2.028400 -2.568100 -5.110700 -5.027500 -4.467100 -10.337300 -2.456300 -11.925000 -70.842500 
0.360000 -1.153200 -1.988400 -3.627900 -4.081500 -7.293600 -1.269900 -7.354300 -26.264900 -8.410300 -10.369900 -71.536900 
0.362000 -2.237300 -2.370200 -4.151300 -4.701700 -6.006600 -4.071000 -6.070300 -18.853200 -6.957400 -22.873800 -64.609900 
0.364000 -1.156900 -2.305300 -5.213000 -4.811000 -5.107000 -2.489400 -2.868000 -14.261100 -2.561400 -11.735600 -69.888100 
0.366000 -2.045500 -2.039600 -2.115000 -1.015400 -3.814100 -3.284800 -5.569500 -20.393100 -2.199100 -24.174100 -53.978200 
0.368000 -4.823700 -1.487800 -4.399200 -2.473400 -6.269800 -5.805300 -5.504600 -22.762200 -3.197300 -17.444800 -73.887300 
0.370000 -1.684000 -1.845600 -3.018600 -2.361000 -5.505700 -2.305500 -4.491600 -16.370100 -2.526700 -11.266400 -66.524300 
0.372000 -1.666700 -2.944500 -1.312200 -3.706800 -6.069100 -4.908000 -5.697200 -17.336600 -2.507900 -17.027900 -79.067700 
0.374000 -1.246300 -1.147200 -5.730000 -3.644600 -4.726700 -5.182600 -6.219800 -20.391200 -1.820500 -8.222600 -57.867700 
0.376000 -0.957300 -1.832800 -2.834300 -6.730100 -5.320100 -1.280300 -9.680900 -28.260000 -9.965300 -11.791000 -46.495700 
0.378000 -1.074300 -1.499400 -2.937200 -3.903500 -4.620400 -3.263300 -3.185400 -16.418600 -4.572100 -4.046900 -45.956800 
0.380000 -1.415400 -1.100600 -4.025800 -5.515300 -4.773400 -2.752300 -4.874100 -14.403400 -6.326100 -30.432800 -58.801000 
0.382000 -1.652300 -2.211800 -4.126300 -3.570900 -2.888900 -1.927600 -3.366600 -14.403700 -3.691600 -13.069800 -71.131200 
0.384000 -1.945800 -2.640800 -3.610800 -5.242900 -7.267100 -2.672800 -6.111400 -19.115500 -3.896900 -15.614200 -51.888600 
0.386000 -1.127000 -1.633300 -3.417500 -5.068900 -6.598300 -1.468500 -5.299800 -13.022300 -4.909500 -14.475800 -47.278900 
0.388000 -1.857100 -1.597000 -2.401000 -2.378800 -4.616500 -2.649400 -5.114700 -18.159400 -3.760100 -15.485100 -56.232000 
0.390000 -0.377800 -1.763700 -1.649000 -3.714800 -6.295400 -3.713900 -4.051200 -16.495000 -2.642500 -16.751300 -67.975400 
0.392000 -1.000100 -2.285000 -1.797600 -3.213600 -4.925300 -2.269100 -6.239700 -18.583300 -1.493200 -19.187700 -72.718600 
0.394000 -1.020100 -4.632000 -3.022400 -1.396600 -7.020800 -5.619100 -4.734800 -27.048800 -5.633200 -18.368400 -51.484300 
0.396000 -3.000400 -1.623000 -3.731300 -3.108200 -5.241300 -6.225300 -4.159000 -17.817500 -8.411300 -22.999200 -31.019500 
0.398000 -0.529800 -2.089000 -2.115600 -3.461600 -7.734300 -1.282500 -5.499400 -28.178300 -1.492400 -16.056900 -96.711500 
0.400000 -1.166200 -1.606100 -2.712500 -7.952300 -6.238400 -4.696200 -3.715300 -24.012600 -2.110800 -22.033300 -61.285300 
0.402000 -0.341900 -1.951500 -3.167900 -4.254500 -5.815100 -4.411400 -3.711600 -21.853000 -5.714700 -12.896600 -82.052600 
0.404000 -0.987000 -2.623100 -3.755900 -7.475600 -4.483100 -4.092100 -8.323000 -20.378000 -5.883900 -9.929900 -59.208200 
0.406000 -1.353300 -1.521500 -3.634300 -1.847900 -5.503100 -6.612000 -5.636700 -13.125700 -4.886600 -16.007100 -77.859100 
0.408000 -2.252300 -1.419000 -2.363800 -4.549100 -2.743300 -8.365900 -3.709700 -12.971300 -3.717900 -12.978400 -57.403100 
0.410000 -0.605300 -1.702800 -2.538000 -3.734000 -5.834800 -2.370700 -15.326500 -17.499100 -4.069000 -26.113300 -57.517900 
0.412000 -1.333200 -3.083800 -2.684300 -4.311700 -5.758700 -0.769600 -4.207800 -20.628200 -5.780800 -18.464300 -58.520600 
0.414000 -0.496500 -2.707700 -2.061600 -2.400600 -4.769600 -3.547600 -3.961000 -31.821000 -3.778400 -15.648100 -47.134800 
0.416000 -0.873800 -2.412800 -3.144600 -5.817300 -4.702000 -4.466100 -6.426200 -23.909300 -5.860900 -11.771300 -39.158500 
0.418000 -0.612200 -1.510300 -3.370100 -1.733900 -4.012900 -2.330500 -10.116600 -24.585000 -4.317800 -18.150600 -61.711900 
0.420000 -1.547200 -3.821300 -2.843300 -2.599400 -5.978300 -3.075900 -6.829200 -21.916000 -3.824200 -12.324500 -94.229100 
0.422000 -1.543100 -1.843200 -3.011500 -5.274300 -8.659200 -6.118200 -4.453200 -24.670500 -3.460800 -20.861700 -64.256300 
0.424000 -1.489800 -1.282000 -2.000200 -3.479200 -5.788300 -1.763100 -5.912100 -22.505700 -4.360700 -28.147800 -67.456200 
0.426000 -1.463000 -1.268500 -5.588300 -3.884600 -11.483400 -3.233300 -5.966100 -31.442200 -8.199100 -13.105700 -68.870300 
0.428000 -1.652500 -2.090200 -4.271700 -3.756200 -4.712700 -1.300100 -3.646100 -22.753700 -8.159600 -16.813300 -131.823600 
0.430000 -2.993600 -3.017600 -4.031900 -3.081900 -5.487700 -2.876100 -3.615800 -24.578100 -13.604500 -14.206100 -65.843600 
0.432000 -2.692800 -3.966100 -2.858500 -3.748100 -6.452700 -1.914100 -5.166900 -18.272100 -2.607400 -13.197000 -98.252500 
0.434000 -1.407200 -2.812200 -3.831900 -3.565200 -9.877100 -3.483600 -9.185400 -24.279100 -3.648700 -9.197200 -77.980600 
0.436000 -1.645900 -1.675000 -3.469400 -1.888200 -4.501000 -2.883800 -7.803300 -19.342200 -3.855100 -18.039100 -84.967600 
0.438000 -1.182500 -2.203800 -5.017400 -4.419100 -8.417700 -5.648900 -3.300800 -20.899200 -5.814700 -20.439500 -46.894100 
0.440000 -2.640600 -1.740800 -3.165600 -4.330800 -6.448000 -2.921400 -3.824200 -17.717900 -7.807800 -7.494100 -48.090800 
0.442000 -0.818900 -0.367500 -4.335700 -3.065500 -6.488700 -1.086900 -5.922200 -16.230500 -6.286200 -19.810100 -51.903700 
0.444000 -1.520800 -0.959200 -6.451900 -1.289100 -6.029300 -1.952000 -13.968700 -8.944800 -6.660400 -9.272300 -74.859000 
0.446000 -1.664000 -0.723600 -4.426800 -1.596200 -6.000700 -2.102900 -11.322300 -17.130000 -5.080300 -14.907100 -56.057800 
0.448000 -1.018700 -1.463000 -2.858700 -2.931800 -7.030000 -3.883100 -6.332900 -21.240000 -5.062100 -11.843200 -51.943100 
0.450000 -4.973800 -1.325600 -2.726400 -3.045600 -7.879600 -2.532100 -9.212500 -14.392200 -1.562000 -9.845000 -62.313900 
0.452000 -0.319000 -1.332100 -2.267600 -3.604900 -8.119000 -2.702900 -2.741600 -16.136000 -6.080200 -14.936100 -38.547600 
0.454000 -0.926700 -1.785500 -2.229200 -2.379800 -6.350000 -5.873300 -3.244300 -24.799200 -7.221100 -13.211300 -87.934600 
0.456000 -0.781200 -4.357400 -2.187800 -2.572600 -6.525700 -2.913500 -6.963400 -10.155500 -6.539600 -11.263100 -121.208700 
0.458000 -1.665500 -3.709000 -2.465800 -4.726900 -5.321400 -4.264900 -6.180300 -19.296000 -7.183800 -11.436600 -100.131500 
0.460000 -3.413300 -3.790900 -2.533000 -1.869900 -7.348300 -3.291600 -8.266900 -9.018100 -3.815200 -10.516300 -80.193600 
0.462000 -1.498500 -2.334800 -1.845500 -2.372200 -7.116000 -1.771200 -6.263800 -14.385700 -1.482200 -9.871900 -103.845500 
0.464000 -1.339700 -0.752400 -2.460900 -2.934100 -4.321900 -5.078300 -2.048900 -21.273200 -3.936300 -12.515400 -50.054500 
0.466000 -1.288600 -1.844500 -3.482200 -1.808600 -4.001000 -4.623700 -2.626000 -21.422500 -3.068700 -13.515300 -56.962200 
0.468000 -2.277700 -1.903200 -0.915600 -1.325400 -1.559700 -3.030700 -4.346500 -12.401200 -3.357000 -11.402300 -84.201300 
0.470000 -0.625500 -3.372000 -1.364100 -1.934800 -5.439600 -3.815100 -4.509900 -17.399800 -3.157200 -13.870000 -43.118500 
0.472000 -0.450000 -1.369800 -2.429100 -2.208700 -5.281400 -3.882500 -3.902100 -21.935900 -3.135400 -11.573800 -42.822400 
0.474000 -2.350200 -4.015800 -2.448100 -2.406400 -3.937000 -2.854500 -5.047500 -22.634100 -4.173000 -7.498700 -25.575700 
0.476000 -0.506200 -2.361400 -2.654500 -3.576700 -3.942700 -2.624700 -3.408000 -17.805900 -3.024700 -19.085000 -67.231500 
0.478000 -0.875300 -3.269600 -1.064700 -1.841200 -6.122000 -2.919900 -4.468200 -24.113600 -6.700800 -18.350400 -34.553000 
0.480000 -1.041500 -1.209200 -3.592200 -0.855400 -3.433900 -3.652800 -8.333600 -17.736100 -5.972600 -9.704700 -69.869600 
0.482000 -0.716400 -1.944500 -4.702200 -2.632100 -4.112000 -1.970800 -4.382600 -21.669100 -1.702000 -20.247800 -65.029100 
0.484000 -0.495200 -1.615200 -1.832500 -2.754700 -2.880800 -1.134000 -4.575900 -15.706200 -4.208100 -19.035700 -66.847300 
0.486000 -1.433200 -2.834500 -1.905700 -1.815500 -5.153900 -2.511300 -5.026900 -12.979100 -4.553400 -10.457000 -95.493700 
0.488000 -1.041700 -1.826100 -2.357500 -1.227400 -4.997600 -5.268000 -5.807500 -10.063700 -2.682300 -12.446500 -65.350200 
0.490000 -1.793300 -3.494100 -3.721000 -4.518700 -4.088200 -3.575700 -6.109600 -13.259100 -4.843500 -14.371900 -73.734700 
0.492000 -1.076800 -4.964600 -2.578100 -2.235200 -6.881100 -2.807400 -5.467400 -12.640200 -2.415100 -10.102200 -30.442500 
0.494000 -1.161700 -3.182300 -1.339100 -2.021600 -4.419900 -4.850500 -3.476600 -10.740300 -3.160000 -6.770600 -55.489600 
0.496000 -1.454400 -1.810000 -2.366300 -1.348000 -5.088200 -5.479800 -13.206100 -10.258600 -6.801900 -21.980200 -41.210700 
0.498000 -1.126700 -4.259000 -2.137000 -3.365200 -4.515900 -8.329400 -7.626800 -16.054000 -2.639600 -12.491700 -59.038200 
0.500000 -2.223000 -6.700900 -1.876900 -2.987400 -7.279600 -5.962000 -6.940700 -19.358200 -4.122700 -15.847000 -52.192200 
0.502000 -2.348500 -3.630900 -1.816100 -2.864800 -5.345300 -4.072000 -5.641300 -13.605200 -3.038100 -25.640000 -45.189900 
0.504000 -0.771500 -2.685700 -2.298900 -2.690400 -5.209400 -4.082700 -6.269300 -16.150300 -8.444800 -16.108600 -38.771300 
0.506000 -1.797400 -3.333500 -2.373900 -3.127500 -6.231700 -3.060400 -5.856000 -17.712000 -1.763700 -14.412900 -45.255900 
0.508000 -1.654000 -3.151800 -1.743800 -2.530000 -3.583400 -3.092000 -3.684300 -39.396900 -3.770400 -17.766500 -30.227300 
0.510000 -1.049500 -4.083300 -1.670400 -4.202400 -4.185700 -3.753500 -3.127200 -14.190000 -3.738100 -10.634800 -50.712100 
0.512000 -1.585700 -2.926900 -1.687500 -5.544300 -7.768400 -3.215500 -6.127100 -20.359300 -3.462300 -15.970700 -72.101900 
0.514000 -1.898900 -3.692400 -2.684000 -4.252700 -5.887600 -1.856100 -4.330600 -17.768700 -5.701700 -6.982500 -73.452800 
0.516000 -1.529800 -3.012300 -1.994200 -3.919100 -6.982300 -1.736000 -4.759800 -29.741100 -4.261800 -7.006400 -84.953800 
0.518000 -1.678300 -1.837300 -4.798200 -1.407000 -4.638700 -3.355600 -6.785700 -15.592700 -8.456000 -11.198900 -63.171200 
0.520000 -0.821200 -2.067700 -2.835500 -2.523600 -3.835700 -7.998100 -3.665100 -25.080500 -5.123600 -21.656200 -53.282600 
0.522000 -1.950100 -2.673500 -3.051600 -1.849500 -8.422600 -1.549100 -6.395000 -14.306600 -2.534500 -21.937700 -80.767700 
0.524000 -0.402300 -1.734300 -5.039200 -2.397200 -12.236600 -3.636500 -4.326700 -19.003100 -4.078000 -19.967400 -64.157800 
0.526000 -1.610600 -1.586100 -3.790500 -4.738900 -7.278900 -6.467900 -1.517200 -14.634700 -0.775500 -8.966000 -74.181800 
0.528000 -0.944000 -2.029000 -4.950100 -2.166200 -6.495100 -2.214600 -6.587600 -23.113900 -2.524300 -18.528100 -89.317100 
0.530000 -2.518000 -1.669300 -3.456400 -1.806400 -4.935000 -2.649900 -7.769000 -10.715000 -2.282300 -20.056900 -63.724100 
0.532000 -4.536800 -3.570500 -5.316800 -2.839500 -5.933500 -1.325400 -6.600000 -25.450900 -2.272000 -13.626700 -53.687000 
0.534000 -0.724000 -2.089100 -3.002300 -4.746900 -9.000800 -4.956400 -6.822600 -15.392200 -4.114700 -11.991600 -97.136000 
0.536000 -2.370300 -5.684500 -6.489800 -1.501400 -2.857200 -3.343400 -3.932300 -19.955600 -3.171200 -12.738700 -73.151400 
0.538000 -0.783600 -1.308900 -5.685900 -2.432600 -2.968300 -6.264600 -6.020300 -12.795900 -1.153200 -13.881500 -70.189700 
0.540000 -1.738500 -1.293500 -4.070400 -0.883800 -9.077800 -2.298300 -6.956600 -18.334300 -5.045100 -15.448500 -40.655300 
0.542000 -1.867300 -1.505300 -4.977600 -2.015800 -9.050100 -5.304500 -3.034600 -25.634500 -5.760800 -18.026100 -49.721000 
0.544000 -0.689000 -1.812900 -5.645600 -4.747100 -2.303900 -3.278100 -3.991100 -19.336800 -11.748100 -8.210600 -35.224600 
0.546000 -1.235800 -1.201400 -2.959700 -4.007700 -4.544200 -3.429300 -6.919100 -35.712100 -3.211100 -6.502500 -85.279200 
0.548000 -1.406200 -2.605100 -3.332200 -3.058000 -2.256300 -1.161100 -11.276300 -21.190500 -2.149300 -23.785600 -61.619900 
0.550000 -1.107400 -1.106200 -2.257500 -4.142200 -4.799500 -1.184900 -3.840600 -15.308000 -4.449100 -17.059500 -95.846400 
0.552000 -1.285600 -1.851700 -1.628600 -2.659300 -5.356500 -2.926400 -2.309100 -16.762400 -5.794300 -17.404200 -60.693900 
0.554000 -2.199900 -1.198800 -1.608600 -4.651000 -8.815100 -1.148200 -12.805600 -26.394200 -2.962700 -22.770200 -60.752900 
0.556000 -0.761100 -1.430800 -0.995600 -1.788400 -3.158700 -3.121600 -4.851000 -21.641800 -4.689700 -21.000500 -45.039700 
0.558000 -0.349500 -1.399400 -0.738300 -2.759700 -7.847600 -7.724300 -5.321800 -16.345600 -4.508000 -19.168400 -69.409500 
0.560000 -1.106100 -0.594800 -2.359200 -5.288200 -2.214400 -3.344400 -2.234900 -21.218500 -1.986400 -27.080800 -44.128600 
0.562000 -0.592400 -1.912900 -2.310700 -3.568300 -5.452000 -2.692300 -3.615200 -28.922300 -2.677600 -18.224900 -63.840700 
0.564000 -0.729000 -2.275600 -2.150000 -4.085800 -3.195800 -6.419400 -3.447200 -24.603700 -1.609100 -30.053800 -45.620500 
0.566000 -0.471600 -0.562100 -3.347200 -3.218800 -5.200900 -3.164900 -4.897300 -28.013300 -2.278000 -17.301200 -28.970500 
0.568000 -0.599700 -3.505900 -4.415500 -2.552000 -2.721000 -3.227400 -2.062600 -19.366300 -5.141400 -22.527000 -58.648800 
0.570000 -0.638500 -2.267600 -3.641900 -3.249500 -4.649700 -5.702600 -7.644300 -16.938400 -4.776400 -11.160600 -35.191100 
0.572000 -1.213500 -1.854200 -1.977300 -2.643800 -5.355100 -4.735800 -7.430100 -17.280000 -4.665000 -14.217300 -65.666300 
0.574000 -0.456900 -4.732700 -3.286100 -1.778600 -6.469600 -3.268400 -4.050700 -8.210200 -4.320500 -17.901300 -42.405900 
0.576000 -4.075900 -1.865300 -2.190700 -1.747700 -4.372100 -4.601800 -2.304800 -11.604500 -5.942600 -9.190300 -67.427500 
0.578000 -1.657700 -1.696900 -4.140500 -5.933100 -4.936700 -7.240100 -3.439900 -12.580500 -2.215300 -15.579700 -66.477800 
0.580000 -1.475700 -1.703800 -2.575600 -0.642700 -5.207600 -6.104400 -6.875100 -9.567000 -3.227300 -14.091000 -49.505800 
0.582000 -1.161700 -1.796400 -3.752300 -1.483200 -7.221600 -3.243100 -3.133500 -15.268100 -7.103400 -20.024000 -68.969600 
0.584000 -0.545300 -2.012100 -2.799900 -1.633500 -3.155700 -5.872700 -8.277500 -16.540600 -4.274900 -13.078400 -96.549800 
0.586000 -1.729200 -2.969500 -1.793000 -1.667800 -4.366700 -3.068000 -6.046300 -16.085200 -2.896100 -13.830700 -60.098300 
0.588000 -1.188200 -1.159500 -1.812000 -2.431500 -6.236400 -3.272600 -5.669200 -17.238300 -3.621500 -20.248900 -56.572900 
0.590000 -1.012200 -1.961800 -3.649300 -1.812100 -7.934700 -3.267800 -6.025400 -21.736500 -5.042500 -19.586100 -88.014000 
0.592000 -0.670500 -2.665400 -2.743100 -1.567200 -3.607700 -2.073000 -4.165100 -13.223500 -3.720100 -15.964100 -80.545600 
0.594000 -2.805600 -3.355700 -3.343900 -4.135600 -3.850900 -4.885900 -6.449400 -20.896100 -6.374900 -31.743600 -69.459500 
0.596000 -1.469900 -4.934200 -1.771000 -2.030000 -5.413600 -3.734100 -8.927200 -13.392400 -5.751300 -15.462600 -73.113700 
0.598000 -1.933500 -2.254800 -4.994900 -4.561400 -9.120900 -2.593000 -4.385000 -14.362000 -6.741600 -27.302500 -33.748000 
0.600000 -1.017000 -2.143600 -2.450700 -2.748700 -10.051500 -2.026300 -1.912200 -16.456400 -6.511700 -23.080100 -45.798500 
0.602000 -3.511400 -2.246000 -2.154900 -3.114200 -7.015300 -2.173900 -5.314000 -12.662700 -6.415200 -37.299300 -64.314900 
0.604000 -2.113800 -2.342900 -1.748900 -5.412900 -5.903100 -3.101600 -6.445400 -21.975000 -5.210800 -17.705500 -54.889200 
0.606000 -1.961100 -3.413600 -2.189500 -3.915200 -3.466600 -5.179200 -8.574000 -19.832200 -8.161100 -13.531000 -37.175400 
0.608000 -1.094400 -4.880500 -4.481100 -4.947900 -2.558100 -5.077400 -8.627000 -21.159500 -4.978600 -17.667400 -85.067800 
0.610000 -0.450600 -3.018600 -3.640000 -2.500700 -10.418800 -3.787000 -6.301200 -17.053600 -2.784400 -16.201400 -65.168200 
0.612000 -0.523800 -1.537800 -2.720200 -2.409200 -5.840600 -2.205900 -7.560800 -20.796600 -2.021300 -13.024400 -88.395400 
0.614000 -0.359300 -4.832800 -2.352600 -3.257800 -4.565800 -1.541700 -9.578500 -18.990600 -2.186600 -14.424400 -51.066900 
0.616000 -1.090700 -3.328500 -3.289500 -5.121000 -6.318300 -1.414200 -4.438400 -18.166700 -2.551600 -21.428200 -77.661500 
0.618000 -2.375100 -2.196500 -6.350300 -3.200100 -5.924300 -2.385000 -6.366900 -18.239000 -3.443100 -27.107500 -66.068200 
0.620000 -0.533900 -1.702500 -2.515900 -3.902900 -11.427000 -2.929900 -8.638900 -21.523000 -2.818900 -24.658400 -48.885900 
0.622000 -2.657600 -1.222500 -2.717000 -7.322200 -10.713700 -1.286200 -5.313500 -16.277500 -6.879200 -22.616800 -72.522300 
0.624000 -2.824600 -5.942100 -3.057100 -2.976300 -4.335400 -3.488800 -5.001300 -25.434700 -2.806500 -18.797400 -54.003900 
0.626000 -0.765800 -3.415100 -2.434700 -4.434300 -6.157300 -3.029400 -7.930100 -26.097300 -4.415700 -30.307800 -42.508800 
0.628000 -0.780600 -2.403800 -2.511500 -1.672700 -6.159200 -3.266400 -11.909300 -20.611300 -2.132900 -19.034200 -59.735300 
0.630000 -0.729800 -2.566200 -2.743600 -1.934200 -10.681000 -2.697700 -7.542800 -17.121100 -5.905400 -37.137800 -70.544400 
0.632000 -0.479700 -4.066100 -2.294100 -1.679500 -4.780800 -1.943000 -7.662400 -19.606000 -4.687300 -15.219500 -82.115000 
0.634000 -0.963800 -4.538200 -4.768100 -2.728600 -4.028900 -6.814400 -11.418900 -13.121600 -4.143100 -9.659600 -108.177700 
0.636000 -0.533600 -3.133400 -3.937200 -2.464900 -2.838400 -5.573900 -4.376000 -17.537600 -7.656000 -15.176600 -96.301100 
0.638000 -0.329700 -1.471500 -3.882300 -3.517800 -4.145800 -5.848700 -9.899400 -17.885000 -2.246800 -14.938100 -56.981300 
0.640000 -0.581000 -2.985400 -3.685000 -2.255800 -4.924600 -4.067500 -7.274500 -28.017200 -1.778800 -27.651400 -66.632400 
0.642000 -0.566500 -1.436500 -3.737600 -1.626800 -5.656400 -1.731100 -4.562300 -19.323500 -3.172000 -18.354200 -68.982600 
0.644000 -1.703100 -0.927200 -4.621500 -3.852000 -5.230900 -7.831400 -14.462200 -14.205400 -4.147700 -19.334000 -83.526400 
0.646000 -1.361400 -1.046900 -4.244200 -3.558200 -5.127700 -6.537700 -11.439800 -31.980500 -4.482800 -23.615300 -66.634700 
0.648000 -2.068000 -2.591500 -3.440700 -2.187800 -5.024300 -2.972100 -6.348000 -20.138900 -6.766900 -29.087300 -48.563100 
0.650000 -3.765200 -2.519100 -2.257500 -1.492600 -6.723100 -2.549900 -9.510400 -16.975000 -4.996100 -14.539000 -29.308500 
0.652000 -0.888900 -1.927800 -2.426100 -2.572500 -3.416000 -1.063200 -7.279300 -19.176200 -3.671300 -15.002100 -72.503800 
0.654000 -2.257000 -2.304400 -4.506600 -3.371900 -7.468200 -4.880200 -8.526100 -18.702300 -6.180800 -12.755800 -36.897000 
0.656000 -1.473700 -1.988300 -4.044900 -5.877800 -4.738800 -4.912200 -11.272200 -24.367100 -6.502200 -20.275300 -54.865000 
0.658000 -2.837600 -3.209400 -2.544900 -3.248600 -6.457400 -3.924900 -7.479800 -17.417400 -6.480600 -14.041700 -54.897800 
0.660000 -1.559400 -1.965200 -2.226600 -3.733500 -9.150400 -8.120400 -9.793700 -15.746900 -2.986400 -21.272500 -53.664500 
0.662000 -2.140200 -3.485100 -2.168600 -4.543300 -4.822600 -4.436500 -8.185400 -15.995700 -3.926700 -9.921300 -65.325400 
0.664000 -1.480000 -0.641300 -1.940200 -4.265200 -7.358400 -6.374900 -11.285300 -11.089900 -6.725300 -18.582500 -51.430400 
0.666000 -0.558100 -2.559800 -2.222000 -1.802800 -6.277000 -1.933100 -7.558900 -16.214900 -5.333700 -21.536700 -87.500800 
0.668000 -1.856900 -3.290400 -2.421600 -2.480900 -5.965900 -3.854500 -8.648700 -19.556900 -8.655100 -25.871100 -48.605800 
0.670000 -0.861200 -3.460600 -1.136900 -3.478200 -6.345700 -4.922000 -11.716900 -21.015000 -9.504700 -23.501100 -65.756800 
0.672000 -1.106800 -2.522200 -1.948700 -2.304300 -3.958500 -2.966600 -7.643400 -16.151000 -14.968800 -13.366900 -64.089300 
0.674000 -1.271400 -2.393400 -1.825200 -4.830700 -4.593800 -5.878200 -8.764600 -15.123100 -2.564500 -14.552300 -77.949700 
0.676000 -0.897900 -4.031400 -1.513400 -2.751400 -4.954800 -5.322300 -9.380900 -23.273600 -5.263600 -35.860500 -110.042300 
0.678000 -0.546800 -3.197200 -0.607400 -3.001100 -4.409300 -2.530500 -9.209600 -20.719700 -5.654500 -14.930200 -67.051000 
0.680000 -2.335900 -3.260700 -2.071600 -0.635300 -6.328700 -5.242700 -7.528900 -27.086200 -4.440000 -17.573000 -82.976300 
0.682000 -2.839800 -5.577200 -0.942200 -5.223300 -5.887100 -1.624200 -8.147800 -17.640600 -3.483800 -19.781300 -34.329600 
0.684000 -0.705200 -4.231300 -1.829900 -2.516200 -4.907400 -3.230800 -5.873200 -13.871300 -2.871600 -27.182900 -58.324600 
0.686000 -1.236700 -2.142500 -2.118000 -1.561300 -4.815700 -6.468600 -11.829600 -19.901300 -6.265800 -23.116000 -51.153100 
0.688000 -0.956900 -2.527800 -3.125500 -2.196400 -5.009400 -3.213200 -13.674900 -20.331400 -4.149500 -24.672400 -34.463700 
0.690000 -3.929200 -1.202500 -3.571500 -0.886600 -7.441200 -5.991600 -9.968600 -12.341700 -6.447600 -28.401200 -48.044700 
0.692000 -0.639600 -2.769600 -1.947400 -1.514900 -8.519900 -4.510600 -12.787200 -17.870200 -3.332900 -17.892800 -102.309200 
0.694000 -0.978000 -1.514900 -1.842100 -3.514100 -8.562700 -6.749600 -5.476400 -15.550000 -5.291200 -22.333400 -153.237400 
0.696000 -1.395300 -2.191900 -2.292100 -1.283600 -5.531200 -2.209600 -8.573900 -9.943700 -4.772900 -19.845500 -63.613800 
0.698000 -1.890300 -2.310300 -1.943500 -2.670500 -4.318200 -0.858100 -5.534700 -15.752200 -5.251300 -23.377200 -84.882700 
0.700000 -1.507500 -2.974100 -1.235600 -3.225200 -5.908300 -1.978600 -7.703000 -14.286900 -4.555000 -20.827400 -82.908100 
0.702000 -1.140400 -3.365500 -1.451300 -1.718100 -3.578300 -11.815000 -16.517600 -16.566400 -1.857000 -36.899000 -82.643500 
0.704000 -4.440100 -2.147600 -3.943200 -2.441700 -4.450600 -3.862100 -11.063600 -21.438000 -4.346200 -22.792000 -45.252400 
0.706000 -1.188800 -3.044000 -2.609500 -5.717000 -5.458100 -2.851300 -7.538200 -24.168700 -4.472100 -16.008100 -164.911700 
0.708000 -0.744100 -3.037200 -3.525500 -4.539500 -8.402700 -3.575400 -7.073100 -12.732600 -4.886300 -23.984100 -75.494100 
0.710000 -2.140500 -2.327700 -1.672700 -2.621900 -3.125400 -11.137600 -9.292100 -24.765300 -2.709400 -13.619400 -60.507500 
0.712000 -1.215900 -2.668000 -1.397100 -2.966600 -9.285600 -3.834800 -9.204800 -26.426000 -5.913000 -19.341200 -54.790200 
0.714000 -0.818000 -3.316500 -0.414800 -0.978100 -6.657400 -8.906500 -13.361100 -19.497800 -1.956100 -16.168600 -86.956600 
0.716000 -2.752000 -2.113600 -1.095600 -2.257900 -4.286600 -4.395000 -4.843700 -17.921700 -3.241300 -20.294600 -44.875000 
0.718000 -0.527700 -3.079400 -1.085800 -2.574100 -4.857400 -6.014900 -11.573300 -12.607800 -5.210500 -13.642600 -49.866400 
0.720000 -4.029100 -2.185500 -3.414900 -1.051900 -3.534300 -3.722900 -6.072700 -14.795900 -6.570800 -12.262800 -49.882100 
0.722000 -2.763000 -2.121600 -1.186700 -5.033900 -6.524600 -9.212900 -12.356100 -17.886800 -4.676500 -13.559700 -105.747200 
0.724000 -3.077000 -1.695200 -0.529200 -1.873200 -4.958300 -2.466200 -8.658200 -23.978600 -3.883500 -11.162300 -56.654500 
0.726000 -3.992100 -3.658100 -2.543100 -6.481800 -4.285600 -3.059800 -8.713900 -14.777900 -2.234100 -13.552800 -37.175400 
0.728000 -3.025700 -2.677800 -1.132100 -6.709500 -7.023200 -1.932500 -9.203800 -12.010900 -4.155900 -16.274000 -51.301000 
0.730000 -3.205700 -4.661400 -3.472700 -2.922000 -7.659500 -7.469200 -10.450700 -13.116100 -4.547100 -10.795800 -88.212600 
0.732000 -2.016000 -1.631500 -2.039700 -3.893900 -10.891900 -2.109700 -10.906300 -19.923800 -8.209000 -13.544500 -59.449100 
0.734000 -0.669300 -1.048100 -2.698700 -2.742100 -6.852900 -4.432600 -6.889000 -18.884400 -2.762200 -13.690000 -50.009200 
0.736000 -1.946300 -2.575100 -2.126700 -2.565700 -6.376300 -2.655300 -7.178400 -16.395800 -2.634000 -17.536100 -62.742400 
0.738000 -2.751500 -1.846900 -1.168600 -3.199400 -8.328100 -6.261200 -7.846100 -13.495200 -9.668000 -12.042200 -56.764900 
0.740000 -2.532800 -1.436100 -2.222300 -4.325100 -6.915000 -7.200700 -5.929000 -18.082500 -4.440800 -12.027000 -55.129500 
0.742000 -0.890800 -2.176400 -2.508700 -2.326000 -10.731500 -4.878900 -6.506100 -19.541200 -3.174800 -19.579000 -91.317600 
0.744000 -1.569000 -3.468300 -1.327200 -3.168100 -10.308900 -2.319900 -7.191900 -19.074300 -1.986700 -10.945800 -62.611300 
0.746000 -1.835900 -2.267600 -0.540100 -2.836300 -8.441200 -7.426000 -6.756000 -19.001500 -2.049100 -16.688300 -61.282100 
0.748000 -6.290400 -2.677300 -0.847200 -1.306900 -8.754700 -1.739700 -15.712100 -10.043300 -2.301600 -19.897400 -53.077400 
0.750000 -1.053500 -4.797900 -0.961100 -2.085600 -10.470900 -4.660400 -8.779100 -9.587600 -1.286500 -12.510000 -41.076000 
0.752000 -1.939600 -2.797900 -2.097200 -2.152900 -5.462700 -5.384000 -10.981100 -10.836900 -2.789200 -10.934500 -26.139300 
0.754000 -2.378900 -6.136800 -1.679000 -4.613000 -4.502900 -2.231900 -7.071000 -17.498000 -3.071300 -18.158700 -44.352900 
0.756000 -0.631100 -2.171700 -1.547700 -1.960600 -9.004000 -4.215300 -10.010600 -19.579200 -1.760500 -30.252200 -48.692100 
0.758000 -1.448600 -3.730100 -1.546200 -4.383200 -9.721300 -4.737500 -5.922700 -17.865300 -2.055700 -15.770200 -57.647200 
0.760000 -0.433000 -4.587500 -2.384000 -6.198700 -7.802700 -0.907300 -7.590400 -24.318000 -2.404500 -19.056800 -58.859300 
0.762000 -1.998400 -2.171400 -3.522200 -2.262500 -11.230600 -1.830300 -8.307300 -16.995700 -4.070000 -17.516400 -67.613500 
0.764000 -2.105000 -2.940600 -2.146700 -3.397300 -10.001000 -1.232800 -3.245100 -21.804500 -2.854900 -18.249200 -37.084100 
0.766000 -2.010800 -2.413700 -0.837700 -0.722500 -13.173600 -1.445200 -6.373800 -12.859200 -4.213600 -17.403400 -73.109000 
0.768000 -2.391800 -2.144100 -2.385200 -1.881600 -9.772200 -2.993300 -11.595300 -11.360100 -1.703500 -20.629600 -64.624200 
0.770000 -1.476900 -1.391100 -1.014600 -3.686400 -8.273500 -4.432500 -6.929900 -9.214900 -1.927600 -17.232100 -52.954500 
0.772000 -0.320700 -2.497900 -0.667300 -1.708000 -9.559600 -3.101400 -6.204200 -9.649400 -4.243800 -15.162500 -70.537100 
0.774000 -1.863000 -0.940900 -2.154900 -3.157700 -5.676100 -1.638900 -11.024200 -5.630000 -2.794600 -16.741400 -58.144300 
0.776000 -1.728900 -4.007300 -1.992100 -3.075800 -6.552000 -1.297100 -10.711300 -5.419300 -3.174100 -30.064800 -87.834500 
0.778000 -0.626000 -2.724300 -2.057600 -0.551600 -9.125100 -1.175200 -5.427200 -11.250700 -1.375700 -23.171400 -67.008800 
0.780000 -1.133700 -2.731000 -1.743900 -3.198000 -7.828500 -2.240700 -3.784000 -7.957100 -2.877700 -16.546300 -78.540300 
0.782000 -1.487700 -3.693300 -1.879700 -1.752600 -6.687800 -7.430900 -9.469400 -14.977700 -4.529000 -18.407900 -67.125500 
0.784000 -1.189500 -1.494100 -0.523100 -1.544000 -8.207200 -1.283400 -6.194300 -12.026700 -2.951200 -14.848400 -72.358100 
0.786000 -1.026400 -2.898000 -1.140900 -2.080600 -7.661600 -3.371800 -10.900200 -19.515800 -1.980300 -21.160300 -133.240200 
0.788000 -1.825500 -2.236400 -3.046500 -4.511700 -8.072500 -1.447500 -7.663700 -15.474600 -2.782800 -17.892100 -64.511800 
0.790000 -2.438600 -3.338600 -0.669200 -2.242700 -9.495700 -7.778800 -7.355600 -10.320000 -5.160400 -10.710400 -58.431800 
0.792000 -1.044000 -1.778000 -2.129900 -2.898400 -12.203800 -2.543700 -7.478400 -16.158700 -3.601000 -13.772800 -66.486400 
0.794000 -1.403500 -2.375000 -1.956400 -3.710600 -7.416400 -3.109900 -8.683300 -16.195100 -4.913600 -24.095000 -50.295500 
0.796000 -1.535000 -3.824500 -1.982600 -2.842200 -12.920700 -2.120400 -8.504000 -15.844900 -5.351300 -19.395300 -63.707600 
0.798000 -1.976300 -1.259600 -2.005900 -2.145700 -9.635900 -1.118700 -4.931800 -15.636800 -4.445000 -13.944600 -69.175400 
0.800000 -2.117400 -1.276000 -2.807600 -2.530800 -13.024400 -1.857500 -8.290600 -20.207000 -3.766900 -20.425700 -99.032700 
0.802000 -2.153900 -1.450900 -1.538700 -1.740000 -10.088800 -2.684300 -8.120400 -10.460700 -3.355600 -21.005400 -49.197300 
0.804000 -1.651200 -0.913400 -1.520500 -0.732000 -5.696300 -2.851300 -7.837100 -8.514200 -2.370000 -11.324600 -39.835600 
0.806000 -1.101000 -4.933400 -1.840000 -1.656400 -12.675600 -4.888500 -5.796100 -14.644700 -2.522700 -18.835100 -85.341400 
0.808000 -0.888400 -4.068700 -1.483400 -1.912600 -5.962900 -1.436600 -7.931700 -15.591300 -2.941000 -20.760200 -75.025800 
0.810000 -2.181800 -2.751100 -2.944800 -2.630400 -9.566400 -5.910100 -3.954400 -8.941600 -6.699900 -21.511200 -84.687100 
0.812000 -1.047100 -1.586400 -1.955800 -2.569300 -12.413100 -3.457000 -10.427500 -17.387700 -2.589000 -15.256200 -68.824400 
0.814000 -1.752500 -2.835800 -1.532200 -5.151200 -9.850000 -0.410200 -7.742800 -11.468100 -1.952700 -10.933900 -49.537800 
0.816000 -1.415700 -2.340500 -2.204300 -3.099300 -7.911500 -1.979100 -3.001900 -7.893800 -3.583300 -19.470700 -87.177400 
0.818000 -2.227600 -2.355000 -0.830800 -3.860200 -7.782600 -3.173800 -5.160900 -24.665100 -2.420800 -10.251000 -69.907100 
0.820000 -1.386400 -4.962000 -1.932500 -2.029900 -11.585700 -3.444400 -7.256400 -15.947200 -1.353600 -16.659500 -113.450700 
0.822000 -0.868900 -1.997000 -1.140700 -4.816700 -7.092400 -6.097800 -7.655800 -15.367400 -2.427500 -19.777800 -101.390600 
0.824000 -0.714300 -2.354800 -1.119200 -3.243500 -6.499300 -2.921200 -3.116200 -15.225400 -1.380200 -10.445400 -87.710600 
0.826000 -1.065100 -2.215000 -2.160800 -1.604400 -8.675600 -2.658800 -8.679600 -8.648800 -4.207400 -15.251000 -105.831400 
0.828000 -1.719900 -3.471500 -1.672200 -7.934700 -11.205200 -3.018300 -8.581300 -21.790800 -3.222100 -28.469500 -79.044400 
0.830000 -1.012200 -3.305700 -0.929000 -4.075800 -9.034300 -3.013400 -8.797200 -8.565300 -3.289400 -34.499000 -114.443900 
0.832000 -0.752800 -4.106500 -0.978400 -3.279400 -9.490700 -3.864900 -7.497400 -16.783500 -4.526200 -19.424500 -72.235200 
0.834000 -0.877700 -2.155200 -0.735600 -3.208100 -7.316600 -2.047500 -2.111100 -12.256700 -0.905700 -15.757800 -107.676500 
0.836000 -1.471900 -2.070700 -1.420000 -1.539000 -6.901000 -4.591000 -5.184300 -22.666100 -4.490800 -15.265800 -58.198300 
0.838000 -2.323500 -3.408600 -1.085900 -2.710600 -10.509800 -2.654600 -6.065400 -10.298000 -3.363400 -11.758500 -43.393600 
0.840000 -1.705100 -5.521200 -1.769800 -2.300900 -5.451300 -1.772800 -4.865400 -7.265900 -6.616300 -17.600600 -67.862400 
0.842000 -3.581600 -3.888700 -1.107500 -2.850400 -9.042000 -1.711700 -6.807800 -8.151200 -4.021200 -20.682700 -62.429000 
0.844000 -1.025200 -2.897000 -0.605500 -5.155700 -7.253900 -1.636300 -7.290700 -14.981200 -2.272600 -31.067000 -78.154600 
0.846000 -0.801800 -5.456200 -1.593000 -2.483200 -6.502800 -3.888100 -6.241200 -12.766200 -6.120400 -14.497500 -54.611600 
0.848000 -3.254000 -5.111900 -1.275100 -4.670300 -9.227600 -2.141100 -6.916900 -11.639100 -5.304400 -20.230100 -77.350000 
0.850000 -0.354300 -2.776400 -1.135800 -1.784100 -8.497500 -2.607700 -4.865200 -17.170600 -6.320700 -14.996000 -43.684300 
0.852000 -1.550400 -2.217000 -2.738900 -2.067000 -10.876300 -1.080400 -7.692300 -12.400600 -4.469800 -7.308800 -48.636200 
0.854000 -1.380400 -3.373500 -3.197600 -2.724000 -12.038100 -3.385700 -10.284100 -16.473500 -6.298500 -22.054000 -31.674500 
0.856000 -1.287100 -2.565100 -3.753600 -1.984900 -8.213700 -4.085000 -6.667100 -15.864000 -4.848200 -10.609700 -78.449400 
0.858000 -0.580600 -2.243500 -3.550300 -4.958500 -5.121700 -4.082800 -5.182700 -14.008700 -4.115400 -18.031600 -86.980600 
0.860000 -0.840000 -4.073000 -1.811600 -5.903300 -6.571100 -4.643200 -1.816800 -7.820400 -2.042300 -24.874900 -82.875600 
0.862000 -2.548900 -3.563300 -5.427900 -4.781400 -12.135900 -2.665200 -5.504000 -18.062500 -2.038300 -25.486100 -98.769800 
0.864000 -1.965000 -3.770200 -1.954600 -2.680900 -8.935500 -2.629300 -5.783000 -13.763400 -3.374600 -21.631900 -46.704400 
0.866000 -1.536600 -2.913200 -2.134400 -4.172900 -8.816000 -1.998100 -6.062700 -21.257000 -3.611900 -16.569600 -67.029700 
0.868000 -3.347900 -3.987300 -2.470700 -3.469300 -7.532000 -1.757600 -3.617700 -19.133900 -4.219100 -30.323400 -58.200400 
0.870000 -1.700500 -3.044200 -2.072300 -3.341700 -6.251200 -2.669400 -5.192700 -16.221600 -11.474400 -22.263100 -83.754300 
0.872000 -2.991000 -3.458300 -2.046600 -3.046500 -7.950900 -4.400800 -4.003900 -16.026600 -3.807400 -17.130300 -59.747400 
0.874000 -1.007000 -3.849300 -3.152400 -3.059500 -7.250900 -5.437200 -4.457300 -8.907100 -3.004700 -15.006400 -128.506000 
0.876000 -1.053300 -2.424700 -2.560600 -1.955500 -6.613900 -2.679400 -2.247300 -7.889400 -2.141600 -10.454300 -86.173800 
0.878000 -1.034900 -2.116600 -2.799100 -2.998900 -8.295300 -4.791900 -7.321000 -20.251100 -3.915400 -12.780100 -51.939900 
0.880000 -2.843100 -2.206900 -2.487900 -6.436900 -4.842200 -3.743700 -6.175200 -21.153700 -9.031300 -15.438800 -52.286400 
0.882000 -1.261300 -1.508700 -1.842700 -2.395800 -7.770300 -4.797800 -6.565200 -19.278800 -2.748100 -10.986100 -74.971400 
0.884000 -1.377700 -1.176300 -1.908100 -4.798300 -7.533000 -1.860400 -3.554300 -25.050200 -2.814900 -12.742800 -86.809000 
0.886000 -2.120000 -2.847600 -1.513800 -3.068800 -11.623100 -2.324200 -7.798600 -16.941600 -7.030400 -16.607000 -111.998400 
0.888000 -0.661000 -2.802300 -5.896700 -4.893800 -10.785400 -0.679600 -6.306200 -16.981000 -3.682100 -6.841200 -80.067200 
0.890000 -0.486300 -2.507800 -1.515700 -2.909200 -5.936800 -1.873700 -10.528800 -19.004600 -6.577000 -10.887300 -97.331100 
0.892000 -3.639200 -2.061600 -3.372300 -3.654700 -8.260300 -1.638300 -5.091600 -14.044600 -3.223300 -13.772800 -75.895400 
0.894000 -0.423200 -2.634600 -1.535200 -1.712500 -8.546200 -4.571300 -3.282500 -13.657100 -3.300000 -13.216900 -87.579000 
0.896000 -1.532200 -1.509700 -0.468400 -2.372200 -8.660800 -1.333100 -1.663600 -9.640700 -6.768000 -10.841100 -63.389700 
0.898000 -2.849400 -3.055400 -1.311900 -2.246500 -8.184200 -2.210800 -5.310800 -15.104100 -3.622400 -16.680800 -82.899700 
0.900000 -1.818000 -1.448400 -2.958100 -0.682700 -11.253100 -2.809200 -1.622200 -11.220100 -4.076400 -10.792900 -71.881200 
0.902000 -0.737300 -3.224300 -2.710700 -3.391400 -9.755900 -3.089100 -4.116600 -5.309800 -2.944700 -13.672400 -61.457400 
0.904000 -0.348200 -2.823500 -4.105800 -4.193600 -6.071800 -5.218500 -9.284500 -12.420100 -7.607100 -6.262900 -70.066800 
0.906000 -0.937000 -2.063900 -3.646900 -3.412100 -8.898500 -1.325400 -4.331000 -15.239200 -2.801400 -5.699400 -61.520700 
0.908000 -0.768200 -1.861200 -1.141800 -4.344900 -8.928900 -6.725700 -2.119600 -16.022800 -2.707100 -14.124500 -59.655100 
0.910000 -3.908400 -1.900500 -2.262200 -2.232700 -12.930500 -4.481300 -3.304000 -11.878000 -3.145500 -6.631800 -62.151200 
0.912000 -2.354900 -1.015700 -2.154200 -3.391000 -11.957100 -1.539500 -2.545100 -7.691100 -5.442100 -10.181800 -53.021300 
0.914000 -1.865200 -1.793100 -2.463600 -2.269000 -12.845200 -1.810800 -1.267800 -7.366600 -6.798000 -14.716100 -73.012200 
0.916000 -0.720900 -1.097900 -1.958800 -3.846100 -10.628200 -1.026300 -2.369500 -11.842900 -6.239100 -25.771800 -67.680000 
0.918000 -3.125800 -1.920400 -1.473900 -1.326900 -10.001200 -2.046600 -7.032500 -13.275500 -3.880000 -37.082600 -95.276300 
0.920000 -3.424300 -3.347200 -1.670100 -3.595100 -9.758600 -1.200000 -3.134300 -10.422500 -5.113000 -27.280000 -78.147700 
0.922000 -2.558900 -2.505500 -2.934800 -3.588500 -12.840200 -3.707700 -3.630600 -22.024200 -1.870700 -15.449500 -63.399600 
0.924000 -1.338300 -1.798800 -2.815600 -1.230500 -10.221400 -7.703700 -2.295600 -17.241800 -5.680800 -16.306700 -47.763000 
0.926000 -1.670200 -2.873200 -3.448500 -1.953000 -8.701300 -5.914700 -3.420900 -12.092800 -1.756200 -14.168300 -61.743400 
0.928000 -2.624900 -2.407700 -2.340500 -3.558700 -11.450800 -2.439700 -2.847900 -13.469000 -3.560600 -17.673900 -93.096900 
0.930000 -0.418400 -1.766400 -1.478800 -1.518700 -13.113600 -1.654300 -2.779700 -8.537500 -5.295000 -13.855800 -51.112400 
0.932000 -0.955300 -5.182200 -1.079800 -1.379200 -11.469500 -3.021500 -4.023300 -14.201100 -4.194300 -8.899300 -82.025900 
0.934000 -2.232800 -3.155500 -1.721600 -1.048500 -10.626400 -2.640500 -4.183800 -11.604100 -5.339600 -15.258100 -50.985400 
0.936000 -1.551900 -1.799500 -0.805900 -2.007800 -13.008500 -2.228100 -7.326600 -8.035000 -4.989800 -16.321100 -69.914100 
0.938000 -2.772500 -4.934700 -3.256700 -2.732000 -14.390800 -4.083500 -2.874200 -11.172800 -3.869900 -12.145300 -66.300600 
0.940000 -2.734700 -2.338900 -1.836700 -0.868000 -10.130400 -3.918900 -5.167700 -15.829400 -3.064600 -12.631900 -78.035700 
0.942000 -1.812100 -3.112400 -0.917800 -1.282700 -9.268500 -2.874300 -4.406100 -13.436700 -2.763200 -14.383000 -57.960600 
0.944000 -0.914300 -3.335400 -2.279200 -1.471100 -11.072600 -1.447000 -7.493700 -23.176600 -7.345500 -18.830300 -52.085600 
0.946000 -2.526900 -3.771800 -1.108700 -1.152200 -7.826000 -10.816100 -7.763300 -14.087200 -2.486500 -22.547500 -38.678100 
0.948000 -1.789800 -5.006900 -1.930700 -2.650300 -10.604700 -2.897700 -8.229900 -4.616000 -1.897400 -12.627800 -55.455600 
0.950000 -0.928500 -5.933200 -2.807100 -2.338700 -8.078700 -5.764200 -7.958500 -8.822300 -4.338100 -15.703100 -66.094500 
0.952000 -1.540800 -1.261700 -3.480100 -2.538800 -8.772900 -2.438700 -10.309000 -10.307000 -4.768100 -23.725900 -74.071300 
0.954000 -1.254400 -3.611200 -1.616600 -1.608000 -4.459600 -5.559400 -7.527800 -9.546900 -4.856800 -13.282500 -58.036700 
0.956000 -2.454400 -2.758100 -1.924700 -0.750700 -4.789700 -3.296300 -7.629300 -10.743800 -2.309000 -21.262000 -63.235700 
0.958000 -2.659600 -2.285200 -2.007300 -1.985800 -7.112600 -2.663400 -13.401200 -6.996300 -5.047000 -22.757100 -48.435600 
0.960000 -1.799800 -1.602200 -2.697400 -1.948300 -12.397800 -2.531400 -9.495200 -7.331400 -2.510100 -15.905700 -58.398800 
0.962000 -1.524200 -1.889600 -2.352800 -4.399700 -8.763900 -0.994400 -9.664900 -5.462800 -3.757500 -14.697000 -69.240400 
0.964000 -0.365000 -0.767100 -3.826300 -2.197000 -7.589300 -3.204200 -9.337600 -6.849100 -3.182000 -12.657600 -95.877900 
0.966000 -1.805700 -3.319200 -1.525000 -2.861700 -5.923400 -4.499500 -8.610200 -10.481900 -6.473100 -12.992500 -75.303600 
0.968000 -1.562100 -5.513900 -1.531100 -3.560700 -6.539600 -1.597100 -10.744900 -4.181900 -2.738100 -17.705700 -82.286700 
0.970000 -1.434500 -1.979900 -1.240300 -3.479600 -7.506200 -2.268900 -15.925900 -6.454500 -2.223800 -11.508600 -76.354800 
0.972000 -2.126300 -1.960600 -1.143600 -6.457600 -9.702700 -1.621600 -6.453400 -9.155100 -2.838700 -24.969900 -65.794100 
0.974000 -1.842600 -1.729200 -2.640800 -3.806200 -6.963000 -1.945700 -10.301400 -6.913800 -3.264300 -9.794700 -59.693400 
0.976000 -1.509700 -1.305600 -4.580100 -3.424200 -11.337000 -6.944400 -6.833100 -7.313300 -4.389900 -15.982900 -26.004900 
0.978000 -2.514800 -2.866700 -2.350800 -1.252500 -5.098400 -6.646700 -10.885800 -7.811900 -2.296100 -15.295000 -60.415100 
0.980000 -0.645500 -2.675100 -1.971000 -3.959900 -8.037800 -2.890800 -11.544800 -7.034900 -3.047600 -11.062400 -38.558700 
0.982000 -1.377800 -1.994500 -3.575500 -2.313800 -10.776300 -1.498900 -12.122200 -6.620600 -4.734800 -10.856000 -65.320000 
0.984000 -2.404900 -1.453500 -3.523600 -1.967000 -6.187800 -2.305500 -11.159700 -6.731600 -8.431400 -23.523200 -74.828500 
0.986000 -2.929000 -4.553500 -1.522700 -1.705900 -7.186200 -3.445800 -7.735100 -8.639600 -3.253200 -13.776000 -73.638300 
0.988000 -3.813100 -4.747000 -1.406000 -1.512200 -11.990400 -1.847100 -7.431000 -14.077600 -3.998000 -12.507900 -80.860800 
0.990000 -1.192700 -1.196000 -1.561000 -3.897300 -5.537700 -2.290000 -7.388200 -8.263100 -3.145400 -12.920200 -55.627800 
0.992000 -1.480400 -3.864300 -2.732400 -1.874600 -13.326800 -6.554100 -8.843400 -6.085000 -8.334200 -14.640900 -73.771700 
0.994000 -1.854600 -4.848000 -1.226000 -4.190200 -10.020700 -0.877600 -15.323500 -6.437000 -6.359500 -10.565400 -131.286600 
0.996000 -1.048200 -2.518400 -1.791200 -4.281800 -13.830300 -3.545600 -7.379100 -7.588600 -2.648000 -15.762900 -101.275800 
0.998000 -1.218900 -3.051800 -2.423900 -4.517000 -10.008000 -3.048100 -12.043700 -8.434500 -1.040100 -8.393600 -77.024400 
