# gradients (DV/DL) for lambdas: 0.0 0.1 0.2 0.3 0.4 0.5 0.6 0.7 0.8 0.9 1.0
0.000000 -2.399000 -1.042000 -0.530800 -0.281000 -4.365600 -3.580800 -2.448700 -3.819100 -6.243200 -15.294100 -108.838500 
0.002000 -3.192700 -0.966800 -1.333800 -3.118900 -1.653500 -2.359800 -2.209700 -0.773800 -1.598900 -25.457100 -92.982400 
0.004000 -1.748200 -2.013700 -0.725400 -1.572000 -5.139100 -6.281700 -4.564600 -3.161700 -7.990900 -5.624700 -69.105500 
0.006000 -0.727400 -2.143500 -1.659600 -0.361100 -3.061900 -4.954000 -3.944600 -5.182800 -4.640700 -13.003800 -81.170400 
0.008000 -0.420200 -1.629000 -4.072800 -2.770400 -1.527100 -0.476800 -1.835400 -1.445600 -4.332700 -42.004700 -80.527700 
0.010000 -2.298600 -0.840900 -0.672300 -2.514600 -0.171100 -1.972300 -1.497300 -2.572300 -14.028100 -35.189200 -80.159400 
0.012000 -0.901200 -2.595100 -0.826700 -0.636300 -2.674100 -2.198100 -2.296300 -1.507900 -5.916800 -16.861600 -95.651400 
0.014000 -4.241800 -1.392900 -3.094100 -0.662000 -2.028800 -3.126800 -3.017400 -1.692300 -2.687500 -31.363100 -58.727800 
0.016000 -1.018000 -1.098600 -2.041000 -1.372800 -0.691900 -1.823100 -1.823300 -0.973900 -3.778900 -47.526300 -91.321100 
0.018000 -1.789000 -2.083100 -1.261000 -0.671000 -1.424300 -1.494500 -3.166100 -2.669800 -2.917700 -12.997700 -97.486200 
0.020000 -1.757100 -1.219700 -1.691900 -4.190900 -4.352300 -0.910400 -3.026100 -3.196800 -12.721000 -17.250800 -91.236500 
0.022000 -2.556300 -2.382300 -2.123900 -1.087900 -1.377100 -0.341100 -2.067900 -3.994500 -5.294300 -23.818000 -107.995800 
0.024000 -0.663900 -1.817800 -3.557500 -2.064300 -7.370200 -1.405900 -3.336200 -2.695400 -8.776500 -43.676300 -46.714900 
0.026000 -1.047300 -1.213800 -1.371300 -2.483900 -1.769300 -2.248400 -3.089500 -1.757700 -5.688200 -33.410500 -98.836800 
0.028000 -4.955900 -1.484500 -2.375900 -2.591000 -0.573500 -3.234200 -3.991500 -3.427400 -3.125500 -37.709300 -86.744400 
0.030000 -4.078600 -1.468800 -0.910600 -1.347700 -0.567300 -3.007500 -3.933000 -3.678600 -3.806000 -17.566900 -109.355800 
0.032000 -1.432400 -0.413300 -3.369000 -1.321300 -0.248700 -5.060800 -4.882100 -3.450900 -4.929800 -13.400800 -10.097300 
0.034000 -1.734100 -1.285900 -1.076600 -2.826700 -3.759900 -0.709500 -0.675400 -2.376000 -8.228900 -20.378100 -43.828800 
0.036000 -2.199300 -0.639400 -1.351700 -1.627100 -0.501000 -2.217200 -4.397500 -1.553700 -2.859700 -17.262500 -57.318300 
0.038000 -2.890700 -1.141300 -0.331300 -1.291300 -2.510300 -2.715100 -7.281100 -2.018200 -1.545900 -13.931900 -31.416500 
0.040000 -1.783800 -2.356200 -1.198200 -1.807200 -1.493500 -3.543700 -2.740100 -2.543600 -13.566500 -16.415800 -60.959900 
0.042000 -0.883900 -1.469900 -1.301200 -2.820500 -1.316100 -3.713200 -1.906200 -3.467500 -4.136900 -19.972700 -60.188300 
0.044000 -1.375100 -4.172200 -1.740500 -2.259500 -0.416100 -1.485000 -4.789600 -2.438900 -4.813200 -21.712300 -123.568300 
0.046000 -2.742300 -1.270000 -0.603100 -2.864000 -1.461000 -4.150300 -3.228200 -3.141400 -12.553800 -27.741800 -87.628200 
0.048000 -1.872500 -1.068600 -2.009200 -5.483100 -2.124600 -2.768400 -3.297600 -5.452800 -14.074000 -27.368000 -131.775400 
0.050000 -1.239300 -0.725400 -1.594200 -0.652300 -3.575800 -2.796100 -2.982100 -0.612200 -7.791600 -44.269200 -163.836400 
0.052000 -0.073400 -0.620500 -1.150200 -1.999400 -1.830900 -4.435000 -3.289400 -2.243400 -2.123300 -23.939200 -126.933500 
0.054000 -2.262200 -0.875400 -2.285200 -2.293400 -1.120500 -3.669400 -1.742200 -2.799900 -11.277300 -38.479600 -69.339400 
0.056000 -1.737100 -0.884000 -0.609500 -2.780500 -3.515200 -2.021400 -3.157700 -2.165900 -6.453400 -34.095500 -90.037900 
0.058000 -0.506500 -0.667800 -0.660300 -2.618200 -5.735300 -5.149800 -2.039900 -3.856000 -21.022400 -25.970100 -113.799400 
0.060000 -1.195300 -3.434700 -0.916400 -1.835900 -4.994700 -5.209600 -1.832300 -1.818300 -11.141800 -25.503700 -108.475700 
0.062000 -0.660600 -2.409700 -0.444900 -4.564100 -1.602200 -4.052600 -0.449300 -5.789600 -8.985000 -20.895200 -71.007800 
0.064000 -0.715400 -0.346500 -0.836200 -2.192800 -3.983700 -5.656200 -1.849600 -4.522500 -3.371700 -31.989800 -56.791400 
0.066000 -1.397500 -1.157200 -0.816100 -0.593300 -4.446300 -2.881800 -1.981000 -3.660800 -5.553400 -36.917300 -65.652500 
0.068000 -3.460100 -1.217100 -1.043600 -1.066400 -1.603400 -3.315000 -2.476400 -2.665100 -4.475200 -7.507800 -73.981300 
0.070000 -1.630000 -0.679200 -1.756400 -3.289800 -2.400100 -5.511600 -1.323000 -1.562000 -8.484500 -13.458600 -118.795500 
0.072000 -0.290000 -0.814200 -0.855000 -1.191500 -0.639300 -5.330200 -3.443400 -2.637300 -12.505700 -14.717800 -66.726800 
0.074000 -1.186000 -0.300900 -1.099000 -1.539300 -0.418100 -1.541200 -1.812400 -2.154200 -2.230700 -25.364400 -67.555800 
0.076000 -0.120900 -0.745500 -1.388600 -0.983000 -0.688700 -1.778200 -2.166400 -4.089100 -6.886700 -9.497500 -79.561300 
0.078000 -0.937200 -0.618500 -1.353300 -1.161100 -4.459700 -7.420800 -3.355400 -2.635700 -6.423700 -19.965300 -49.937700 
0.080000 -1.130600 -1.789900 -0.700400 -1.144200 -1.151200 -0.238600 -1.509300 -4.757400 -13.159600 -11.768500 -146.730100 
0.082000 -0.904200 -0.169700 -0.538000 -1.470400 -0.574500 -1.148200 -3.195100 -3.715500 -10.132000 -26.866200 -80.191400 
0.084000 -1.050400 -0.499400 -3.522100 -3.175700 -1.161100 -6.302700 -4.417500 -4.207100 -12.472700 -14.340100 -98.758000 
0.086000 -2.140400 -0.893400 -0.927100 -5.697900 -0.186200 -3.621700 -1.366000 -5.187000 -8.953000 -14.038400 -126.610300 
0.088000 -2.324800 -0.650000 -0.703100 -3.303700 -2.363700 -2.107600 -1.467300 -1.345700 -7.923400 -32.099300 -113.929900 
0.090000 -2.372300 -3.212200 -1.085200 -1.833000 -1.118400 -1.622300 -4.098200 -3.157100 -5.747200 -29.653400 -132.528400 
0.092000 -0.914500 -0.491700 -0.976800 -4.981900 -2.362400 -3.390400 -1.725400 -5.449600 -8.434300 -30.786900 -79.445200 
0.094000 -0.821700 -1.617600 -1.675900 -5.334100 -3.116200 -3.060300 -2.893500 -7.108400 -9.849800 -3.790200 -96.237900 
0.096000 -1.245100 -1.773000 -0.547200 -1.938900 -2.121300 -7.194000 -1.339600 -8.918300 -13.226200 -9.682100 -88.704600 
0.098000 -2.074400 -1.017400 -2.496700 -4.636700 -2.177800 -0.482400 -4.275700 -2.623000 -5.929100 -16.598700 -85.968500 
0.100000 -1.834200 -1.963900 -1.429900 -2.303900 -3.235200 -2.179500 -1.930100 -1.465800 -9.648200 -22.728700 -107.834500 
0.102000 -2.379400 -0.973700 -1.968700 -1.181900 -1.151600 -5.231000 -4.875600 -2.506400 -11.373700 -21.422300 -34.770200 
0.104000 -0.980400 -0.533500 -1.078800 -0.509600 -0.410700 -2.790000 -2.977900 -6.373900 -10.326100 -19.597400 -139.410200 
0.106000 -0.960800 -1.408700 -0.597800 -0.970000 -1.038100 -3.486200 -0.706800 -2.402900 -5.743200 -6.083200 -150.454500 
0.108000 -2.053400 -0.953700 -0.411900 -1.754900 -0.784100 -2.212200 -1.674500 -0.786800 -9.409000 -22.917100 -65.667300 
0.110000 -0.629800 -1.777500 -0.126100 -2.658700 -2.421800 -1.745200 -1.214900 -1.267100 -4.761100 -24.397700 -121.679900 
0.112000 -0.557400 -0.778700 -1.026100 -1.239600 -4.012400 -2.068000 -1.881100 -5.059100 -1.944900 -29.583100 -72.085200 
0.114000 -4.489700 -0.937500 -1.447900 -0.545100 -3.419600 -3.657600 -6.622800 -2.878900 -4.501800 -36.310400 -70.004400 
0.116000 -2.616000 -0.259000 -0.709400 -4.531600 -0.622400 -2.365100 -4.887000 -1.312200 -7.710900 -24.302000 -83.675800 
0.118000 -3.267900 -2.100400 -0.876500 -0.405600 -0.169100 -2.313300 -3.480200 -3.623300 -4.278400 -20.990900 -82.232300 
0.120000 -1.226000 -0.291600 -2.776000 -0.968000 -1.125600 -3.825300 -1.312200 -4.099900 -5.194800 -25.426200 -66.148300 
0.122000 -1.148800 -0.819900 -2.110000 -1.279000 -1.352100 -1.799100 -3.713400 -0.899600 -6.737000 -11.220100 -49.456200 
0.124000 -1.049500 -1.597600 -1.095300 -1.760100 -1.854900 -1.709200 -5.294500 -1.340500 -5.961100 -18.282100 -68.905600 
0.126000 -3.139600 -1.845400 -0.631600 -4.256900 -1.867800 -3.384100 -2.282300 -2.979800 -11.068400 -41.391500 -125.950300 
0.128000 -1.922300 -0.871500 -0.621500 -1.689200 -1.893100 -2.876300 -5.593000 -1.289200 -7.930900 -25.893800 -76.921900 
0.130000 -1.000000 -1.355800 -1.063500 -4.339300 -0.958600 -1.435300 -3.406600 -2.706500 -9.818100 -34.805800 -26.108900 
0.132000 -1.838100 -2.659200 -1.854700 -4.581500 -0.685600 -0.738100 -4.057800 -10.810200 -10.458400 -22.771300 -26.064400 
0.134000 -1.082200 -0.657600 -1.277700 -2.559400 -1.737700 -2.929200 -2.496400 -4.142500 -7.500000 -8.641200 -64.373500 
0.136000 -2.241300 -0.670800 -1.569500 -3.166200 -2.348600 -1.541600 -1.167500 -1.589600 -7.326700 -24.069400 -71.842200 
0.138000 -2.127300 -0.527000 -1.468400 -1.904500 -0.722100 -3.730200 -0.814800 -3.470200 -3.405000 -25.132100 -44.369800 
0.140000 -4.790200 -0.613600 -1.998000 -1.080700 -0.864600 -4.558400 -5.082700 -3.602600 -3.223500 -25.806100 -49.508800 
0.142000 -3.156700 -1.518100 -0.427000 -2.294900 -2.235000 -1.897600 -6.165700 -2.595400 -6.310300 -30.036300 -84.894600 
0.144000 -3.429200 -2.657600 -0.551100 -1.477100 -3.063500 -0.447800 -2.288000 -1.067800 -12.507100 -18.953400 -55.615900 
0.146000 -3.733400 -1.664400 -1.179500 -3.719400 -1.298700 -3.841100 -6.673600 -1.312000 -4.912200 -24.426100 -107.235200 
0.148000 -2.106100 -1.921200 -1.227300 -1.411900 -0.961200 -2.968400 -2.469100 -1.174700 -4.816800 -8.826600 -144.667500 
0.150000 -1.052100 -1.598800 -0.839200 -1.931100 -0.812400 -7.034600 -0.846500 -3.053600 -11.144300 -11.446200 -122.664600 
0.152000 -0.688700 -0.277200 -1.544500 -1.697900 -2.599000 -4.236200 -3.071700 -4.053100 -3.022700 -10.089900 -116.512800 
0.154000 -1.711500 -0.876000 -1.475400 -3.438000 -0.915500 -6.239600 -1.936300 -3.797100 -3.928800 -23.237900 -89.242000 
0.156000 -1.339100 -0.845200 -0.738900 -2.421300 -0.622000 -2.944900 -3.827200 -3.740600 -9.621000 -41.523300 -24.080300 
0.158000 -1.155200 -1.127900 -5.459000 -2.783100 -2.354400 -5.901400 -2.537600 -2.659900 -1.733100 -13.751200 -25.185900 
0.160000 -2.607700 -1.297200 -0.620300 -2.833700 -1.551300 -3.832700 -3.868900 -5.780600 -2.943200 -26.710200 -11.374100 
0.162000 -1.597200 -0.555300 -0.681900 -1.177100 -4.386900 -1.250300 -1.123900 -4.278100 -5.107400 -8.066000 -9.250300 
0.164000 -0.670000 -0.653700 -0.625600 -1.824600 -3.233200 -0.973500 -1.223300 -2.126500 -20.662100 -26.987000 -11.009500 
0.166000 -1.457300 -0.672900 -1.102300 -2.333800 -2.302400 -2.079700 -2.817800 -2.321200 -3.244600 -12.713900 -26.721100 
0.168000 -0.404300 -2.857400 -2.622600 -1.159200 -3.041400 -0.969800 -2.245700 -3.201900 -4.053300 -12.163200 -13.679500 
0.170000 -1.155300 -2.340200 -0.401000 -5.035200 -1.011800 -4.323800 -2.446000 -2.553300 -4.462800 -11.356300 -38.183600 
0.172000 -1.387100 -2.102000 -2.698400 -3.534700 -5.929900 -2.267600 -1.083400 -1.327700 -6.031600 -17.136900 -81.879400 
0.174000 -1.641700 -1.322600 -2.201400 -1.795200 -3.290000 -1.629100 -4.392500 -1.437200 -4.133200 -17.571600 -62.462500 
0.176000 -1.925500 -1.817800 -0.956500 -0.933700 -0.811700 -2.978700 -2.828900 -2.200100 -7.744800 -8.540100 -58.883800 
0.178000 -2.675700 -1.760000 -1.816100 -1.515200 -1.668800 -1.917500 -6.052100 -2.293300 -2.803600 -28.168400 -13.759900 
0.180000 -3.867300 -1.372400 -1.069300 -1.359300 -3.460500 -2.678700 -0.308400 -6.519800 -4.514700 -21.801900 -33.752100 
0.182000 -1.711400 -2.386500 -1.230500 -1.190100 -1.202200 -1.866600 -7.772100 -4.967400 -8.576500 -15.145400 -30.934100 
0.184000 -0.760200 -0.794000 -3.255600 -2.401700 -1.661800 -3.418300 -1.972200 -1.273300 -11.225000 -17.533000 -54.927200 
0.186000 -2.781200 -0.970400 -1.524800 -1.256200 -0.924700 -1.006600 -2.906300 -2.127100 -4.446200 -26.247500 -45.414600 
0.188000 -2.966900 -1.148600 -1.258200 -2.419500 -2.168200 -1.375200 -1.493700 -2.160800 -9.773500 -26.147400 -48.316300 
0.190000 -2.125500 -1.916300 -1.032900 -1.454500 -1.869900 -1.069800 -2.465200 -2.769200 -5.845500 -19.101400 -50.486300 
0.192000 -1.929400 -1.952000 -2.168500 -0.765400 -1.076900 -3.220000 -3.017800 -5.269800 -5.722200 -21.216700 -55.661800 
0.194000 -4.226100 -1.524300 -0.453400 -2.755000 -1.476400 -2.552100 -1.388900 -1.058500 -15.413300 -6.198900 -70.811800 
0.196000 -2.211800 -1.280200 -1.872900 -1.839200 -2.026600 -1.650500 -4.313300 -2.553800 -8.456400 -21.135500 -54.058100 
0.198000 -0.592700 -2.077200 -0.808300 -1.654300 -6.036100 -5.179300 -4.027500 -1.838400 -4.554900 -7.505000 -90.240600 
0.200000 -1.836300 -1.019300 -1.516000 -0.777900 -1.431300 -2.652500 -3.636700 -1.823100 -7.014900 -35.503900 -67.702800 
0.202000 -2.901500 -1.163600 -1.807500 -1.490000 -1.719900 -6.583600 -2.969300 -1.122800 -8.108900 -15.459900 -60.166800 
0.204000 -1.866500 -0.673200 -1.472500 -4.774000 -2.238000 -3.010000 -2.530300 -2.001600 -2.819500 -16.142600 -60.603300 
0.206000 -2.659000 -1.587600 -3.793800 -0.525600 -3.511900 -4.418300 -3.098100 -5.204900 -3.705500 -36.736400 -102.646200 
0.208000 -5.666600 -1.192800 -3.150600 -2.645200 -2.772600 -6.593700 -1.651600 -6.816000 -6.352200 -46.005000 -76.260500 
0.210000 -0.640100 -4.235900 -3.886000 -2.046700 -0.911700 -3.059900 -1.094400 -4.364900 -5.237300 -22.007500 -84.155000 
0.212000 -2.003000 -0.787300 -2.733700 -4.863500 -2.833000 -1.615100 -3.585900 -1.570300 -3.702800 -21.291400 -91.078300 
0.214000 -3.454600 -0.776000 -0.800900 -2.244700 -5.913500 -3.403000 -2.322700 -1.481400 -12.313100 -19.515900 -103.928900 
0.216000 -3.424700 -0.832000 -0.801500 -0.476700 -2.118600 -2.941900 -1.088800 -1.145600 -13.711300 -39.724700 -35.623600 
0.218000 -0.902100 -1.541000 -1.383200 -3.528700 -2.516800 -2.828600 -4.019800 -1.227700 -7.327500 -35.366000 -27.152600 
0.220000 -2.535700 -1.423800 -2.159800 -1.949800 -5.106100 -3.473000 -4.733100 -6.505900 -6.786300 -16.011900 -29.298900 
0.222000 -1.619100 -2.647600 -1.474200 -4.845100 -6.166400 -1.468700 -2.883500 -2.349400 -3.769400 -10.536400 -74.909400 
0.224000 -3.022700 -1.442500 -0.346000 -6.081100 -4.783300 -3.661900 -2.649000 -1.033400 -3.756200 -23.262400 -38.167900 
0.226000 -0.884500 -0.850900 -1.919300 -3.266800 -2.850400 -4.393400 -7.234200 -2.419100 -4.824300 -16.820100 -26.062300 
0.228000 -0.763200 -0.997400 -1.765700 -3.984800 -2.430000 -0.810200 -1.301900 -2.585200 -4.054100 -15.514900 -22.705800 
0.230000 -1.479200 -1.124300 -0.285000 -5.374700 -2.362300 -4.499300 -3.151600 -2.469500 -10.234300 -19.671600 -14.093600 
0.232000 -1.144100 -1.601400 -0.990900 -1.668600 -1.067400 -3.274400 -2.947300 -0.887000 -6.195400 -14.250200 -6.697300 
0.234000 -1.444900 -3.833100 -1.283300 -2.951600 -1.632600 -0.446900 -2.566200 -2.779100 -6.585500 -11.648500 -9.835400 
0.236000 -1.941800 -2.032900 -1.743800 -0.879900 -0.430100 -3.037300 -3.332200 -3.690700 -13.136700 -28.300400 -18.608900 
0.238000 -1.594400 -2.010400 -2.051500 -1.920400 -2.159500 -1.520700 -1.983200 -1.608400 -4.923000 -22.875600 -6.044900 
0.240000 -2.209500 -3.017900 -1.054100 -4.530300 -3.535400 -2.153000 -2.992100 -4.972500 -4.654400 -26.842500 -12.873700 
0.242000 -1.144700 -1.775000 -1.886700 -0.873300 -1.124900 -0.557700 -3.420100 -2.793200 -7.559400 -24.871700 -8.745900 
0.244000 -2.009300 -1.184800 -3.981900 -3.135700 -3.794000 -1.977800 -1.043200 -1.792000 -11.746200 -19.523900 -15.981500 
0.246000 -2.342900 -1.341500 -1.597800 -2.316200 -4.321300 -4.863100 -4.592200 -4.826300 -6.435300 -6.810300 -10.461000 
0.248000 -1.043000 -0.803900 -0.710100 -3.600600 -1.061400 -2.690000 -3.052100 -1.849800 -6.316100 -16.197700 -33.712700 
0.250000 -0.538200 -1.111600 -2.023800 -2.804500 -2.389300 -2.900300 -4.086400 -1.771800 -2.645000 -12.976700 -40.192400 
0.252000 -1.859400 -1.060200 -0.742300 -2.504700 -3.500900 -1.299900 -4.405200 -3.459800 -3.461000 -16.415000 -39.439700 
0.254000 -3.456600 -0.674600 -0.659600 -2.463900 -1.000500 -1.558100 -2.323100 -3.195800 -4.856600 -11.121200 -70.956400 
0.256000 -1.273800 -1.156000 -3.615600 -1.745100 -4.469800 -2.780300 -3.028900 -1.165900 -12.180800 -24.375800 -12.091500 
0.258000 -1.881300 -2.540600 -3.784600 -1.770000 -2.557700 -1.266000 -0.858600 -1.718000 -6.221800 -15.522700 -10.851300 
0.260000 -3.033500 -1.642300 -1.841400 -1.589400 -2.866300 -1.277300 -0.766600 -3.761300 -12.908700 -22.395800 -40.016900 
0.262000 -1.469100 -1.426500 -1.217500 -2.546000 -0.414000 -1.706500 -3.139100 -1.298100 -5.404800 -15.312100 -12.957500 
0.264000 -1.036100 -1.110300 -0.831800 -1.542200 -3.820600 -0.843400 -2.332600 -2.459200 -4.118800 -21.661200 -17.005700 
0.266000 -0.969000 -2.375200 -1.388600 -0.901200 -0.487000 -4.497800 -2.621200 -1.461700 -3.790600 -22.202000 -8.974800 
0.268000 -4.099300 -0.915500 -1.853900 -4.388600 -1.592200 -0.702100 -2.021100 -6.452500 -11.479000 -21.793200 -10.332300 
0.270000 -1.286000 -0.561200 -1.236600 -2.695100 -1.243400 -2.157200 -4.063700 -2.495900 -4.482300 -17.245900 -10.847700 
0.272000 -0.875400 -1.829200 -0.972800 -1.579400 -0.778700 -1.944400 -4.520500 -0.759000 -2.470400 -33.048100 -19.630500 
0.274000 -1.030900 -2.833400 -1.364300 -1.714800 -0.507500 -1.686600 -1.744400 -5.941000 -4.786000 -25.116000 -8.177500 
0.276000 -1.492900 -2.917500 -3.694800 -4.950500 -2.471800 -1.230200 -2.416800 -2.969600 -5.561400 -25.311000 -9.192000 
0.278000 -0.801600 -3.082000 -1.809200 -4.159300 -1.887400 -6.686900 -9.568800 -3.146700 -6.151800 -24.524800 -11.687700 
0.280000 -0.914500 -2.609200 -1.035600 -2.748100 -3.004800 -1.060600 -1.595800 -7.290600 -6.251100 -12.747400 -18.960400 
0.282000 -1.661300 -2.303400 -0.486700 -3.606500 -4.364100 -2.650600 -2.243900 -2.460300 -12.609200 -10.811400 -28.582900 
0.284000 -1.128100 -1.925700 -2.959900 -3.345200 -0.485200 -3.600100 -2.769700 -0.765800 -9.179200 -8.891700 -12.870700 
0.286000 -1.602200 -2.074800 -1.016900 -2.779200 -3.159400 -1.920500 -1.111900 -2.798000 -8.881900 -14.250100 -12.304900 
0.288000 -0.280600 -0.677800 -1.780000 -2.939500 -2.509600 -0.351200 -1.454100 -1.851600 -10.609600 -11.018900 -14.955600 
0.290000 -1.439900 -1.413100 -0.752600 -0.973600 -4.554700 -3.644500 -4.770500 -0.988400 -3.949700 -23.166500 -21.556900 
0.292000 -0.785900 -2.303500 -2.726400 -5.522800 -1.380100 -3.723600 -5.146400 -3.673900 -9.886100 -22.679500 -23.852100 
0.294000 -1.408700 -0.708900 -2.644600 -1.024000 -0.742200 -3.669800 -5.030000 -1.752500 -15.968900 -13.257800 -23.669400 
0.296000 -0.555200 -1.113500 -3.813600 -0.765600 -1.291800 -7.196600 -4.049700 -0.889200 -7.645300 -16.762900 -63.404100 
0.298000 -1.249500 -1.032400 -2.061500 -6.350800 -0.506300 -3.063300 -2.781500 -2.451300 -5.873800 -18.280600 -25.389700 
0.300000 -1.067600 -1.288600 -2.290500 -0.554800 -2.277300 -4.400800 -2.076900 -1.102700 -1.398600 -11.470600 -45.449200 
0.302000 -0.526400 -2.470100 -1.656500 -1.202700 -1.238500 -2.441100 -3.825500 -2.083200 -4.242300 -23.679300 -60.984300 
0.304000 -3.241600 -1.835300 -4.195500 -4.863600 -2.730000 -2.082900 -3.223200 -2.416500 -18.257500 -15.977000 -92.529700 
0.306000 -1.648300 -1.025200 -3.566400 -1.808400 -1.385000 -4.962900 -5.203600 -4.267600 -5.891000 -15.338000 -56.852200 
0.308000 -0.514600 -0.898700 -3.644500 -3.385900 -1.299800 -2.964800 -4.707800 -1.863000 -4.181000 -17.382900 -59.227400 
0.310000 -2.316400 -1.323600 -2.269600 -1.812900 -1.879800 -0.935700 -4.933800 -1.443100 -8.524200 -28.324700 -42.394400 
0.312000 -3.161500 -1.340900 -4.456600 -0.981300 -0.545800 -4.180700 -1.668300 -2.890900 -4.716800 -13.705200 -45.863200 
0.314000 -1.143400 -0.636800 -2.166200 -1.808300 -3.711800 -0.264600 -6.619600 -2.556400 -5.485300 -9.340100 -60.670600 
0.316000 -2.891000 -1.527800 -2.021100 -1.864200 -5.317100 -4.321700 -8.860000 -1.727000 -5.832700 -3.908800 -68.644600 
0.318000 -2.691500 -2.346000 -3.492900 -1.060700 -2.091600 -2.823000 -3.756900 -3.698300 -6.258300 -18.481700 -47.328000 
0.320000 -0.908200 -0.942300 -3.032000 -2.244300 -0.485300 -1.364900 -6.803600 -1.882700 -2.935000 -24.763100 -42.459000 
0.322000 -0.875300 -0.350300 -3.382200 -1.248500 -0.629100 -2.755900 -5.819300 -2.076100 -3.553000 -10.746200 -62.972000 
0.324000 -1.888900 -1.210500 -1.621100 -1.533600 -1.675800 -2.233700 -1.904100 -2.806000 -6.566900 -20.686500 -83.630000 
0.326000 -2.591900 -2.226400 -3.927000 -0.499700 -2.130900 -1.686600 -4.161400 -1.807500 -5.656600 -32.395200 -6.205900 
0.328000 -1.600700 -1.547200 -2.735400 -0.611100 -2.171200 -2.174200 -3.003500 -1.255000 -13.284700 -12.672500 -17.070200 
0.330000 -2.142200 -0.573400 -1.769200 -2.536600 -1.900600 -4.360400 -5.945600 -1.509300 -5.956200 -17.186600 -44.197000 
0.332000 -1.287900 -0.902300 -1.439300 -3.546500 -0.602600 -1.985000 -3.615500 -2.118600 -6.102700 -17.110100 -13.907500 
0.334000 -1.766600 -1.238000 -1.320000 -1.195900 -4.127400 -6.409300 -3.844100 -2.263300 -8.862300 -15.633100 -35.099400 
0.336000 -0.324500 -1.026200 -4.425400 -2.401500 -3.163100 -2.043500 -2.103500 -5.374900 -6.658600 -18.773100 -11.491400 
0.338000 -2.512000 -1.658300 -2.055600 -0.784600 -3.219400 -1.294900 -3.655800 -2.179600 -4.100700 -16.476200 -21.051600 
0.340000 -0.888400 -1.356400 -0.569600 -2.097800 -5.643200 -2.667300 -2.122700 -1.674100 -11.810800 -17.540900 -21.042100 
0.342000 -3.840300 -1.215400 -1.985200 -4.920900 -3.215000 -2.212400 -1.360000 -2.141900 -12.131700 -20.186700 -15.578400 
0.344000 -0.142100 -1.122400 -3.252700 -0.941200 -2.849100 -0.635200 -3.686600 -2.082700 -13.316800 -10.039300 -9.603700 
0.346000 -0.858300 -1.359900 -0.980500 -1.463700 -0.522500 -1.251900 -2.010100 -3.166700 -12.994500 -11.801000 -15.669000 
0.348000 -1.708800 -0.852700 -1.568800 -3.194600 -2.054200 -2.987000 -2.542000 -2.841000 -9.088500 -28.050000 -14.788300 
0.350000 -1.098500 -1.366600 -1.150700 -0.722700 -3.369800 -5.036300 -5.852300 -1.573800 -3.817500 -21.436800 -34.793300 
0.352000 -1.757100 -0.417900 -2.346300 -2.483900 -2.793900 -1.613200 -4.764300 -2.613000 -10.354900 -11.165900 -22.782200 
0.354000 -3.053500 -0.891100 -0.602200 -0.462000 -3.033200 -4.062900 -2.927800 -1.474400 -10.728500 -14.817100 -47.025800 
0.356000 -2.613800 -1.793800 -2.943000 -2.081400 -3.530900 -5.475700 -2.086300 -2.190400 -7.544200 -15.047700 -53.534100 
0.358000 -1.853500 -1.294800 -1.234500 -1.377800 -4.779100 -3.923300 -2.841400 -3.674700 -12.992100 -19.739500 -16.290400 
0.360000 -1.345200 -3.594400 -2.256800 -4.089600 -0.756400 -1.638200 -5.186300 -1.696700 -2.935100 -16.262200 -23.642900 
0.362000 -1.799400 -2.133900 -0.449700 -3.680500 -2.974900 -3.177700 -3.571600 -1.587400 -7.867000 -10.797500 -7.040800 
0.364000 -2.779300 -0.889900 -2.121100 -1.462800 -3.044400 -2.826200 -4.578900 -2.655800 -9.089000 -28.209600 -10.846400 
0.366000 -1.143300 -1.166600 -2.265500 -1.348000 -2.695300 -0.501700 -4.183400 -1.629500 -9.001800 -21.782400 -17.814700 
0.368000 -1.271000 -0.901600 -0.401600 -0.831100 -1.802700 -5.632000 -4.500100 -1.027800 -8.835900 -23.575100 -17.524600 
0.370000 -1.394200 -0.607800 -3.745900 -0.991800 -3.265700 -1.180700 -5.520000 -3.589700 -8.605700 -17.734700 -13.548100 
0.372000 -1.522600 -0.711700 -2.191900 -3.040500 -1.658400 -0.974600 -1.644300 -4.848600 -6.227500 -66.354600 -15.947800 
0.374000 -2.081100 -0.600100 -2.682000 -1.334700 -3.882200 -1.419500 -2.962900 -2.347200 -13.076100 -18.123500 -14.685500 
0.376000 -1.662800 -1.399700 -2.142100 -1.367800 -6.969700 -4.938700 -3.492100 -2.895200 -9.026000 -17.408700 -10.315300 
0.378000 -1.975300 -2.194300 -2.093900 -0.691300 -3.150600 -2.331000 -1.473300 -7.305900 -4.330300 -19.663100 -7.708400 
0.380000 -0.165600 -1.663300 -1.654500 -2.014200 -5.067500 -4.486000 -3.944100 -4.281300 -4.456700 -20.377900 -26.375700 
0.382000 -0.170300 -1.399000 -1.336400 -3.191700 -4.292100 -1.206400 -1.987600 -3.968900 -5.617000 -7.541600 -13.561000 
0.384000 -2.160100 -1.809200 -1.928100 -1.474900 -5.984700 -1.672400 -2.529100 -1.627400 -11.625400 -31.191800 -11.034900 
0.386000 -1.806500 -2.343900 -1.307000 -3.148900 -5.476100 -6.071100 -2.728400 -0.885700 -11.439700 -17.511800 -13.840300 
0.388000 -0.359000 -0.407400 -1.624800 -1.884000 -6.315200 -2.266600 -9.059800 -2.428100 -12.018000 -15.884700 -13.158900 
0.390000 -2.829400 -1.529900 -1.108500 -0.570700 -3.750200 -1.192300 -3.465300 -3.059900 -16.208500 -34.530500 -10.425600 
0.392000 -3.108500 -1.217700 -1.858700 -0.583500 -2.813300 -1.106400 -6.046900 -3.345500 -9.931200 -12.709900 -8.671000 
0.394000 -1.407100 -2.221600 -0.777400 -3.959400 -3.348000 -0.724100 -9.546500 -1.468800 -9.339900 -27.373800 -13.420200 
0.396000 -0.818300 -2.243300 -1.451500 -1.746600 -1.279900 -1.236800 -2.186900 -2.484200 -8.485600 -11.557100 -21.245900 
0.398000 -1.572900 -1.158400 -3.849500 -1.665400 -2.475500 -1.990900 -2.511800 -2.740800 -4.074700 -13.316200 -13.349100 
0.400000 -2.704400 -2.665700 -0.572400 -3.291400 -3.525100 -2.655900 -4.212900 -0.810700 -5.396200 -17.949200 -6.638300 
0.402000 -1.381100 -3.846500 -5.557400 -1.083300 -0.666500 -5.749600 -5.426800 -4.236400 -1.958500 -32.299900 -14.864300 
0.404000 -0.324200 -0.555300 -1.506000 -5.359000 -1.274900 -1.482200 -5.658700 -1.575000 -12.003900 -23.183000 -9.866100 
0.406000 -1.911700 -1.293000 -1.007700 -4.203600 -1.482800 -0.640200 -2.191700 -0.966000 -11.735600 -29.867900 -15.784800 
0.408000 -2.098000 -1.640400 -1.747100 -1.555100 -4.402000 -7.460100 -4.756300 -2.500100 -6.111900 -17.222800 -14.495700 
0.410000 -1.385000 -3.742000 -3.309100 -2.534300 -8.056500 -3.628800 -5.858700 -2.017200 -3.297600 -23.764100 -9.685800 
0.412000 -0.958900 -1.135100 -2.336300 -5.384400 -4.220100 -5.593400 -4.886500 -3.969400 -5.743600 -15.420200 -12.711400 
0.414000 -1.085900 -1.544100 -1.464800 -1.719600 -4.399700 -1.708500 -3.462400 -3.032500 -13.294900 -16.916300 -8.980900 
0.416000 -0.444300 -2.620300 -3.767500 -1.727600 -1.980000 -1.201600 -2.351500 -1.061100 -1.721800 -28.806500 -7.011200 
0.418000 -1.783600 -2.502800 -2.103300 -1.531000 -1.305800 -1.093000 -0.944200 -1.844900 -15.336900 -9.372300 -19.170300 
0.420000 -2.718700 -1.768300 -1.220300 -1.987100 -2.051700 -3.894500 -5.232900 -3.741200 -6.688000 -10.544300 -46.727200 
0.422000 -1.297900 -2.646400 -1.802700 -2.831300 -1.234800 -4.101500 -3.250700 -1.673900 -3.212100 -17.279000 -26.208400 
0.424000 -2.837700 -0.333400 -2.183300 -3.351400 -1.999900 -4.960600 -5.047500 -1.191400 -3.813100 -28.221700 -21.260000 
0.426000 -2.728000 -0.567800 -0.738000 -0.927400 -1.720700 -3.318200 -2.172800 -1.397200 -5.503900 -26.751000 -85.714200 
0.428000 -1.486500 -1.494500 -1.457300 -4.725800 -1.821300 -3.535600 -12.072000 -3.409200 -5.644900 -26.481900 -14.024600 
0.430000 -1.131100 -0.913500 -2.272000 -2.492700 -4.248700 -8.424300 -6.402100 -3.112500 -8.942500 -9.638000 -11.238800 
0.432000 -1.342800 -0.574400 -1.301700 -1.905600 -2.089500 -4.726200 -5.271300 -2.309200 -5.136600 -28.167500 -7.587600 
0.434000 -2.426200 -1.222900 -1.036900 -3.045800 -4.285800 -3.191100 -1.973500 -3.315000 -3.272000 -30.166200 -70.273600 
0.436000 -1.031000 -0.642000 -2.221600 -1.114500 -1.163000 -3.722500 -3.600600 -3.004200 -7.788700 -15.268800 -20.362000 
0.438000 -0.786300 -1.507800 -1.854800 -3.373400 -1.053900 -3.558100 -4.168400 -1.425800 -2.679600 -15.392300 -6.729800 
0.440000 -1.377600 -2.211000 -2.156300 -2.880100 -5.177100 -3.099900 -3.664800 -1.517900 -8.805800 -18.420600 -5.506200 
0.442000 -2.222000 -1.168500 -0.727500 -1.437400 -7.919800 -1.750200 -2.800300 -3.767200 -5.248200 -40.099900 -7.295000 
0.444000 -1.355300 -1.049000 -1.355000 -2.337800 -2.424400 -0.166100 -4.026200 -4.429900 -2.649600 -13.464600 -8.528200 
0.446000 -1.351500 -0.765300 -1.112200 -0.817200 -0.445300 -2.010200 -2.026200 -3.753000 -7.179500 -15.546300 -6.343800 
0.448000 -1.026200 -0.361200 -0.812500 -1.119000 -0.479900 -1.704400 -6.084600 -0.438400 -2.689000 -17.733100 -6.475900 
0.450000 -2.135100 -0.454900 -1.759100 -0.813400 -3.135400 -1.654500 -5.950800 -1.658700 -2.087900 -17.450400 -7.821600 
0.452000 -2.763300 -3.969000 -1.812500 -0.666400 -4.437600 -4.286700 -5.449800 -9.196100 -4.908900 -24.794800 -11.529900 
0.454000 -2.282800 -0.766500 -3.047400 -0.785500 -2.793500 -1.917300 -3.009000 -4.421800 -2.897900 -22.972800 -15.121600 
0.456000 -1.659500 -0.711900 -2.584700 -1.182200 -1.559400 -2.335200 -2.956100 -4.971000 -2.473500 -35.108800 -18.477700 
0.458000 -0.298200 -1.108600 -1.215500 -1.743600 -1.797100 -4.349300 -3.257300 -6.962800 -6.399100 -13.745100 -15.033400 
0.460000 -0.423700 -1.299500 -0.564600 -3.317800 -2.756000 -0.617500 -5.644800 -3.980900 -3.967100 -13.238200 -14.174600 
0.462000 -1.707200 -0.823000 -4.124200 -2.465700 -1.546100 -3.304300 -5.522100 -3.104200 -3.398600 -7.594200 -21.387400 
0.464000 -1.657000 -1.549300 -3.534700 -2.822300 -1.127500 -3.108400 -3.587200 -2.530600 -5.998400 -6.485600 -6.944600 
0.466000 -1.438900 -1.267600 -2.002800 -2.340900 -3.674800 -1.390200 -4.517900 -3.093500 -8.764600 -7.222500 -28.483000 
0.468000 -1.375900 -4.465800 -3.581000 -1.241900 -3.026200 -4.687600 -2.642100 -5.518500 -6.407600 -15.796000 -12.889200 
0.470000 -1.244500 -2.032700 -4.900300 -2.908500 -1.455400 -0.685600 -4.746400 -7.716100 -7.831100 -16.842900 -10.498700 
0.472000 -1.911700 -1.021200 -1.620800 -1.835800 -6.671300 -2.057500 -4.574800 -8.293500 -5.053700 -14.461400 -16.702100 
0.474000 -1.680100 -1.178500 -2.581700 -0.985300 -0.902500 -3.108800 -4.139200 -2.963500 -3.974100 -26.927200 -16.130800 
0.476000 -1.215700 -0.337200 -3.821200 -1.259300 -2.419200 -3.324200 -7.034000 -6.664000 -7.322700 -9.270800 -16.221800 
0.478000 -1.298500 -1.145300 -1.610000 -2.038300 -1.625800 -5.843000 -4.120900 -5.149800 -4.926200 -22.869600 -39.614400 
0.480000 -4.131900 -1.479400 -2.985200 -2.668800 -1.231600 -3.025800 -3.738700 -1.228500 -6.504700 -10.760500 -6.663400 
0.482000 -2.990700 -0.811000 -2.687800 -2.228900 -1.422300 -6.489000 -5.956000 -5.643600 -11.507500 -20.400500 -7.390400 
0.484000 -0.769800 -0.199500 -3.840100 -2.760400 -7.586200 -5.195900 -5.298900 -4.592000 -3.982300 -35.468000 -29.089000 
0.486000 -1.152000 -0.858200 -2.299200 -2.159400 -1.469000 -3.666200 -2.024900 -3.681000 -13.841300 -20.568300 -19.254300 
0.488000 -0.181900 -1.420200 -2.111800 -0.823000 -3.458500 -1.482200 -3.161500 -4.568900 -4.561000 -37.546700 -6.348200 
0.490000 -1.491000 -1.469900 -0.772700 -0.745700 -1.316100 -2.238300 -8.160500 -2.884900 -14.641300 -18.236600 -10.325800 
0.492000 -0.951600 -3.178900 -3.474700 -1.570000 -1.151100 -2.646500 -1.160200 -2.515600 -22.656200 -26.031900 -20.043800 
0.494000 -2.222200 -0.532400 -3.033600 -2.113700 -3.628900 -3.472900 -4.553800 -2.073600 -6.645100 -19.041900 -11.707400 
0.496000 -1.236900 -0.456000 -1.754500 -3.309400 -2.053000 -1.979200 -4.735600 -7.294400 -16.405200 -26.299400 -12.889200 
0.498000 -2.365400 -0.512000 -1.216300 -3.607400 -1.430100 -3.306300 -4.484500 -5.502800 -11.819700 -15.468000 -25.968700 
0.500000 -1.297000 -3.201400 -2.180400 -2.753800 -1.565100 -1.445500 -7.355900 -17.190900 -6.996800 -16.596400 -7.714800 
0.502000 -1.948800 -1.587300 -5.635500 -0.951400 -1.514800 -5.010600 -8.440500 -4.722900 -4.176800 -21.229000 -7.583100 
0.504000 -0.798200 -0.762800 -1.225500 -3.986300 -1.331700 -0.146700 -4.941000 -5.498600 -3.066900 -14.423800 -7.791600 
0.506000 -2.534000 -0.540300 -3.212300 -3.470900 -1.941600 -1.503200 -2.324800 -2.811200 -9.300200 -25.105000 -19.711000 
0.508000 -1.080700 -0.754000 -1.881400 -4.492000 -0.805800 -2.388900 -3.781900 -5.884600 -2.014900 -23.456100 -15.071800 
0.510000 -0.655300 -0.588400 -3.704500 -2.864400 -1.598300 -0.583000 -6.511000 -1.771200 -10.821000 -20.509900 -8.879700 
0.512000 -1.598500 -2.028300 -0.946200 -1.570800 -1.800600 -4.732700 -5.079700 -2.741900 -9.354900 -18.148800 -20.283600 
0.514000 -1.386700 -1.326700 -1.352100 -2.245200 -2.053200 -3.870800 -4.896700 -1.572300 -4.205400 -24.387400 -9.978100 
0.516000 -1.564400 -0.474500 -2.817500 -1.804900 -2.032400 -4.079300 -4.789600 -4.371200 -5.986300 -5.422800 -32.337800 
0.518000 -1.795600 -1.008700 -2.988800 -1.401700 -0.832500 -0.620800 -1.854700 -5.569800 -4.001900 -10.629700 -17.709500 
0.520000 -1.760500 -1.161000 -1.322300 -3.642600 -2.610000 -2.396600 -2.597600 -7.975000 -11.633000 -45.646900 -19.802100 
0.522000 -2.305100 -1.361500 -3.215400 -2.441600 -2.191100 -4.790200 -2.508500 -9.573700 -14.565300 -8.658300 -12.344400 
0.524000 -1.861000 -0.845700 -3.019300 -3.321100 -2.449000 -3.061000 -7.956100 -11.267300 -6.579700 -11.324700 -12.177000 
0.526000 -1.022700 -0.160700 -2.423200 -3.664100 -1.830000 -4.230000 -1.654600 -12.384600 -9.034300 -16.257400 -17.511700 
0.528000 -1.079300 -1.468900 -1.022700 -7.633000 -2.151700 -3.091600 -2.464300 -6.349700 -11.870600 -9.628800 -13.130100 
0.530000 -0.462000 -0.516800 -1.884700 -1.074000 -2.386400 -1.555300 -3.841300 -8.072200 -5.364400 -26.092200 -16.641000 
0.532000 -0.530600 -2.087900 -2.475200 -2.194500 -3.658200 -3.492800 -2.069700 -3.526500 -7.131600 -26.024400 -10.320800 
0.534000 -1.056200 -2.307900 -4.332900 -2.556900 -2.161700 -3.983500 -3.324400 -6.920600 -5.664900 -18.649600 -18.142800 
0.536000 -0.842300 -1.363900 -4.262300 -1.638000 -1.978500 -1.927700 -4.124400 -9.580700 -7.480500 -7.181200 -16.789400 
0.538000 -0.704500 -1.891200 -2.359000 -2.030000 -3.361900 -2.222800 -2.565400 -7.912700 -5.405400 -15.883900 -22.143300 
0.540000 -0.808500 -2.096900 -4.479700 -1.786500 -1.108800 -5.025700 -3.795900 -11.058500 -5.741500 -42.813300 -23.229000 
0.542000 -0.870400 -0.309100 -0.923900 -1.352500 -1.654000 -4.431400 -3.078000 -5.185800 -7.443600 -38.546000 -13.783200 
0.544000 -1.249700 -1.200800 -1.093600 -2.774300 -2.888200 -1.744100 -7.476700 -5.574400 -7.929000 -26.216900 -7.959300 
0.546000 -2.776600 -1.443500 -2.524800 -3.661800 -3.141100 -0.714200 -4.783900 -7.698700 -7.473100 -19.594500 -19.485000 
0.548000 -0.952800 -0.820100 -1.961900 -2.703200 -2.372900 -1.859000 -6.758700 -11.168300 -4.382500 -16.455900 -67.275800 
0.550000 -0.727700 -1.466300 -1.633100 -3.686000 -2.154500 -2.506000 -4.006100 -7.070200 -1.640600 -12.188400 -139.635800 
0.552000 -2.702900 -0.566000 -1.480500 -1.911900 -2.087700 -1.201900 -3.935600 -7.172000 -5.753000 -23.305400 -111.080200 
0.554000 -3.109500 -0.456500 -2.829200 -2.755700 -2.066800 -2.959300 -5.018100 -7.952700 -6.885500 -27.888400 -98.347700 
0.556000 -2.482100 -3.712100 -3.125500 -4.555900 -3.104600 -1.393800 -1.583700 -5.061000 -9.773800 -12.297000 -77.029000 
0.558000 -1.532800 -1.968100 -1.301700 -2.766800 -0.453800 -1.432000 -6.011700 -7.379200 -7.639900 -14.584000 -108.070900 
0.560000 -0.456600 -1.010200 -1.708400 -1.763800 -2.765300 -1.599800 -7.307700 -7.423100 -4.339500 -11.096300 -112.494500 
0.562000 -4.895000 -1.877600 -3.490300 -2.201000 -2.193800 -9.017800 -4.095600 -7.495400 -7.816200 -12.014300 -148.889900 
0.564000 -2.370100 -1.704100 -0.458800 -1.933600 -1.552000 -2.461700 -2.288700 -4.373800 -6.898800 -7.778900 -99.560800 
0.566000 -0.541200 -0.803000 -3.244700 -1.220200 -2.290800 -0.827200 -3.330600 -12.377600 -3.269600 -7.981000 -103.749400 
0.568000 -0.662600 -0.686700 -0.615800 -1.893500 -3.529700 -4.327500 -2.127700 -8.124100 -8.565500 -12.395600 -113.017000 
0.570000 -2.438300 -1.588600 -1.076400 -2.541000 -1.835300 -3.175000 -1.426900 -5.088400 -4.450100 -23.010100 -49.377800 
0.572000 -0.618000 -1.205500 -0.644900 -2.705100 -1.814900 -2.673500 -3.822800 -7.727200 -4.542300 -21.099400 -101.134000 
0.574000 -0.790200 -1.532900 -2.648000 -0.605200 -1.883900 -4.022800 -2.102800 -9.314100 -6.428500 -13.170600 -126.842700 
0.576000 -1.803400 -0.780500 -1.932600 -1.935200 -1.450600 -3.438100 -2.066600 -7.675300 -10.591500 -26.891700 -85.946200 
0.578000 -0.759900 -1.391900 -3.436900 -4.451600 -1.741900 -1.993200 -8.270200 -4.680700 -7.299800 -35.049700 -97.446800 
0.580000 -0.843800 -0.350600 -3.444000 -0.934500 -0.848300 -2.300400 -3.898400 -8.780800 -7.545700 -10.345100 -116.311700 
0.582000 -1.462000 -0.550300 -2.445900 -2.025700 -3.517500 -3.387600 -1.474000 -7.222500 -8.229000 -8.760600 -77.333500 
0.584000 -0.100400 -0.897600 -2.645400 -2.192900 -0.647700 -3.590800 -2.137600 -4.159500 -11.084400 -31.491000 -114.272700 
0.586000 -2.552500 -0.477800 -1.181600 -2.985900 -3.034300 -3.916900 -5.356700 -5.587100 -6.087500 -16.345900 -156.690900 
0.588000 -1.621800 -0.897200 -3.992700 -3.715600 -1.312600 -3.530400 -4.891500 -5.118700 -18.234600 -11.455000 -188.490200 
0.590000 -3.158900 -0.768800 -3.481200 -2.181300 -1.246600 -1.149700 -4.302400 -4.630700 -3.944100 -29.583100 -113.992800 
0.592000 -1.753700 -1.733900 -2.909700 -4.041100 -0.948200 -6.189900 -3.534600 -5.631500 -4.380800 -39.256700 -114.931000 
0.594000 -1.358500 -1.194100 -1.996300 -2.614500 -1.152900 -2.368500 -7.813900 -2.500900 -22.674900 -10.823100 -101.200500 
0.596000 -1.475600 -0.907300 -1.364700 -0.991000 -2.962000 -1.419400 -2.437600 -3.180300 -7.767900 -21.046000 -103.271800 
0.598000 -2.213800 -1.671300 -2.027900 -4.393200 -0.538300 -1.894600 -2.319200 -2.846100 -9.634600 -8.835400 -57.704300 
0.600000 -0.832000 -1.594100 -2.006500 -4.286200 -4.572900 -2.909200 -4.298500 -1.761400 -7.245000 -16.338800 -111.166000 
0.602000 -2.510500 -1.393800 -1.149700 -2.501400 -1.452500 -1.688600 -5.318200 -5.410200 -6.401200 -8.751100 -122.337900 
0.604000 -2.252300 -5.733700 -1.305100 -3.627500 -6.061400 -3.696100 -1.994300 -5.875300 -8.938000 -11.540800 -112.731900 
0.606000 -1.487500 -1.379000 -0.852400 -2.393200 -4.282500 -4.626800 -5.099300 -7.336600 -4.436300 -27.137700 -95.210400 
0.608000 -2.213600 -0.649900 -1.813500 -2.344000 -2.353900 -2.448400 -7.048000 -0.636300 -8.905600 -18.903700 -113.134100 
0.610000 -1.459400 -1.311300 -9.447200 -3.492100 -1.726100 -1.098800 -1.759800 -2.791800 -7.080000 -26.928100 -121.347800 
0.612000 -0.935600 -2.006000 -2.996000 -1.959000 -4.728600 -2.409100 -4.150500 -5.437900 -6.735900 -25.981900 -114.281800 
0.614000 -1.835100 -3.085300 -4.201800 -1.790000 -2.267600 -1.008500 -5.882300 -8.377200 -3.789800 -10.139400 -144.549200 
0.616000 -3.215900 -2.541600 -0.768000 -1.817800 -2.871900 -3.159800 -4.052400 -5.593600 -5.103500 -8.482300 -112.494900 
0.618000 -1.709300 -1.130900 -3.083900 -1.373100 -1.956400 -2.078700 -4.104900 -4.830500 -7.970000 -10.915900 -79.421900 
0.620000 -2.172800 -3.814400 -1.418400 -2.126600 -2.101200 -2.565300 -4.330800 -4.565000 -3.733200 -10.950300 -117.263800 
0.622000 -2.130900 -1.842900 -2.484800 -3.674700 -3.746800 -2.262000 -5.251600 -12.309700 -7.451100 -14.689700 -130.425000 
0.624000 -1.775200 -1.162100 -4.704400 -2.390500 -3.265800 -2.158300 -5.281100 -4.024900 -8.843200 -19.637600 -117.583400 
0.626000 -4.469700 -1.035800 -5.202800 -2.720300 -2.370700 -2.680100 -11.744400 -4.223300 -5.988300 -33.438800 -120.945800 
0.628000 -1.623000 -0.795000 -2.218400 -0.594700 -4.618000 -3.264500 -5.524100 -9.081100 -12.786900 -19.909300 -83.751700 
0.630000 -0.559100 -0.950700 -2.178200 -0.786000 -4.453800 -7.386500 -4.886800 -10.118000 -2.821900 -13.996100 -80.982300 
0.632000 -3.009000 -1.112700 -1.558500 -1.738700 -3.612100 -2.377400 -8.775300 -7.276400 -7.234900 -9.854300 -87.698600 
0.634000 -1.262100 -1.243300 -2.629000 -1.329000 -4.916200 -8.862900 -7.568300 -9.633000 -5.970900 -23.961800 -46.434800 
0.636000 -2.162600 -1.215900 -2.115700 -0.357600 -3.184000 -2.593700 -4.679100 -13.455000 -10.047600 -9.361400 -27.701300 
0.638000 -4.070400 -1.403800 -3.480600 -1.578900 -2.351700 -4.548500 -8.702000 -7.352700 -8.403400 -15.725400 -14.600200 
0.640000 -1.376400 -2.091100 -2.187400 -2.496000 -3.281800 -3.549600 -6.632200 -9.177600 -11.860900 -21.448900 -13.885900 
0.642000 -1.475000 -2.756700 -3.200200 -0.741600 -3.833400 -8.823100 -3.080800 -1.953900 -7.119600 -8.806500 -17.468300 
0.644000 -2.135800 -1.308400 -1.664100 -2.127100 -4.408300 -5.833500 -2.258000 -3.145800 -2.722200 -6.069500 -14.998600 
0.646000 -2.889800 -1.424200 -2.988300 -1.367300 -1.160900 -4.102000 -3.555100 -5.754700 -8.675100 -10.865900 -32.139900 
0.648000 -3.767200 -2.742800 -2.894700 -1.749200 -2.084200 -5.859000 -2.583000 -13.149700 -3.938400 -24.911300 -12.019900 
0.650000 -3.441400 -1.814000 -1.157500 -2.921500 -3.574000 -1.343700 -6.116200 -3.416100 -2.784300 -32.212200 -12.706500 
0.652000 -1.561200 -2.138200 -2.704500 -2.518900 -1.947400 -7.045200 -5.848800 -3.600600 -12.655400 -26.910900 -17.784600 
0.654000 -1.910800 -1.525300 -3.423700 -3.783100 -5.564500 -4.109000 -6.675100 -3.804400 -1.491800 -6.686800 -33.548500 
0.656000 -1.029700 -1.439800 -1.380000 -1.467800 -2.682900 -6.528100 -2.485900 -4.116000 -3.478800 -26.224000 -49.659400 
0.658000 -2.414700 -0.983300 -1.581200 -1.717600 -4.047900 -3.590700 -7.089400 -7.128300 -2.827800 -9.276400 -57.801800 
0.660000 -1.833400 -2.481800 -3.570300 -0.201700 -2.383300 -4.278800 -8.015100 -4.268400 -4.648800 -22.270000 -70.287500 
0.662000 -1.552400 -1.006000 -0.905300 -4.201000 -2.084800 -1.700400 -1.301000 -5.528400 -2.086900 -16.394000 -83.282100 
0.664000 -2.044700 -2.341300 -3.341800 -1.838400 -2.740200 -6.208100 -2.378300 -5.549800 -7.202400 -13.323300 -74.239100 
0.666000 -1.305800 -0.927400 -3.560500 -2.269900 -4.180700 -2.065400 -4.297400 -4.306600 -1.398900 -14.133300 -32.918700 
0.668000 -3.583400 -2.032100 -2.007300 -3.160300 -5.767400 -2.230300 -4.922300 -6.465900 -5.261000 -11.416800 -49.807500 
0.670000 -1.490000 -0.787400 -2.487400 -1.487200 -2.172600 -3.709800 -5.076600 -12.588500 -4.560100 -9.604200 -55.096400 
0.672000 -0.933800 -2.875700 -1.190500 -1.562500 -3.456400 -2.311700 -2.625500 -7.645400 -6.151000 -12.615400 -43.118600 
0.674000 -1.794100 -1.030300 -1.953200 -0.617500 -3.156300 -4.230300 -4.182700 -7.909500 -3.815700 -9.129700 -41.101400 
0.676000 -1.342800 -1.942700 -0.986000 -3.332400 -1.743100 -1.835500 -4.075600 -6.537600 -3.301800 -9.642900 -40.707900 
0.678000 -1.133300 -1.083300 -0.329900 -1.875100 -1.701500 -6.222500 -8.065100 -0.849700 -9.359800 -10.361300 -57.891100 
0.680000 -1.526100 -2.964000 -3.652800 -2.451700 -2.678200 -0.869500 -2.102900 -5.649400 -5.645600 -14.429700 -17.252200 
0.682000 -0.792000 -3.571600 -3.589000 -0.983000 -2.069900 -2.307600 -3.899800 -2.374900 -11.188200 -16.600100 -25.397500 
0.684000 -0.315000 -0.523700 -3.282400 -4.872600 -0.730300 -1.743900 -7.939100 -5.369100 -13.956600 -6.725000 -27.991700 
0.686000 -1.776100 -2.450500 -1.295400 -1.275400 -2.340000 -2.203200 -3.097900 -6.689600 -16.806500 -12.209900 -22.917800 
0.688000 -3.023800 -1.924300 -1.036400 -2.276500 -2.505800 -2.390900 -4.796900 -4.240000 -3.106800 -2.358700 -11.807800 
0.690000 -0.566200 -2.140400 -2.064900 -4.017700 -2.350800 -1.024100 -3.808100 -1.912100 -7.281700 -8.227300 -9.360100 
0.692000 -2.116400 -2.567400 -1.266400 -4.863500 -2.820800 -2.458900 -7.547800 -2.669500 -12.017700 -16.168300 -11.727700 
0.694000 -0.298200 -2.674000 -2.229500 -2.415500 -5.566400 -5.387000 -4.534400 -9.349300 -2.571200 -9.848500 -22.922700 
0.696000 -0.440500 -0.962400 -1.318900 -0.783700 -3.086800 -1.378700 -5.198200 -1.374600 -2.824500 -17.698500 -14.608400 
0.698000 -1.697900 -0.289400 -0.924200 -1.039800 -5.006500 -4.773500 -3.474600 -2.535900 -2.548300 -12.357300 -12.562700 
0.700000 -0.772900 -2.745700 -1.153900 -3.404100 -2.463800 -2.499200 -2.248900 -3.820000 -14.128500 -10.931900 -27.493400 
0.702000 -0.824300 -1.017300 -1.288800 -0.646400 -1.366000 -1.335400 -2.906100 -7.165300 -12.674800 -2.496400 -19.448700 
0.704000 -0.783100 -0.755100 -2.509600 -2.847500 -1.369800 -2.676200 -2.997200 -3.833200 -6.997000 -17.548700 -28.016000 
0.706000 -1.318900 -2.705900 -3.112100 -3.941300 -0.931100 -1.902900 -2.389800 -3.955300 -5.165000 -5.779500 -11.225200 
0.708000 -1.140100 -0.933400 -1.612800 -1.282300 -4.600500 -0.917000 -3.233200 -4.152000 -10.613400 -15.900100 -14.504900 
0.710000 -4.357600 -0.800300 -2.258600 -3.778700 -2.762900 -1.768500 -4.922900 -1.160200 -8.157100 -17.695900 -10.439900 
0.712000 -1.433400 -1.303200 -2.776800 -4.370500 -1.940100 -2.714700 -13.501500 -6.676100 -10.402600 -11.786200 -11.482500 
0.714000 -1.484800 -1.609300 -1.711800 -3.021400 -4.647100 -4.117100 -2.488700 -6.548100 -3.844100 -17.423400 -21.186300 
0.716000 -3.389800 -0.974500 -3.596400 -2.170200 -2.612200 -3.202300 -8.216000 -4.229400 -9.640700 -9.038600 -18.330800 
0.718000 -1.867300 -3.004700 -4.912100 -2.667700 -1.429400 -0.698200 -4.763100 -9.189800 -7.466300 -8.613100 -16.590600 
0.720000 -1.211700 -2.574000 -1.901200 -3.142000 -1.691800 -2.033600 -5.776200 -20.042000 -10.252800 -7.252100 -8.343100 
0.722000 -3.311400 -1.876400 -2.614800 -1.039400 -1.395100 -1.520700 -10.566900 -4.957500 -9.482200 -10.068800 -28.239800 
0.724000 -1.147800 -1.603100 -2.427900 -1.100400 -3.126300 -2.074400 -2.064200 -5.780600 -6.073600 -26.878200 -14.558300 
0.726000 -0.912500 -2.575500 -1.146900 -3.248200 -0.631600 -2.770000 -4.238400 -8.997000 -7.508500 -28.119700 -23.777800 
0.728000 -1.253800 -1.294000 -0.462700 -1.488400 -5.896000 -7.390000 -3.623000 -4.326300 -8.731400 -16.132100 -32.717500 
0.730000 -3.031500 -1.206500 -1.929200 -1.467000 -4.103400 -1.742300 -3.355900 -3.067000 -3.791800 -8.876500 -9.240700 
0.732000 -2.164400 -2.463100 -2.811400 -2.635800 -2.857600 -2.682400 -6.694000 -2.607000 -13.492700 -22.024600 -11.959500 
0.734000 -1.232800 -1.840100 -2.731800 -2.630500 -1.342300 -1.560700 -7.404700 -3.429100 -6.817100 -12.440200 -9.430600 
0.736000 -1.665100 -1.524000 -2.263000 -3.270300 -5.158000 -5.450800 -7.348700 -5.344300 -8.078100 -14.987100 -15.683400 
0.738000 -1.790300 -2.398200 -2.885500 -2.145200 -0.924800 -1.675400 -4.178900 -10.939200 -9.489100 -4.603500 -12.414400 
0.740000 -1.113600 -1.290400 -3.062300 -1.653300 -4.906400 -0.522900 -7.879900 -6.249900 -5.043900 -12.149800 -11.506900 
0.742000 -0.877100 -2.357700 -0.854700 -0.879000 -3.810400 -3.073500 -5.213200 -2.846100 -14.016600 -21.841600 -13.127000 
0.744000 -0.874700 -3.221700 -1.069900 -3.660600 -2.014800 -3.815500 -4.019500 -2.328200 -13.947200 -10.219300 -17.575700 
0.746000 -3.000700 -1.061200 -2.120700 -1.153000 -2.089400 -3.525400 -2.199500 -4.409700 -3.600500 -17.936800 -19.228500 
0.748000 -3.430700 -1.266400 -4.954100 -2.921500 -4.519600 -1.379600 -2.025000 -1.100900 -11.791800 -5.695900 -9.338200 
0.750000 -1.547700 -1.365000 -2.276700 -0.514500 -1.997100 -0.433900 -3.818600 -1.856400 -2.595000 -24.383500 -11.220600 
0.752000 -1.458200 -0.625800 -0.618400 -2.163100 -1.031100 -1.317400 -6.551200 -2.511400 -10.951900 -3.394300 -10.478800 
0.754000 -1.643200 -2.839400 -1.900400 -1.510000 -1.248100 -1.925100 -2.238100 -5.971600 -7.959300 -11.273000 -16.769700 
0.756000 -1.917200 -2.325400 -1.694900 -2.024000 -2.013800 -5.850000 -3.748200 -8.333300 -3.857300 -9.185700 -17.132200 
0.758000 -2.064300 -1.348300 -1.745900 -2.220600 -0.819300 -2.927200 -4.218400 -2.098500 -2.383300 -16.010300 -8.251300 
0.760000 -0.574500 -3.385500 -0.719400 -2.612700 -2.207900 -4.741600 -4.365300 -3.678800 -4.295700 -26.716600 -14.737200 
0.762000 -1.489500 -1.344500 -2.002400 -2.125500 -0.602000 -2.717600 -3.471100 -3.729300 -5.315700 -13.369400 -16.972100 
0.764000 -0.690400 -1.373900 -1.999000 -3.835500 -3.239300 -1.575300 -6.870000 -2.381400 -8.504600 -23.330400 -28.999600 
0.766000 -2.803600 -2.782200 -1.361400 -1.673200 -2.705100 -5.196700 -9.841800 -6.547400 -10.342100 -8.553600 -26.993500 
0.768000 -7.841900 -0.895400 -0.291100 -2.804800 -1.483400 -3.011100 -3.230900 -4.544500 -3.718900 -15.663500 -24.382500 
0.770000 -0.967800 -1.206600 -1.357400 -1.834600 -3.139400 -0.978100 -2.578900 -11.106600 -3.217200 -17.593100 -16.680600 
0.772000 -2.480900 -1.283000 -0.325700 -0.362700 -4.226100 -4.017900 -2.549200 -1.401000 -3.864600 -12.947600 -33.932000 
0.774000 -2.826400 -3.611600 -3.189100 -2.279300 -1.877600 -3.721600 -2.982700 -2.283400 -2.786900 -36.913200 -73.906100 
0.776000 -2.516500 -2.650600 -2.383100 -1.717800 -2.773900 -3.481600 -4.034700 -3.236000 -2.264100 -11.521100 -89.901900 
0.778000 -3.093000 -0.766300 -1.198900 -1.536200 -2.789200 -3.245900 -2.723400 -2.301600 -6.022600 -11.129100 -85.586400 
0.780000 -3.330000 -2.082600 -1.183700 -0.396200 -2.258400 -9.471700 -3.437700 -4.188700 -3.872700 -19.394100 -49.748500 
0.782000 -3.477900 -2.476600 -0.445500 -2.879100 -3.982200 -5.296400 -4.317400 -4.219700 -8.312200 -7.716800 -41.409600 
0.784000 -2.644000 -1.234900 -3.610700 -1.745900 -1.942900 -2.021300 -2.385200 -0.879700 -2.996900 -9.234000 -18.082100 
0.786000 -2.469500 -1.389500 -1.742400 -1.270000 -3.206200 -1.887400 -2.771000 -11.035800 -9.027200 -13.706700 -19.135900 
0.788000 -3.699100 -1.444900 -2.478800 -0.357200 -8.675800 -3.263300 -1.787900 -2.583000 -6.451300 -16.310600 -14.017000 
0.790000 -2.375300 -0.850700 -1.773900 -4.577600 -3.043400 -3.431600 -1.016900 -6.250400 -4.476900 -9.556300 -26.151000 
0.792000 -2.457300 -1.448700 -1.412700 -2.512400 -1.393800 -3.443000 -3.078000 -3.005800 -7.249000 -14.020800 -16.437300 
0.794000 -1.474800 -3.095500 -0.877800 -6.065200 -2.791200 -6.379000 -3.819500 -2.350600 -5.614500 -2.869600 -15.369400 
0.796000 -4.499000 -2.190600 -2.119800 -1.992100 -1.687500 -6.883100 -4.476500 -1.087600 -7.209000 -14.753500 -19.395700 
0.798000 -2.424200 -1.344600 -2.401200 -0.206900 -0.853800 -1.725400 -4.567800 -6.067100 -9.910000 -19.627600 -9.392600 
0.800000 -3.802300 -2.198800 -1.298500 -3.552200 -5.087500 -1.141700 -3.761200 -1.789600 -5.343400 -21.467200 -17.358500 
0.802000 -1.036700 -2.665800 -1.804200 -2.238400 -0.903100 -1.214000 -1.782500 -3.821700 -5.248000 -14.802400 -15.815200 
0.804000 -1.583400 -3.829300 -3.926900 -2.594200 -2.220600 -2.310900 -7.348500 -5.845000 -12.956300 -7.472300 -16.450800 
0.806000 -1.535100 -3.552700 -1.510000 -1.482400 -1.970000 -3.281500 -1.292800 -4.465400 -4.786900 -18.583200 -24.519400 
0.808000 -1.738100 -0.927600 -0.793300 -1.607300 -1.851800 -2.667100 -3.435400 -2.971100 -8.309300 -17.806600 -36.367000 
0.810000 -2.605800 -3.532900 -3.996400 -2.432100 -2.449900 -2.422500 -0.568400 -2.394900 -4.009300 -18.983300 -16.519000 
0.812000 -0.956100 -0.229100 -1.173200 -0.834900 -1.280200 -1.432000 -3.789600 -4.746200 -19.693400 -16.934200 -19.369600 
0.814000 -1.165400 -1.030600 -1.303000 -2.959600 -2.119200 -2.378800 -6.432900 -2.368800 -6.334700 -20.878200 -13.123100 
0.816000 -5.604400 -1.326800 -1.088000 -1.173700 -1.452700 -1.327500 -6.763900 -2.084800 -2.555200 -26.602700 -28.157100 
0.818000 -0.804400 -0.798900 -2.411100 -1.334900 -4.567700 -3.136200 -3.210900 -8.567500 -13.556700 -12.697600 -26.416400 
0.820000 -2.594900 -3.538100 -1.692200 -1.481600 -4.369300 -2.640400 -5.407100 -6.254800 -5.724600 -10.652100 -33.632100 
0.822000 -1.196800 -5.235400 -1.969200 -1.437100 -0.729600 -0.488800 -4.364200 -12.627200 -11.687700 -14.767300 -10.196300 
0.824000 -0.756400 -1.948000 -5.311800 -4.288300 -0.407200 -2.145500 -0.435900 -6.981600 -2.627600 -11.019200 -24.404500 
0.826000 -3.424700 -1.705100 -0.798600 -2.523100 -4.098200 -6.123500 -2.499100 -9.192300 -14.155900 -9.999400 -23.847000 
0.828000 -1.233100 -1.002700 -2.204900 -0.777100 -3.410200 -3.110900 -4.997900 -1.891000 -6.006600 -15.072400 -16.557600 
0.830000 -0.977900 -2.858500 -2.125300 -1.416000 -1.561500 -1.140300 -6.247700 -4.037800 -9.689700 -14.913700 -77.070700 
0.832000 -3.221200 -0.908800 -1.625100 -1.026800 -1.423200 -3.280600 -7.724200 -3.562700 -7.788000 -38.053000 -68.063500 
0.834000 -1.971300 -4.226500 -0.619600 -2.122900 -1.592300 -2.295300 -4.153300 -4.447900 -2.802000 -25.314600 -44.730200 
0.836000 -1.545300 -1.611400 -1.171800 -4.781300 -1.367600 -0.572000 -3.364200 -3.303700 -3.629100 -7.977900 -18.855800 
0.838000 -1.997000 -1.149800 -3.350700 -0.623400 -2.436800 -3.667500 -3.028900 -6.367500 -8.883500 -8.235800 -43.572300 
0.840000 -3.546100 -1.578200 -0.772100 -3.974100 -1.989900 -3.927600 -3.206200 -4.408400 -10.228800 -10.413400 -40.007800 
0.842000 -2.012700 -1.857400 -1.300200 -4.218100 -3.480200 -3.803100 -4.805600 -10.916800 -5.720500 -41.153700 -80.147900 
0.844000 -0.954400 -1.365000 -4.049600 -0.847900 -5.007000 -1.612900 -5.083000 -3.533400 -3.423800 -21.115100 -21.936200 
0.846000 -1.975500 -0.971600 -2.403000 -0.734900 -1.818800 -2.571700 -2.541900 -4.861800 -5.848100 -17.690700 -13.777500 
0.848000 -1.563800 -2.372400 -2.312700 -2.282300 -2.397000 -5.468700 -1.469300 -9.112300 -4.751500 -19.308200 -7.355900 
0.850000 -2.633800 -1.353200 -0.673500 -1.119200 -5.171800 -6.919600 -0.787200 -2.858000 -13.212800 -11.092300 -26.766300 
0.852000 -1.840600 -0.973300 -0.651700 -2.171100 -3.113900 -4.319300 -2.562900 -4.109600 -19.786600 -14.112000 -19.099700 
0.854000 -2.271900 -1.138400 -1.447700 -2.287000 -2.775700 -1.666800 -2.305600 -2.420400 -17.251100 -22.079700 -52.165000 
0.856000 -1.428400 -3.338400 -1.289400 -1.185000 -3.330800 -4.789900 -4.479800 -6.135200 -11.890700 -24.546200 -94.655300 
0.858000 -1.542000 -4.412500 -1.479100 -1.955500 -1.641400 -4.321400 -1.461400 -9.620000 -17.370800 -15.242800 -107.678200 
0.860000 -2.588300 -2.307600 -2.229100 -2.003500 -4.590500 -7.991000 -2.721000 -6.562400 -30.993100 -17.007900 -99.336200 
0.862000 -0.617800 -2.000100 -2.223200 -1.872300 -3.177800 -3.652000 -6.009700 -4.063900 -5.167000 -3.830000 -74.252700 
0.864000 -2.701500 -1.833400 -0.881200 -3.523500 -3.091800 -2.416900 -12.580000 -9.664900 -5.319100 -8.402000 -116.947200 
0.866000 -0.701900 -0.639200 -1.809300 -1.084600 -3.838400 -4.061300 -7.906700 -4.884200 -4.097500 -6.434100 -108.764800 
0.868000 -3.318100 -2.165300 -2.324900 -1.386200 -3.681300 -3.900700 -2.031800 -1.916200 -5.289800 -12.947400 -147.503900 
0.870000 -1.039800 -2.443700 -1.714500 -1.638300 -0.405100 -1.212300 -4.497900 -2.756700 -8.161000 -15.759500 -137.728800 
0.872000 -0.176100 -0.501200 -0.478700 -4.148000 -3.476000 -3.295400 -2.758200 -7.954400 -8.873200 -10.877500 -99.341000 
0.874000 -0.574100 -0.464100 -0.760100 -1.481300 -1.849600 -2.809700 -2.842600 -3.170400 -7.115500 -9.153100 -90.904600 
0.876000 -1.346800 -1.249900 -3.004800 -1.888200 -4.684100 -3.800300 -4.595600 -5.532800 -15.655300 -11.348000 -134.169900 
0.878000 -2.976300 -2.661700 -0.505300 -2.083100 -2.553900 -1.262400 -1.494900 -3.825700 -16.405200 -16.300800 -96.255700 
0.880000 -1.967600 -0.969300 -0.934700 -0.592800 -3.742300 -3.841200 -9.647000 -11.793900 -6.076600 -13.641400 -208.705700 
0.882000 -2.154000 -0.758000 -1.285500 -1.475900 -3.279100 -1.355500 -3.467500 -2.554100 -6.855000 -11.892900 -105.437500 
0.884000 -2.321400 -3.366300 -1.020200 -0.297400 -3.702700 -0.722200 -1.301300 -6.316100 -7.032100 -17.727300 -46.942100 
0.886000 -3.246200 -1.139200 -2.473300 -2.663200 -1.175500 -1.157000 -3.419700 -4.065100 -17.461600 -11.520100 -154.134100 
0.888000 -1.984100 -1.060500 -2.511800 -1.077300 -1.810600 -3.670900 -2.651100 -8.222600 -12.411000 -16.704300 -140.314300 
0.890000 -0.413700 -1.610600 -2.319900 -1.448700 -0.969500 -1.966200 -1.959600 -3.965000 -4.833700 -23.348700 -202.806100 
0.892000 -2.121300 -0.804300 -3.757500 -1.106000 -1.283700 -4.708200 -3.119300 -7.474800 -8.324900 -18.483000 -139.671600 
0.894000 -1.218900 -3.109800 -1.968800 -3.843800 -1.680300 -2.701500 -2.136300 -5.193300 -5.633400 -6.202100 -106.332900 
0.896000 -1.213600 -0.614900 -1.475900 -2.441200 -3.047100 -2.688600 -3.098300 -7.056000 -3.820000 -12.331200 -114.729800 
0.898000 -2.067300 -4.652300 -2.079100 -1.193200 -4.049700 -4.642300 -5.264600 -5.976100 -7.116000 -15.834800 -122.872900 
0.900000 -1.935200 -4.090400 -0.791700 -0.675100 -1.592500 -3.608100 -2.536300 -4.004600 -5.516200 -14.552100 -143.832400 
0.902000 -0.748300 -2.115400 -1.789900 -2.854200 -2.831000 -1.033100 -2.511000 -2.246500 -1.125300 -14.000600 -189.589300 
0.904000 -1.543900 -0.474200 -1.079900 -2.030200 -2.895000 -2.424100 -2.268300 -0.344400 -4.273100 -3.971700 -96.191900 
0.906000 -2.092000 -2.138000 -0.873300 -1.554000 -2.940100 -2.217400 -1.901200 -10.978400 -9.595900 -9.167400 -180.309100 
0.908000 -2.348800 -1.162800 -0.589400 -0.913000 -1.563300 -1.578900 -3.124300 -6.251000 -4.128200 -6.782800 -102.569400 
0.910000 -2.383300 -2.252500 -1.657500 -0.719200 -1.874200 -0.873900 -2.706900 -2.790500 -3.119800 -13.283300 -133.566800 
0.912000 -1.907400 -1.061700 -1.673000 -1.687700 -5.227600 -1.911800 -2.826000 -5.527700 -2.187200 -5.804200 -59.728700 
0.914000 -2.241300 -1.120900 -1.303800 -3.638800 -3.860800 -3.987000 -1.310100 -6.774300 -3.518400 -18.968900 -145.424500 
0.916000 -2.856700 -1.737900 -1.424300 -1.836100 -1.141100 -2.148400 -5.261100 -3.816800 -15.153500 -10.740800 -123.191800 
0.918000 -2.317000 -1.577200 -1.194500 -1.216500 -5.112800 -5.977400 -3.713700 -9.273400 -5.961700 -19.072900 -126.535100 
0.920000 -1.672300 -2.171700 -1.374300 -1.922000 -1.188700 -3.585900 -3.074000 -6.336700 -8.061400 -7.875100 -146.484300 
0.922000 -3.221600 -1.104300 -1.442000 -1.884800 -1.937200 -5.014900 -3.876400 -5.943700 -11.396900 -15.089900 -120.157300 
0.924000 -1.180800 -1.922100 -1.556600 -3.128400 -1.744300 -1.886000 -1.243600 -9.392100 -4.363900 -15.341900 -107.979500 
0.926000 -1.402200 -1.600800 -3.001200 -2.842000 -2.379700 -2.343600 -1.942500 -7.387600 -7.974700 -6.156200 -83.622600 
0.928000 -4.768100 -2.617200 -0.563200 -3.212700 -3.444900 -1.727400 -2.339900 -15.607700 -3.507400 -11.142600 -92.815800 
0.930000 -1.944900 -2.260900 -2.937800 -1.449600 -1.124300 -3.506700 -1.622100 -8.810700 -8.316900 -11.723200 -133.442200 
0.932000 -0.828700 -1.216800 -2.431100 -1.305200 -0.648000 -1.468300 -2.133600 -0.462500 -6.837900 -13.662200 -81.664200 
0.934000 -2.127400 -2.840600 -2.179700 -1.493700 -2.548500 -2.776900 -0.757100 -3.156900 -4.804900 -14.756600 -28.808200 
0.936000 -2.917900 -3.307000 -0.931500 -1.465500 -0.979400 -4.371700 -6.359500 -2.154000 -5.363300 -18.033800 -91.926000 
0.938000 -1.568400 -1.513500 -2.800000 -1.791100 -1.624500 -2.471600 -2.329000 -3.908800 -16.086000 -5.780100 -88.861300 
0.940000 -3.303500 -0.882900 -1.212400 -1.297800 -1.617100 -2.879700 -4.990300 -3.953900 -4.252300 -8.645800 -87.267700 
0.942000 -2.422000 -4.053500 -4.678000 -1.089900 -6.261100 -0.688700 -5.574900 -2.036000 -12.500200 -14.359100 -165.922300 
0.944000 -0.977900 -1.160900 -2.557600 -1.456500 -1.305500 -2.192600 -1.670500 -2.092400 -7.796600 -8.372600 -100.867800 
0.946000 -1.467100 -0.850400 -1.410800 -1.294700 -2.888300 -0.988700 -3.769900 -4.505300 -11.740600 -10.340200 -36.909800 
0.948000 -3.342700 -0.223700 -1.226500 -1.771600 -3.257300 -1.001000 -2.839900 -5.908700 -10.908800 -9.908500 -135.319700 
0.950000 -2.125100 -3.634800 -0.624100 -1.332800 -1.298500 -1.565900 -0.991800 -4.572600 -10.244500 -20.100600 -62.900900 
0.952000 -6.272100 -0.811400 -2.289600 -1.521000 -0.939600 -0.358500 -7.809800 -9.501500 -5.931700 -19.633900 -66.259100 
0.954000 -2.416300 -1.968000 -5.087400 -2.393700 -0.766400 -1.061700 -3.191100 -3.927300 -5.188600 -14.483200 -38.422300 
0.956000 -4.207500 -0.675300 -1.891100 -3.163100 -2.770400 -2.225900 -2.629600 -7.323600 -9.886600 -8.546200 -31.458300 
0.958000 -2.249900 -1.310500 -2.751700 -0.880300 -5.175300 -2.899500 -1.150100 -5.635400 -4.558000 -14.580300 -9.561600 
0.960000 -4.391600 -3.197600 -2.578800 -4.427300 -1.194800 -4.031300 -5.460900 -4.261500 -3.730100 -8.989500 -8.966800 
0.962000 -1.995100 -1.545100 -1.915500 -1.294400 -1.151300 -3.456300 -3.687800 -3.918600 -4.533100 -14.008900 -22.139900 
0.964000 -1.257000 -1.237500 -1.637000 -0.605100 -3.163200 -5.427900 -2.116800 -4.041800 -16.178500 -4.925500 -18.637800 
0.966000 -4.132400 -6.324800 -1.369800 -2.682600 -2.552100 -3.988900 -3.816200 -7.602600 -8.028700 -14.248100 -27.645700 
0.968000 -7.564700 -0.867900 -2.961900 -0.975700 -3.309900 -1.801800 -1.440000 -3.528100 -5.128100 -17.467400 -6.442100 
0.970000 -2.798900 -1.871900 -2.120900 -3.734800 -3.769500 -3.315400 -6.013800 -2.671400 -12.413000 -15.239300 -21.168100 
0.972000 -1.639100 -3.595600 -2.114100 -1.281200 -0.175800 -3.067900 -9.133600 -3.354900 -8.378800 -9.543400 -15.335100 
0.974000 -2.007800 -2.291200 -1.367800 -0.255900 -0.913000 -1.879800 -2.350100 -7.375200 -10.100300 -26.418100 -14.972300 
0.976000 -2.824100 -5.080000 -2.203200 -0.907500 -2.542400 -2.600200 -3.133000 -6.323900 -16.658100 -27.515800 -10.418900 
0.978000 -4.243700 -0.927100 -3.447300 -3.422100 -1.510300 -2.093100 -3.294900 -9.937700 -3.922100 -10.772600 -14.392000 
0.980000 -0.634200 -3.422700 -2.414200 -1.178600 -2.435500 -8.001700 -6.576700 -8.609300 -5.090100 -22.541100 -13.117700 
0.982000 -2.954800 -1.497700 -3.905700 -2.380700 -1.291800 -1.712900 -2.413600 -3.140500 -4.179000 -19.698600 -15.217900 
0.984000 -3.283400 -4.267800 -1.484300 -1.238700 -2.374700 -2.112800 -3.799600 -6.067200 -7.132600 -25.907600 -12.252700 
0.986000 -1.412700 -1.187500 -3.463300 -1.636500 -2.081700 -1.963200 -5.213400 -5.101300 -6.156700 -25.480100 -8.034300 
0.988000 -1.947100 -1.955400 -4.168700 -0.753700 -1.339700 -4.857200 -2.298300 -5.313100 -5.700500 -28.645800 -4.242300 
0.990000 -1.415400 -4.870200 -2.526700 -0.469100 -1.853600 -1.784900 -3.219500 -8.881600 -6.255500 -21.335100 -9.721500 
0.992000 -2.824500 -1.591100 -1.073400 -1.807200 -3.472300 -1.485700 -3.258200 -2.185500 -6.686200 -6.327400 -22.452300 
0.994000 -1.183500 -2.320700 -1.138300 -2.016500 -2.665300 -2.775200 -4.105700 -7.056000 -9.847800 -25.031200 -13.215100 
0.996000 -0.760700 -3.169400 -3.227300 -1.813700 -1.302800 -4.466700 -3.847300 -5.574500 -9.029800 -25.918100 -13.630600 
0.998000 -0.498100 -0.579400 -3.559500 -3.089700 -0.861800 -1.406100 -3.973000 -9.952200 -18.450900 -21.007500 -20.620600 
