# gradients (DV/DL) for lambdas: 0.0 0.1 0.2 0.3 0.4 0.5 0.6 0.7 0.8 0.9 1.0
0.000000 -1.254200 -4.119700 -2.051800 -1.211700 -3.456100 -6.259500 -9.037900 -10.607900 -8.531000 -12.698200 -206.759800 
0.002000 -0.860600 -1.702600 -2.928300 -2.362000 -2.322400 -3.599800 -9.850900 -4.956900 -8.975300 -9.341400 -236.703800 
0.004000 -1.776700 -4.369500 -1.351300 -1.941500 -2.656100 -7.214000 -7.596600 -16.738900 -10.453400 -7.787900 -241.019800 
0.006000 -1.294900 -3.489400 -3.263600 -1.161400 -4.340300 -10.485300 -2.204700 -2.792300 -7.244400 -11.087900 -144.420500 
0.008000 -1.784100 -2.701000 -1.621400 -2.588700 -2.878900 -7.044300 -5.735900 -8.184100 -10.053900 -12.359200 -265.687200 
0.010000 -2.175000 -1.267500 -3.957600 -1.853700 -3.666500 -10.866500 -3.881600 -11.201000 -5.684400 -5.617400 -239.150700 
0.012000 -1.991500 -2.331400 -3.880700 -1.261100 -3.134000 -3.374500 -1.622600 -9.212300 -5.861200 -26.838600 -182.589500 
0.014000 -3.707700 -3.976700 -2.504400 -1.640700 -3.856800 -4.666800 -2.614700 -6.015800 -6.235900 -16.019500 -151.156900 
0.016000 -2.217300 -4.882400 -1.237500 -1.492200 -4.318100 -6.812700 -2.894500 -12.427600 -7.374900 -11.723700 -325.958200 
0.018000 -4.072600 -2.039000 -5.945300 -0.646900 -5.565900 -7.237700 -4.166300 -9.462400 -11.907400 -10.023100 -250.984900 
0.020000 -4.225000 -2.039300 -2.175100 -1.108500 -3.983500 -3.576500 -4.125000 -10.317100 -4.389600 -8.197500 -167.212100 
0.022000 -1.951100 -1.145200 -2.018200 -1.945100 -6.258400 -5.863700 -7.660500 -9.275600 -8.706500 -5.686200 -147.662400 
0.024000 -0.443400 -2.152700 -0.722100 -0.856700 -2.786100 -11.165500 -7.110400 -6.884100 -7.069400 -10.580900 -225.543800 
0.026000 -0.588200 -1.978200 -1.445400 -2.831400 -4.639600 -11.739400 -7.235400 -8.078300 -5.073100 -12.546400 -117.673000 
0.028000 -1.604500 -0.465400 -2.567200 -1.419100 -2.142800 -6.118000 -13.244900 -3.753200 -8.040800 -13.245700 -133.364700 
0.030000 -4.107400 -2.999100 -1.695700 -1.600100 -4.469900 -4.601700 -4.271200 -11.773300 -6.196900 -13.232500 -147.928800 
0.032000 -2.725900 -3.825700 -1.611000 -0.658400 -3.622400 -3.432200 -8.135900 -12.239500 -7.098100 -8.676300 -240.629100 
0.034000 -6.140200 -2.516400 -7.256600 -1.706100 -4.211000 -4.393700 -9.647500 -3.952600 -16.582700 -15.493200 -169.058800 
0.036000 -0.435200 -4.590700 -4.247700 -1.398600 -6.372400 -3.634300 -3.245300 -2.139700 -12.702800 -13.724900 -117.123100 
0.038000 -4.227500 -5.304500 -3.781500 -1.220200 -3.510800 -6.358600 -4.496500 -4.814200 -9.873200 -24.303700 -228.270900 
0.040000 -1.815000 -1.177200 -2.615300 -1.282200 -4.435400 -2.716000 -9.604800 -11.324500 -11.078000 -13.157100 -180.141100 
0.042000 -1.853500 -6.160500 -3.737700 -3.203300 -3.123900 -9.397900 -5.189500 -8.902800 -6.845400 -21.799700 -213.141900 
0.044000 -2.239200 -4.042300 -3.978100 -1.087500 -3.780900 -2.918800 -8.707100 -7.427800 -5.706900 -14.948900 -213.173700 
0.046000 -0.552700 -2.717900 -2.966200 -1.097600 -3.108700 -4.382900 -4.563600 -9.010900 -11.399500 -5.089800 -211.217500 
0.048000 -1.193600 -2.695600 -1.777600 -2.951800 -2.695200 -4.019900 -12.838300 -8.154100 -6.191500 -5.280700 -168.715700 
0.050000 -0.714100 -3.672900 -2.268800 -2.194800 -5.340400 -3.682200 -6.738900 -5.737200 -4.836700 -4.646000 -149.264100 
0.052000 -3.127400 -3.262200 -4.828400 -1.118900 -9.611000 -4.235200 -2.350300 -6.273800 -5.181500 -9.829600 -174.210200 
0.054000 -1.335500 -2.175900 -3.631200 -2.379500 -5.619400 -1.886000 -9.697500 -5.032800 -3.964700 -13.035200 -209.874500 
0.056000 -3.009000 -5.798000 -4.331300 -2.192400 -4.145600 -1.999700 -3.327400 -3.835800 -4.805400 -10.108300 -186.701700 
0.058000 -2.212100 -0.526300 -2.730000 -1.331300 -3.208000 -5.793900 -7.526800 -6.590300 -8.300300 -10.527300 -240.463400 
0.060000 -0.979100 -2.209900 -2.867400 -1.770100 -3.332400 -8.758400 -3.236900 -8.640200 -7.955700 -4.556400 -187.746200 
0.062000 -2.052900 -2.928200 -1.916800 -1.042100 -1.807100 -6.250400 -3.685000 -11.306100 -7.231000 -4.778200 -218.632600 
0.064000 -4.668100 -1.801800 -2.367100 -1.142100 -3.236300 -10.326000 -1.990100 -6.131400 -5.821400 -12.277700 -158.516700 
0.066000 -4.844300 -3.420300 -2.418400 -0.817100 -2.332500 -6.657300 -5.700000 -6.410100 -9.172700 -19.493800 -184.745200 
0.068000 -3.669700 -2.872700 -5.283300 -2.882700 -3.321500 -4.969400 -4.700000 -5.691200 -12.480400 -16.699800 -169.687300 
0.070000 -1.892300 -1.566400 -1.647400 -2.518000 -0.794400 -2.952900 -4.642800 -4.608000 -6.412500 -28.185900 -275.746200 
0.072000 -6.320900 -2.912000 -5.768800 -1.218000 -4.230100 -1.157100 -4.305000 -7.642100 -9.665300 -10.599400 -225.422100 
0.074000 -1.535700 -1.038200 -4.676000 -1.120500 -1.279000 -5.281100 -1.223500 -11.018400 -12.707300 -10.361400 -196.367500 
0.076000 -4.432700 -3.189400 -4.588400 -0.264600 -5.927900 -1.526500 -4.798600 -10.598200 -14.915500 -12.959000 -182.613100 
0.078000 -3.385500 -1.992000 -3.868200 -0.635200 -1.120000 -0.421700 -4.315500 -5.624900 -11.777800 -10.963200 -198.683400 
0.080000 -1.278000 -2.037500 -4.912900 -0.577900 -1.338100 -4.138500 -5.349100 -14.596000 -17.758300 -19.753600 -249.265600 
0.082000 -2.578200 -2.084800 -3.655300 -1.081800 -2.265300 -2.504800 -8.075900 -7.364300 -10.917900 -9.600200 -157.699800 
0.084000 -2.673500 -2.037500 -4.994600 -1.276900 -3.781200 -4.587300 -2.797100 -14.030100 -14.425400 -13.802000 -232.615900 
0.086000 -3.549300 -1.387900 -1.299500 -0.975800 -4.814800 -3.181700 -3.753200 -16.069700 -18.323700 -9.595100 -276.676800 
0.088000 -0.685700 -2.827300 -6.397600 -2.469100 -1.421900 -1.590100 -5.942200 -8.102400 -14.031000 -12.148500 -197.268200 
0.090000 -1.580600 -3.735300 -3.201400 -0.449700 -1.468300 -1.438500 -1.416500 -15.677800 -11.144300 -11.596200 -227.648500 
0.092000 -1.794900 -3.070600 -3.980400 -1.355600 -3.280200 -4.178800 -3.410200 -5.717000 -16.093200 -15.297300 -362.124300 
0.094000 -1.306300 -2.579700 -3.584400 -1.582000 -1.536500 -1.722300 -2.482400 -10.727800 -7.354500 -16.699000 -218.039600 
0.096000 -0.817400 -0.565400 -6.223000 -1.658200 -2.516900 -3.136500 -1.418600 -5.846000 -11.310600 -29.059400 -270.153600 
0.098000 -1.249700 -3.056800 -4.082000 -1.604700 -2.381200 -7.673600 -11.105400 -8.594800 -12.478100 -9.656700 -246.603200 
0.100000 -1.934600 -0.678000 -1.374000 -3.828200 -3.673300 -2.412400 -7.432900 -13.699100 -10.802000 -10.515900 -301.220500 
0.102000 -1.241400 -1.112800 -2.045800 -2.673000 -4.043000 -2.784400 -9.168100 -7.581500 -12.143800 -14.734300 -277.832400 
0.104000 -2.068100 -1.706800 -3.359500 -0.787400 -4.532100 -2.362800 -5.133700 -7.675200 -7.393900 -18.088500 -225.002800 
0.106000 -3.079200 -0.534500 -1.123800 -2.327800 -3.296500 -2.069900 -9.929200 -12.556100 -17.687300 -12.296900 -225.439600 
0.108000 -1.585400 -2.709400 -3.303100 -4.508400 -3.560200 -1.245600 -4.915900 -17.114800 -6.178100 -18.273400 -239.626200 
0.110000 -1.473900 -2.417000 -1.800200 -1.460900 -2.015300 -1.881600 -2.825700 -1.109600 -10.086100 -14.783100 -194.045700 
0.112000 -1.598400 -3.267500 -2.433400 -1.530400 -7.269400 -5.191000 -5.119100 -7.746900 -11.067200 -19.693700 -164.237000 
0.114000 -2.406700 -3.568900 -2.472000 -2.477600 -8.720000 -2.945900 -10.721400 -3.377500 -12.408000 -23.581300 -299.602400 
0.116000 -2.115100 -0.769100 -1.835900 -2.411700 -4.625500 -6.196600 -2.669200 -6.461800 -10.885700 -11.469000 -313.362400 
0.118000 -1.419700 -1.100500 -6.495600 -2.323400 -7.180400 -1.644200 -2.635500 -8.238900 -17.309300 -13.907700 -164.348900 
0.120000 -2.598800 -1.905000 -1.377700 -2.092500 -5.076100 -1.628800 -7.214600 -11.359200 -11.923100 -17.586800 -307.072500 
0.122000 -2.902500 -3.677100 -2.335900 -2.004100 -7.679400 -2.776900 -4.557900 -6.235300 -6.567700 -13.562600 -203.810500 
0.124000 -0.589400 -1.800000 -2.787100 -1.719300 -5.770600 -1.440600 -9.058500 -12.358400 -16.102000 -6.502700 -318.113400 
0.126000 -2.224000 -3.291700 -5.689200 -5.058200 -7.507500 -5.280600 -5.056300 -5.374900 -9.627300 -17.419700 -234.668700 
0.128000 -2.864100 -1.327100 -4.100900 -0.779900 -7.783900 -9.269800 -1.873900 -18.500500 -5.290500 -10.757100 -226.713200 
0.130000 -1.739300 -3.827700 -3.082300 -4.528500 -8.491900 -2.667500 -1.970400 -14.776500 -13.275200 -16.173100 -195.175700 
0.132000 -4.201000 -0.811200 -1.577000 -1.595800 -6.154800 -2.441700 -2.549800 -9.309200 -6.952800 -17.213700 -151.812000 
0.134000 -3.316800 -2.435000 -1.924300 -2.481900 -3.049900 -6.984200 -6.083800 -10.813200 -6.685700 -4.242800 -211.170200 
0.136000 -3.520500 -5.553400 -3.646900 -1.022400 -0.964800 -3.408700 -1.239300 -8.098800 -10.221500 -13.264800 -327.056600 
0.138000 -3.908200 -3.506400 -0.875600 -2.872500 -0.907900 -3.716600 -6.553300 -9.105400 -3.626300 -13.969400 -234.094500 
0.140000 -2.334700 -3.054800 -1.317200 -0.754400 -4.826400 -5.142900 -5.550600 -11.233800 -5.934700 -20.704300 -211.010900 
0.142000 -0.663700 -2.990200 -1.289400 -0.781400 -5.086200 -5.779800 -4.956800 -7.863200 -8.573300 -20.915800 -150.002600 
0.144000 -1.709000 -3.035500 -2.658500 -1.148100 -1.606300 -5.938500 -3.391200 -11.184700 -5.060900 -10.515600 -215.226300 
0.146000 -1.465700 -3.200300 -2.732300 -1.694900 -2.067700 -5.418100 -3.652700 -8.421200 -3.377400 -13.922700 -181.041800 
0.148000 -0.956100 -5.927100 -1.115800 -1.308500 -3.270800 -4.122200 -6.838800 -6.023900 -10.016700 -13.635300 -219.300400 
0.150000 -1.433600 -4.364600 -3.204500 -0.742600 -2.400000 -3.829500 -6.406400 -13.546700 -10.644800 -10.612200 -210.531400 
0.152000 -2.620500 -5.264000 -4.695500 -1.108100 -3.219600 -2.395000 -5.829400 -10.451400 -6.024400 -12.649600 -193.668800 
0.154000 -2.640100 -5.535500 -2.420000 -1.319600 -4.038600 -6.736800 -3.358000 -15.600900 -12.908600 -28.034400 -168.008800 
0.156000 -0.727600 -5.055600 -2.805300 -3.347600 -2.422700 -3.166000 -5.389900 -7.480100 -6.135100 -12.773500 -105.751800 
0.158000 -2.045000 -2.983900 -3.355800 -1.094000 -3.714000 -2.484100 -5.439100 -9.224200 -6.574700 -11.592600 -149.073000 
0.160000 -2.043600 -3.799900 -3.370800 -4.508200 -2.562800 -3.580300 -5.948900 -8.687200 -10.392900 -9.547100 -188.484200 
0.162000 -1.674600 -2.733300 -5.679100 -0.995300 -1.440500 -3.060400 -5.589000 -4.560400 -11.502100 -7.780600 -135.826800 
0.164000 -3.550000 -2.099100 -5.239600 -4.323600 -2.178300 -2.632800 -7.933300 -9.451600 -11.676300 -17.148500 -321.157400 
0.166000 -2.082300 -3.702800 -4.124500 -0.759400 -5.488900 -4.572900 -7.649900 -6.173000 -18.767500 -13.773100 -194.363200 
0.168000 -1.882800 -3.523700 -1.894500 -3.675000 -3.517300 -4.080800 -6.730200 -10.876900 -22.923000 -17.461700 -194.594700 
0.170000 -5.615800 -4.093400 -1.350600 -4.619400 -3.367100 -0.985600 -17.142600 -8.771900 -7.987200 -18.844300 -151.179900 
0.172000 -2.952700 -2.648000 -2.325100 -0.839400 -5.466700 -2.025300 -8.030500 -6.167400 -25.735400 -15.622100 -164.535800 
0.174000 -0.359700 -2.517100 -4.820500 -1.206700 -5.431300 -1.775000 -3.280000 -4.867000 -10.038100 -13.688600 -178.001900 
0.176000 -1.422000 -2.448300 -4.023900 -4.223800 -1.644800 -2.630700 -8.925000 -14.520100 -5.654900 -12.537500 -169.310400 
0.178000 -0.880800 -2.215300 -4.208900 -2.484500 -5.604100 -0.221800 -5.033700 -7.082500 -16.221100 -19.218000 -212.906500 
0.180000 -1.825800 -2.264000 -4.472900 -2.118200 -10.233500 -0.605300 -2.189000 -5.605300 -6.414300 -11.213500 -174.230600 
0.182000 -0.730400 -1.260400 -2.869800 -1.425400 -4.642600 -1.657400 -6.250500 -5.525100 -4.150400 -7.661600 -194.187200 
0.184000 -3.547800 -2.550700 -2.332000 -0.950200 -4.827200 -1.331600 -6.308800 -10.996100 -8.459500 -11.178600 -175.832100 
0.186000 -1.629700 -1.840300 -4.552600 -0.800900 -4.291800 -1.540500 -7.607000 -8.130700 -9.724800 -3.623000 -291.653900 
0.188000 -1.297100 -5.466100 -1.951600 -2.662900 -5.936400 -2.888600 -4.201400 -6.157300 -21.238600 -17.972300 -252.070400 
0.190000 -2.798400 -0.890200 -2.758100 -0.968400 -4.670200 -5.352700 -12.705000 -7.096600 -14.670000 -25.587800 -230.627200 
0.192000 -4.426500 -4.474500 -0.952100 -6.051600 -3.135900 -2.181100 -6.369800 -5.236600 -21.048100 -15.676800 -278.634300 
0.194000 -1.289400 -3.413600 -0.991100 -4.590400 -4.728000 -1.397500 -5.288100 -12.142000 -28.028100 -12.609400 -247.580200 
0.196000 -3.053300 -1.494400 -4.877100 -2.082000 -3.066700 -1.762700 -1.930900 -3.349800 -13.077600 -10.010700 -225.142500 
0.198000 -1.465300 -4.160500 -4.484500 -1.408900 -2.567400 -2.307900 -6.916000 -3.424700 -9.148100 -24.651300 -193.797200 
0.200000 -2.608700 -1.503100 -3.471600 -2.246000 -3.597500 -1.701300 -5.181300 -5.031700 -26.287500 -13.676900 -243.650200 
0.202000 -0.907700 -1.533600 -4.647500 -1.982700 -10.323400 -5.403800 -2.750200 -13.724000 -6.500000 -16.842800 -229.970200 
0.204000 -2.143700 -5.267400 -2.001100 -4.717400 -2.553800 -2.161600 -3.485700 -11.768800 -17.247400 -14.022500 -275.607300 
0.206000 -1.381300 -4.061600 -4.710400 -2.703500 -2.730000 -2.651100 -8.905600 -5.795500 -7.716100 -11.627600 -223.820800 
0.208000 -1.534000 -5.435200 -3.672800 -2.697100 -5.366000 -1.402000 -7.855500 -7.383300 -13.433900 -10.019600 -170.852300 
0.210000 -2.154100 -2.177200 -1.851400 -3.901000 -7.316500 -2.382700 -5.511800 -9.855400 -11.137900 -16.507600 -217.864500 
0.212000 -0.499800 -2.667500 -2.483900 -1.585700 -6.052900 -5.618000 -4.343700 -9.544700 -5.025000 -13.299200 -289.211300 
0.214000 -3.802400 -1.838400 -2.024200 -3.862000 -7.680500 -5.257500 -6.855400 -15.506400 -5.565200 -8.416500 -207.319100 
0.216000 -0.959700 -2.644900 -5.510700 -2.832700 -5.915700 -4.795200 -2.803300 -6.984400 -12.108400 -15.182100 -213.825200 
0.218000 -4.230000 -5.553800 -2.785000 -1.159900 -1.255300 -3.548300 -3.967800 -12.495800 -13.472100 -18.789500 -254.043200 
0.220000 -1.881400 -2.159600 -2.643500 -2.157100 -2.503100 -1.941900 -7.061400 -15.563700 -11.347500 -13.722600 -194.914300 
0.222000 -2.569500 -1.969000 -2.613600 -7.083300 -3.007700 -2.047100 -2.141600 -5.411700 -5.628000 -8.041800 -236.566600 
0.224000 -2.696700 -1.577400 -1.543500 -4.660400 -2.929200 -4.652100 -15.802100 -7.347600 -12.722600 -11.755000 -280.693000 
0.226000 -2.826000 -2.029800 -2.740600 -3.180600 -3.187000 -2.879900 -4.769200 -6.788500 -12.421700 -20.138900 -237.191200 
0.228000 -2.309100 -2.429000 -2.652700 -2.817900 -1.358700 -5.192300 -2.545300 -3.050700 -14.231400 -6.640300 -202.168200 
0.230000 -3.519400 -3.598600 -1.820400 -1.763700 -6.566600 -5.479700 -6.674900 -8.397500 -5.710900 -21.523000 -166.023800 
0.232000 -3.223300 -1.651300 -1.552900 -0.490900 -4.601300 -8.577700 -4.760600 -6.689600 -12.468600 -14.075500 -346.617600 
0.234000 -1.787800 -2.525000 -2.153800 -6.072600 -2.230300 -5.898500 -4.901900 -3.088200 -8.191300 -8.958200 -315.401500 
0.236000 -4.481100 -3.386200 -2.892100 -1.994500 -3.633000 -5.404300 -3.718300 -4.151300 -16.660600 -7.701100 -191.516600 
0.238000 -1.731000 -4.729800 -1.659300 -1.746700 -3.127000 -2.318500 -0.965300 -4.941100 -14.804800 -9.555400 -231.051000 
0.240000 -4.958100 -1.989900 -2.020400 -1.284700 -1.314900 -5.776100 -1.573700 -6.203800 -11.331600 -13.056000 -207.662800 
0.242000 -2.139900 -7.878500 -3.268000 -1.126700 -1.871600 -2.877400 -3.402500 -4.263900 -11.561900 -21.913900 -300.364100 
0.244000 -3.608700 -4.364100 -2.893600 -1.310000 -3.580300 -5.324300 -6.949100 -5.041500 -13.769500 -6.473900 -304.624500 
0.246000 -2.206800 -3.159100 -2.706600 -0.672700 -0.939200 -8.495900 -5.920900 -6.895800 -8.718400 -10.786700 -290.621500 
0.248000 -1.454300 -2.132100 -3.634700 -1.202200 -4.694900 -3.667300 -3.205400 -13.466400 -11.252100 -9.020500 -326.914000 
0.250000 -4.760600 -4.844100 -1.445300 -2.254200 -1.139300 -4.237900 -7.251000 -7.511200 -11.372600 -18.884700 -284.636800 
0.252000 -5.200300 -2.832800 -3.688700 -0.690700 -2.198100 -6.851900 -5.415500 -3.387800 -12.335000 -13.405400 -210.208700 
0.254000 -2.415200 -4.031400 -2.132800 -0.756500 -1.516400 -11.670300 -2.774000 -9.814400 -11.675500 -11.768800 -333.820300 
0.256000 -1.397200 -3.516200 -3.410500 -1.281600 -2.238600 -3.955000 -6.471200 -5.826600 -13.831500 -11.943700 -354.739900 
0.258000 -2.631500 -3.781200 -3.108000 -1.957600 -2.860200 -5.172600 -3.880100 -9.384700 -19.961300 -12.324700 -138.843100 
0.260000 -1.976200 -0.705100 -3.736600 -0.966900 -9.399000 -1.888300 -4.533900 -7.373300 -11.029200 -18.833500 -347.205600 
0.262000 -3.701600 -1.258100 -1.010100 -0.414900 -3.973900 -1.329400 -6.819600 -7.231100 -14.827800 -5.922500 -268.210700 
0.264000 -2.954300 -2.372100 -3.946500 -1.504100 -1.037600 -1.534800 -3.815000 -2.241200 -13.058200 -27.430700 -166.624800 
0.266000 -1.344600 -1.111300 -2.196600 -2.701200 -5.974600 -1.389700 -6.115300 -6.853500 -17.259400 -16.653000 -169.482200 
0.268000 -5.138100 -4.449300 -4.025000 -2.623600 -2.607700 -1.607100 -10.303600 -2.708200 -15.987500 -15.656500 -134.767400 
0.270000 -3.147900 -2.537300 -1.440000 -1.485300 -1.571300 -2.136600 -11.717800 -8.189600 -13.146400 -19.672100 -209.794000 
0.272000 -3.206800 -2.514400 -1.282400 -6.623800 -1.302700 -2.012400 -8.768100 -10.325900 -17.752900 -30.099500 -317.651800 
0.274000 -3.479100 -2.604500 -3.095100 -2.043600 -5.697000 -2.449200 -4.500100 -6.205700 -19.040500 -18.676000 -347.748200 
0.276000 -1.394800 -3.413000 -4.477100 -7.458800 -1.661600 -1.236600 -2.757200 -9.390300 -11.761400 -18.089900 -383.520400 
0.278000 -2.837800 -1.842200 -2.905200 -2.817400 -3.674400 -2.837500 -4.872400 -8.299700 -13.999200 -22.723800 -273.525000 
0.280000 -2.442400 -3.486300 -3.537900 -1.567900 -3.018900 -0.770900 -4.064000 -6.299700 -12.673600 -12.223100 -225.747400 
0.282000 -1.821700 -2.969500 -1.689300 -0.633600 -2.120400 -1.419800 -3.639100 -9.941900 -18.921400 -6.085200 -294.897800 
0.284000 -3.902100 -3.027600 -7.132800 -1.292100 -2.936300 -2.299200 -5.597600 -6.703700 -15.432000 -12.868600 -261.884100 
0.286000 -3.830000 -5.374500 -4.388500 -1.145300 -1.558800 -5.084400 -2.348800 -6.116300 -12.316500 -20.524600 -232.873000 
0.288000 -1.526800 -1.433900 -2.235400 -1.379300 -0.988000 -1.721100 -3.263100 -3.632300 -18.530700 -13.545400 -272.054600 
0.290000 -1.373200 -5.114900 -2.506700 -1.090100 -3.691500 -3.021000 -3.624600 -6.037800 -8.992800 -17.863800 -184.343400 
0.292000 -3.336100 -4.694200 -2.407700 -1.622700 -2.404100 -2.782600 -5.175100 -7.903700 -10.588800 -27.462000 -168.002400 
0.294000 -1.827300 -3.806200 -4.011500 -2.850800 -3.229700 -0.418100 -4.515400 -6.629800 -11.501900 -15.560300 -235.330600 
0.296000 -4.355300 -3.693100 -3.785000 -1.032100 -2.526000 -3.600200 -7.290600 -8.289200 -13.760800 -15.975800 -182.503600 
0.298000 -1.740900 -2.971300 -1.890800 -0.451500 -5.183000 -7.612000 -7.886400 -11.213100 -9.835500 -17.601300 -190.458800 
0.300000 -2.835900 -8.449800 -6.225500 -2.226400 -1.809400 -3.023500 -2.528900 -10.015400 -11.449600 -18.362300 -227.518000 
0.302000 -3.278100 -3.661900 -3.171700 -1.049600 -1.149800 -2.233200 -3.925000 -11.895600 -17.704500 -16.045500 -235.965200 
0.304000 -4.175400 -2.088400 -2.983300 -2.059400 -3.483800 -1.776200 -6.383000 -9.181700 -16.305500 -12.719300 -304.108700 
0.306000 -1.307300 -4.296600 -2.110200 -0.280100 -2.658900 -0.773100 -7.933500 -10.232900 -11.135500 -17.732800 -272.245500 
0.308000 -4.501100 -3.008800 -3.876100 -2.055100 -3.815300 -2.963500 -8.738100 -9.596400 -10.434600 -12.582700 -157.064000 
0.310000 -3.163200 -2.249400 -2.433800 -0.648400 -8.032800 -2.623100 -5.859600 -13.928400 -11.306600 -13.274200 -197.397600 
0.312000 -2.151000 -3.526600 -3.791000 -0.309800 -4.124600 -2.333000 -9.900000 -10.441600 -9.234000 -22.921800 -206.039600 
0.314000 -1.508900 -5.708500 -1.343000 -3.072400 -2.053000 -4.500800 -6.343400 -6.140200 -8.450200 -19.152000 -251.411100 
0.316000 -1.024500 -1.104800 -5.485500 -0.773200 -4.630300 -1.191000 -6.012600 -10.676800 -8.312500 -21.603900 -276.608700 
0.318000 -2.501300 -3.231200 -4.908800 -3.410100 -3.111500 -3.214800 -5.005800 -8.949200 -16.205100 -15.660300 -233.751200 
0.320000 -2.188600 -4.837400 -4.163500 -1.153900 -2.806800 -5.911500 -4.386600 -19.390000 -16.102200 -12.616800 -205.627000 
0.322000 -2.987900 -1.842200 -2.536200 -1.424500 -4.543000 -1.904200 -3.822200 -4.856400 -20.650200 -29.114400 -151.365400 
0.324000 -0.517700 -4.382100 -3.704600 -1.172700 -0.733400 -3.596000 -4.349400 -4.993200 -8.068600 -9.345200 -206.652100 
0.326000 -3.334900 -4.215200 -1.612800 -3.055100 -2.352500 -2.314300 -3.114800 -12.865900 -20.542600 -26.197000 -129.049500 
0.328000 -1.187000 -3.788100 -2.697200 -1.230600 -4.885800 -3.623700 -7.543700 -2.480200 -16.299900 -16.198000 -222.557800 
0.330000 -1.311500 -3.121900 -2.123700 -0.542700 -3.340300 -3.345300 -4.744400 -8.857800 -7.419800 -14.104700 -154.371800 
0.332000 -1.812700 -4.106500 -4.278800 -2.089000 -4.792100 -3.204400 -12.912300 -9.456200 -10.847700 -10.799900 -195.901600 
0.334000 -1.032100 -2.320500 -1.607600 -2.339100 -5.508500 -3.323100 -13.898100 -14.246600 -20.364800 -9.346200 -200.187100 
0.336000 -1.214000 -2.310600 -4.201300 -1.069000 -3.093100 -2.475600 -6.538400 -6.330300 -9.490700 -15.542800 -240.809500 
0.338000 -5.638900 -3.691900 -5.442700 -0.177200 -5.343500 -2.699200 -5.492800 -7.584800 -8.376000 -16.075700 -129.905200 
0.340000 -1.136500 -3.840800 -2.515400 -0.662700 -4.400200 -4.937200 -3.427200 -14.754300 -17.197100 -19.690000 -128.257900 
0.342000 -3.233000 -4.698100 -1.679200 -2.964700 -7.191100 -3.945600 -3.629900 -13.431300 -9.681300 -22.090600 -228.192900 
0.344000 -2.079400 -3.215500 -2.192800 -1.119100 -4.647100 -5.250100 -3.728300 -12.369400 -9.374600 -13.618500 -195.169100 
0.346000 -3.506000 -4.189400 -3.712900 -0.818400 -2.477700 -2.899000 -6.094300 -13.876800 -14.496900 -34.036500 -199.345500 
0.348000 -1.680400 -2.277000 -3.545100 -0.180500 -3.079100 -4.473400 -4.021100 -14.852600 -10.330100 -18.265100 -219.820600 
0.350000 -1.831200 -4.786400 -3.934400 -2.597500 -4.261000 -2.544400 -6.999500 -14.206100 -8.929300 -11.853300 -253.054100 
0.352000 -0.485900 -5.474100 -4.310000 -1.683800 -2.829000 -3.725600 -3.367700 -14.598000 -16.851900 -21.814500 -192.664100 
0.354000 -2.482300 -3.491600 -4.772100 -0.683900 -0.848200 -0.989400 -3.866600 -9.819300 -5.751800 -14.867600 -208.600800 
0.356000 -3.054100 -3.247200 -4.677300 -1.756900 -1.686100 -1.207900 -2.636500 -14.266900 -8.883700 -14.520400 -261.070400 
0.358000 -2.933600 -2.761000 -2.928900 -0.829200 -3.426700 -2.588600 -2.490200 -8.946700 -9.155800 -20.306300 -284.328200 
0.360000 -1.931200 -2.720400 -8.773600 -0.703400 -6.804200 -5.348500 -3.356200 -14.486300 -16.443900 -13.197300 -188.152300 
0.362000 -4.267100 -3.684200 -3.420700 -1.278900 -3.275200 -2.634000 -5.238200 -9.055500 -12.246800 -20.926300 -265.691300 
0.364000 -2.435900 -2.772200 -5.377800 -1.226800 -3.485700 -3.380500 -5.589900 -7.398700 -6.916800 -19.794900 -221.550900 
0.366000 -2.603300 -3.031800 -3.002400 -1.128500 -2.195100 -5.515100 -5.193700 -6.436000 -9.065900 -8.728500 -239.909900 
0.368000 -1.161600 -2.323800 -8.455700 -2.659300 -5.736800 -10.257400 -5.090000 -11.696900 -2.555500 -19.455200 -197.418000 
0.370000 -1.062800 -1.460500 -3.455600 -1.580500 -3.327700 -4.543900 -6.059800 -10.302800 -9.027500 -16.165400 -303.519700 
0.372000 -2.983100 -1.087900 -4.073900 -1.423000 -2.534900 -4.524200 -8.220100 -10.787100 -7.300100 -27.082300 -232.645400 
0.374000 -2.701100 -3.346600 -3.220700 -2.534900 -3.286800 -5.356200 -5.962700 -9.984500 -16.508900 -10.776500 -144.103900 
0.376000 -3.458300 -2.832100 -3.321900 -1.500600 -2.625700 -0.968000 -5.653100 -9.490200 -24.919800 -6.569200 -232.789900 
0.378000 -2.710900 -2.264400 -3.307800 -0.602000 -2.388200 -4.257800 -8.456100 -15.774500 -18.893300 -11.038500 -176.874900 
0.380000 -4.626600 -4.008600 -7.030300 -1.089800 -1.387500 -4.872300 -2.075900 -7.621300 -8.803600 -13.947700 -234.634000 
0.382000 -2.678000 -1.746400 -4.604100 -0.965600 -3.806800 -2.031600 -8.604900 -12.676900 -7.684100 -14.101600 -198.235400 
0.384000 -1.070400 -5.254200 -4.101700 -0.786600 -3.738600 -3.265000 -6.411900 -14.490000 -16.104600 -19.716900 -224.223900 
0.386000 -3.229900 -5.497400 -5.282400 -3.359500 -4.236000 -1.694300 -4.398300 -12.272300 -4.159300 -15.738900 -196.191100 
0.388000 -1.976600 -3.549800 -3.014700 -0.688800 -1.440000 -7.381300 -6.514600 -11.131500 -4.464200 -15.140900 -268.816700 
0.390000 -3.590600 -1.581200 -3.791200 -1.479700 -2.450200 -4.103900 -6.420100 -2.116500 -19.694700 -17.032900 -259.631900 
0.392000 -2.391500 -3.090300 -1.620100 -0.384400 -7.086000 -1.612500 -8.542100 -9.932000 -5.649700 -18.885400 -186.115700 
0.394000 -1.899600 -2.660500 -3.258800 -0.567300 -3.645100 -2.835800 -4.501400 -5.812100 -9.111200 -25.156700 -234.118400 
0.396000 -2.387300 -1.765600 -3.148100 -1.940200 -3.848400 -7.766700 -9.421800 -7.400700 -4.351500 -14.845300 -192.252200 
0.398000 -2.919100 -2.555800 -3.594100 -0.160900 -3.232000 -5.751400 -10.451800 -10.617900 -1.847000 -24.263900 -279.326100 
0.400000 -2.232900 -5.761600 -7.441200 -2.171200 -3.117800 -6.752000 -5.626700 -3.923700 -16.507500 -10.297100 -265.436100 
0.402000 -1.586400 -1.549400 -2.206900 -0.654400 -5.663200 -6.969200 -4.409100 -1.860300 -13.140000 -41.587900 -360.768800 
0.404000 -1.171500 -1.799200 -2.094800 -1.996500 -5.643100 -4.364700 -6.882800 -7.082200 -14.782100 -23.655900 -265.279300 
0.406000 -3.035700 -4.041400 -0.710100 -0.545200 -2.082000 -4.224400 -7.306900 -8.461700 -9.650300 -18.369700 -221.104300 
0.408000 -3.329100 -4.224300 -0.732400 -4.906600 -2.919300 -5.169900 -5.577900 -6.958500 -6.379500 -17.034200 -274.577600 
0.410000 -3.351900 -1.512000 -1.786900 -0.746600 -3.669800 -2.222000 -4.475500 -3.464900 -11.201200 -21.178900 -252.538000 
0.412000 -3.451200 -3.239100 -4.680600 -1.414100 -4.928300 -9.986700 -9.238200 -3.955700 -4.600000 -21.735400 -270.067900 
0.414000 -2.600700 -2.526100 -1.766000 -0.570500 -8.615200 -3.950000 -5.132200 -5.387800 -14.535300 -23.034900 -300.006200 
0.416000 -1.928100 -3.262700 -2.811600 -1.858600 -6.442000 -1.504800 -4.563300 -14.129600 -4.974700 -22.274800 -225.596100 
0.418000 -1.737100 -3.846000 -3.818100 -1.436600 -5.051800 -5.310200 -5.932400 -6.940800 -18.247200 -9.767100 -191.225500 
0.420000 -1.255400 -5.325400 -2.588500 -0.837500 -4.185200 -2.405400 -2.002500 -6.740600 -3.627600 -10.880900 -242.921300 
0.422000 -1.030500 -6.398900 -1.741200 -0.559700 -1.776200 -6.430500 -5.029800 -3.988500 -11.176500 -17.300600 -222.461300 
0.424000 -3.159200 -7.057300 -1.935400 -0.308900 -3.649600 -2.233100 -1.603100 -5.105400 -11.943800 -19.931600 -195.690100 
0.426000 -5.296900 -3.439200 -2.763400 -0.437000 -2.065700 -7.764200 -7.338200 -4.474900 -4.747300 -21.464600 -224.399700 
0.428000 -0.321900 -3.235200 -3.313600 -0.518000 -1.295400 -4.123100 -3.669300 -6.032200 -8.070300 -11.334500 -170.901400 
0.430000 -2.534200 -2.785300 -1.828300 -0.866000 -2.207100 -8.133300 -7.650500 -6.271500 -11.332900 -16.805900 -214.536200 
0.432000 -2.449900 -2.443500 -4.877000 -3.593500 -2.536200 -4.502900 -2.072100 -5.140500 -12.468400 -15.433500 -270.487300 
0.434000 -3.171400 -3.434100 -2.132400 -1.421000 -2.289000 -3.516100 -5.419500 -5.569000 -11.452400 -19.040500 -268.662800 
0.436000 -3.440000 -6.798700 -3.721900 -3.007300 -7.329900 -2.598900 -6.278500 -10.164700 -8.103700 -36.001600 -307.650900 
0.438000 -2.182000 -1.738500 -2.771400 -1.770500 -10.896800 -1.748800 -3.731100 -2.704400 -3.549100 -21.242100 -212.193400 
0.440000 -1.720700 -2.010100 -1.020900 -1.647300 -3.712400 -4.989200 -3.925400 -6.969200 -6.184200 -13.225700 -157.547700 
0.442000 -3.832800 -2.515600 -4.535600 -2.212700 -5.904800 -2.309500 -2.490900 -1.971100 -7.301200 -13.061400 -208.249200 
0.444000 -1.448700 -3.955600 -2.687500 -4.488500 -1.077900 -2.031200 -1.357200 -6.520600 -13.720500 -30.005900 -176.631600 
0.446000 -4.148500 -1.325400 -8.852300 -0.956300 -1.761000 -6.072700 -5.660100 -4.012700 -10.276200 -24.872500 -228.706400 
0.448000 -3.793700 -5.103500 -2.677500 -2.188200 -4.151400 -4.927600 -5.248900 -5.778700 -12.592500 -22.532800 -194.193300 
0.450000 -2.021800 -3.666700 -2.847400 -0.899600 -3.180900 -2.186300 -3.682700 -3.321400 -5.638300 -12.870900 -282.052700 
0.452000 -5.131400 -6.507300 -1.825300 -2.027200 -6.454200 -0.722900 -6.698400 -4.325300 -6.546500 -22.955900 -239.094300 
0.454000 -3.377100 -4.941700 -3.217100 -1.927400 -5.078200 -1.826000 -5.559300 -8.009300 -5.426200 -24.674100 -232.293600 
0.456000 -5.434700 -8.082700 -5.158200 -1.888400 -7.363300 -5.130200 -2.534800 -11.697900 -5.931400 -19.256800 -259.060500 
0.458000 -2.178200 -0.687000 -2.814400 -2.249400 -2.599500 -8.889800 -8.609400 -3.614700 -10.527600 -12.022800 -206.284300 
0.460000 -2.259900 -2.015500 -4.540700 -0.947900 -4.850400 -7.096300 -8.267800 -3.762000 -8.353500 -19.559900 -164.746700 
0.462000 -2.902200 -4.321600 -4.328200 -0.602500 -7.445900 -6.114300 -8.631600 -7.962900 -4.764100 -18.979800 -176.379000 
0.464000 -2.197800 -1.308000 -3.755700 -1.562900 -4.176100 -6.035100 -15.238700 -5.909800 -15.016800 -26.746200 -193.775300 
0.466000 -3.913700 -2.454000 -2.235000 -1.129200 -7.167900 -1.391800 -4.004500 -3.114000 -11.891700 -17.004400 -328.355900 
0.468000 -2.380800 -3.458400 -1.895700 -1.567800 -3.139400 -3.448700 -16.581100 -6.976400 -10.202500 -23.735800 -280.871300 
0.470000 -1.496100 -3.877000 -2.219400 -1.882800 -4.067000 -4.623300 -14.234600 -2.980700 -10.350900 -18.580700 -307.034600 
0.472000 -2.708700 -2.438700 -3.049900 -2.582800 -4.771000 -5.272100 -12.089300 -6.144100 -10.174700 -14.140300 -268.787900 
0.474000 -1.459400 -3.464000 -3.224400 -0.714100 -5.298400 -8.101600 -6.498700 -12.238800 -8.036600 -28.536300 -321.732200 
0.476000 -1.976800 -4.637800 -2.931100 -2.294600 -6.246200 -1.357900 -6.747200 -5.506100 -13.115700 -19.163300 -255.140700 
0.478000 -1.696200 -3.941600 -2.710300 -1.173100 -3.876100 -4.366000 -7.406000 -3.200700 -3.885200 -38.382300 -161.291100 
0.480000 -1.832700 -5.258400 -3.359900 -1.152000 -3.879500 -7.313900 -7.064800 -5.229700 -9.788800 -26.122700 -239.355900 
0.482000 -1.060400 -4.942100 -3.179400 -2.966200 -2.692600 -6.295900 -11.790200 -5.088300 -5.294300 -15.591400 -142.621000 
0.484000 -1.791200 -6.220600 -3.125000 -1.211500 -9.155300 -5.995900 -7.794100 -8.217900 -5.818800 -17.903400 -199.762700 
0.486000 -1.840100 -1.305500 -1.624600 -1.767100 -1.795400 -8.745300 -4.764100 -8.700900 -5.959900 -16.770000 -230.291400 
0.488000 -3.016600 -2.929800 -1.750100 -2.206800 -2.555900 -3.474600 -3.041200 -6.539900 -4.679300 -20.040800 -225.995500 
0.490000 -1.780200 -1.213600 -4.810600 -0.859800 -2.465500 -8.998000 -3.306500 -4.838300 -15.278800 -26.430000 -248.961400 
0.492000 -1.826400 -2.376400 -4.174100 -0.908300 -2.855900 -6.950800 -10.951600 -4.599800 -13.851600 -12.697800 -178.255100 
0.494000 -4.234800 -2.706400 -3.710600 -2.431000 -3.834900 -6.063600 -5.342400 -7.836600 -12.269700 -19.759200 -192.826000 
0.496000 -3.999700 -1.831900 -2.311600 -2.037900 -5.998800 -2.166600 -2.536600 -4.555400 -13.007400 -26.404100 -170.828600 
0.498000 -2.724700 -2.476200 -4.075500 -0.949900 -7.140000 -5.704300 -11.066600 -2.696700 -7.833500 -12.109300 -186.523000 
0.500000 -2.388400 -4.235300 -1.670900 -0.632400 -4.748700 -8.901000 -7.103400 -5.438400 -3.167400 -14.075300 -279.067600 
0.502000 -2.737200 -2.693700 -3.522300 -2.451000 -4.594000 -7.477200 -2.591200 -3.361000 -10.141800 -13.500900 -236.399000 
0.504000 -2.479200 -3.576400 -1.819600 -0.513800 -1.628200 -5.980900 -8.327600 -1.436100 -9.163700 -18.120800 -305.005000 
0.506000 -2.450100 -2.147000 -3.476600 -0.593400 -2.671500 -5.433100 -4.712400 -4.189000 -3.605000 -13.545200 -256.239900 
0.508000 -1.470500 -3.641300 -3.322100 -0.342600 -4.754400 -4.975800 -8.275000 -2.551900 -5.457400 -17.876100 -198.288400 
0.510000 -2.097600 -2.627800 -1.734900 -1.188200 -6.718300 -4.067800 -3.885300 -3.884700 -4.642700 -16.599900 -224.199200 
0.512000 -1.361700 -2.736000 -2.777600 -0.832200 -6.010900 -4.323400 -7.327900 -8.668900 -3.539400 -26.472500 -231.838800 
0.514000 -4.242800 -3.582100 -1.473900 -3.573600 -5.174100 -5.663700 -6.813900 -2.866700 -13.664200 -9.410200 -202.128600 
0.516000 -2.195000 -1.808600 -2.607800 -1.167900 -2.607600 -6.912300 -9.157600 -3.192100 -3.545000 -7.608400 -195.725100 
0.518000 -0.307300 -2.037100 -4.415900 -2.789500 -6.047500 -3.652000 -2.988200 -4.118100 -12.266900 -13.520800 -163.318600 
0.520000 -4.048400 -1.811800 -1.293700 -2.847900 -1.163800 -5.411400 -4.662200 -4.769700 -7.884500 -10.418900 -270.749100 
0.522000 -3.419100 -1.180400 -2.147100 -0.626100 -2.736700 -4.214400 -11.284100 -5.438500 -8.299800 -13.214700 -274.655900 
0.524000 -3.853300 -2.928500 -3.079800 -0.930200 -3.991000 -4.221200 -13.336700 -4.179300 -10.057600 -10.911000 -270.430900 
0.526000 -3.720200 -2.150700 -2.292400 -1.629500 -6.552000 -3.737200 -5.818900 -6.064800 -7.142300 -10.267700 -336.585900 
0.528000 -1.956800 -1.143100 -2.619300 -3.806300 -3.761700 -8.005800 -8.236300 -10.075400 -17.699200 -8.679400 -198.870000 
0.530000 -1.364000 -2.582400 -2.104500 -2.499000 -9.557900 -1.338800 -2.441600 -6.199900 -13.839600 -14.045700 -254.504200 
0.532000 -1.351100 -0.891300 -3.140500 -0.692800 -5.791400 -7.357000 -2.449900 -7.247800 -16.404300 -11.596400 -184.957500 
0.534000 -1.444400 -2.798500 -1.561700 -1.619300 -3.820100 -8.602800 -11.419400 -4.615100 -11.478100 -23.401600 -115.111700 
0.536000 -1.952100 -1.740100 -3.112000 -1.760500 -3.091900 -7.492000 -2.489500 -10.418000 -15.993600 -13.240100 -245.870500 
0.538000 -3.784400 -1.527300 -3.661300 -0.950400 -1.379200 -7.226500 -10.125700 -3.713100 -19.432300 -18.833000 -340.247500 
0.540000 -2.763600 -1.346300 -3.644500 -2.324500 -5.924600 -9.581000 -4.995900 -2.103800 -10.195400 -22.736900 -282.417300 
0.542000 -2.373400 -3.114300 -4.949300 -2.007600 -6.072600 -8.177100 -10.573700 -8.419300 -12.176000 -5.958400 -215.596400 
0.544000 -3.084300 -3.907900 -3.312500 -2.525100 -8.559100 -10.089800 -8.736100 -6.506200 -4.926100 -13.826500 -281.565100 
0.546000 -1.622800 -1.767500 -6.959900 -0.663000 -4.502900 -5.889100 -7.117800 -6.229700 -12.667300 -15.106600 -301.951000 
0.548000 -2.926600 -2.167700 -2.061300 -0.850400 -5.913900 -4.389100 -7.413300 -8.611500 -9.258300 -5.921600 -263.242500 
0.550000 -2.372800 -1.815200 -3.596200 -1.635200 -3.452000 -4.470400 -3.201700 -7.305000 -7.393200 -5.132700 -259.002100 
0.552000 -1.374600 -1.840600 -3.334700 -1.801700 -5.164000 -9.575900 -2.490500 -4.114800 -10.547300 -21.531300 -269.057600 
0.554000 -3.250900 -6.184400 -2.745400 -2.465800 -4.049200 -8.831200 -4.744400 -3.742900 -12.924500 -13.510400 -221.296800 
0.556000 -2.889500 -2.710600 -3.212900 -0.917000 -4.590400 -7.464100 -11.006400 -4.132000 -15.808100 -12.487400 -364.353000 
0.558000 -2.273000 -3.169400 -4.594500 -1.703100 -5.487000 -6.097000 -6.196200 -8.572800 -6.996600 -19.147100 -187.470600 
0.560000 -0.847300 -0.240500 -2.465100 -2.659100 -8.077100 -3.908800 -13.437600 -4.494700 -12.736300 -21.131500 -447.823300 
0.562000 -2.451600 -1.282300 -2.140000 -1.303600 -3.446000 -5.831900 -3.344200 -8.365500 -16.194700 -22.499800 -236.653400 
0.564000 -3.234700 -2.096900 -1.397100 -0.756300 -4.793600 -5.330300 -5.675800 -18.136300 -25.389300 -19.695700 -257.518200 
0.566000 -1.852100 -2.121400 -3.052100 -0.657900 -1.571000 -3.023300 -6.265900 -4.123600 -14.462500 -5.494400 -312.929900 
0.568000 -1.590900 -2.862900 -5.590800 -1.017400 -6.281600 -2.855400 -10.691700 -5.331800 -15.084600 -13.956600 -301.192100 
0.570000 -1.240400 -2.909900 -5.150100 -3.026600 -2.574600 -3.835600 -6.737400 -8.993600 -6.768600 -18.291800 -325.423300 
0.572000 -3.514400 -2.441900 -3.329900 -0.495300 -9.139500 -5.912500 -9.698300 -4.824100 -9.713300 -16.088600 -360.342200 
0.574000 -1.985100 -2.636500 -1.605500 -0.889800 -5.097300 -8.048600 -10.849200 -9.432800 -8.895200 -15.822400 -377.089800 
0.576000 -2.405300 -2.162400 -4.189700 -0.320400 -6.531800 -10.916800 -12.147200 -7.204900 -10.808500 -19.915700 -311.812700 
0.578000 -2.224800 -0.969600 -3.078000 -2.577500 -4.565300 -12.684000 -5.465400 -7.895800 -12.828000 -25.646400 -439.698800 
0.580000 -1.468600 -3.568200 -0.246500 -0.226000 -4.068400 -12.279500 -4.826300 -17.724500 -5.766500 -19.100100 -486.346500 
0.582000 -3.002100 -3.731800 -5.227300 -1.760600 -14.992900 -6.975400 -1.945200 -3.069200 -6.619000 -23.897200 -293.810500 
0.584000 -0.597000 -5.208800 -2.320800 -1.280400 -13.006300 -1.071500 -6.667200 -7.145500 -7.367500 -11.740700 -262.349200 
0.586000 -2.444600 -2.720400 -4.235700 -1.406700 -5.255300 -4.394100 -1.480100 -4.439500 -7.776600 -12.546900 -276.101100 
0.588000 -4.567600 -3.754600 -1.822800 -1.349000 -4.364700 -3.300900 -6.187900 -10.682600 -11.525400 -19.396500 -328.402800 
0.590000 -1.501500 -3.159100 -3.126400 -0.415700 -2.671300 -7.810400 -5.241000 -14.232600 -5.475500 -17.856200 -350.987900 
0.592000 -4.284300 -1.971300 -3.190200 -0.808100 -5.937500 -3.043900 -1.973200 -11.799400 -14.153500 -10.404900 -475.960500 
0.594000 -1.539700 -2.826100 -4.067900 -1.716800 -8.091500 -3.086400 -1.579100 -5.615100 -12.226000 -18.284600 -399.482300 
0.596000 -1.914700 -2.770100 -5.788800 -0.790500 -5.299400 -1.903000 -4.585900 -5.525600 -2.047100 -5.337100 -269.842000 
0.598000 -2.314300 -1.860800 -1.403000 -0.998800 -4.270800 -2.379000 -2.853400 -8.396300 -19.440100 -6.774200 -354.607900 
0.600000 -0.876500 -2.738600 -4.120900 -0.591500 -10.576700 -3.519900 -5.399200 -5.209600 -14.340400 -29.829200 -433.879700 
0.602000 -2.536000 -0.782000 -3.675100 -0.748100 -5.418600 -6.046500 -6.584600 -6.086700 -14.860000 -10.521300 -251.037700 
0.604000 -1.700700 -2.340500 -2.583200 -0.747800 -5.029200 -5.252100 -10.094700 -5.464900 -11.076900 -9.827600 -207.848900 
0.606000 -2.150100 -1.358100 -2.199400 -2.337400 -4.878400 -3.628100 -3.012000 -6.827700 -4.152100 -5.483100 -286.386100 
0.608000 -5.942500 -3.139100 -0.910800 -2.245400 -10.474700 -5.961500 -2.229100 -9.130400 -7.083200 -17.541400 -224.291700 
0.610000 -2.778200 -3.992000 -2.579600 -1.360000 -7.983000 -5.217200 -3.110500 -5.054900 -10.491600 -16.535800 -188.546400 
0.612000 -3.081300 -3.004400 -3.761800 -2.083900 -5.500800 -4.073100 -7.890700 -12.982500 -9.715300 -10.680400 -255.949500 
0.614000 -1.416600 -3.275400 -2.346400 -0.752600 -5.494400 -6.040600 -6.181200 -9.931000 -17.220300 -10.967200 -210.716000 
0.616000 -2.706500 -1.534800 -2.977200 -1.351600 -5.686000 -6.113900 -3.306100 -6.860500 -7.044900 -3.077100 -240.683400 
0.618000 -2.526600 -3.379000 -6.636200 -0.822800 -3.350300 -4.436200 -3.256700 -3.439400 -9.561800 -17.554800 -250.164600 
0.620000 -2.328600 -1.818300 -1.817400 -2.234300 -8.006400 -5.851400 -5.745600 -5.723300 -8.831100 -5.789200 -273.229000 
0.622000 -3.296000 -3.552500 -2.154800 -0.165900 -3.339100 -6.050600 -1.454800 -4.774100 -14.798500 -10.971500 -298.201200 
0.624000 -2.724200 -3.176400 -2.243300 -0.464500 -2.726200 -9.316800 -7.925400 -3.750000 -11.982400 -13.298400 -339.496800 
0.626000 -1.385100 -2.438800 -2.545900 -2.897400 -1.924300 -5.722600 -5.829700 -7.717600 -12.516900 -25.099300 -244.700100 
0.628000 -1.985600 -1.307900 -2.422500 -2.508100 -4.463200 -5.055300 -4.133800 -5.177900 -16.300700 -18.131200 -252.010300 
0.630000 -1.895200 -2.521100 -2.670000 -0.654700 -9.269200 -6.910000 -2.187300 -8.513500 -8.583800 -13.196500 -359.904100 
0.632000 -1.975400 -1.415400 -4.472900 -1.033300 -3.093800 -2.821300 -3.681900 -4.928900 -16.962400 -10.515000 -296.731200 
0.634000 -1.734700 -4.094700 -2.488100 -0.309800 -5.717900 -7.515600 -5.741300 -9.888900 -15.417200 -7.599600 -236.575300 
0.636000 -3.065100 -1.215900 -4.407700 -1.965400 -4.974300 -5.971600 -4.716200 -5.713400 -14.268100 -13.547500 -230.318000 
0.638000 -1.407500 -1.910800 -4.248800 -7.498100 -4.868600 -3.972300 -4.680300 -12.455100 -11.383700 -16.204200 -277.529100 
0.640000 -3.216000 -0.231200 -2.437800 -0.918200 -0.998400 -2.094400 -6.658600 -8.294800 -11.825900 -14.038000 -344.820000 
0.642000 -2.250600 -0.903900 -1.678600 -2.693400 -8.366100 -5.056700 -10.431000 -6.602400 -12.649200 -11.384800 -317.901800 
0.644000 -1.497100 -1.255600 -2.885900 -4.057900 -1.836200 -10.301800 -4.180400 -9.106000 -19.858500 -13.963000 -323.905100 
0.646000 -0.862600 -2.316300 -0.539400 -1.929100 -5.293800 -5.974800 -3.128000 -3.583900 -5.201800 -16.703000 -240.817400 
0.648000 -2.993700 -2.982100 -2.028400 -3.430700 -6.211700 -3.403600 -3.777800 -4.494800 -6.340900 -16.361900 -324.709000 
0.650000 -2.588800 -3.099200 -0.771600 -0.267900 -3.503600 -5.222300 -9.408200 -9.921800 -13.539200 -11.989800 -293.207600 
0.652000 -2.565600 -0.687800 -2.399500 -1.421400 -8.160300 -7.284400 -4.131400 -3.764700 -2.043300 -19.755400 -225.528200 
0.654000 -2.063000 -3.912400 -0.521400 -0.847900 -4.200800 -4.478300 -7.501900 -7.434600 -9.965500 -13.009500 -243.919100 
0.656000 -5.386900 -2.756200 -0.888000 -0.846600 -5.941400 -4.886300 -5.043100 -5.561700 -4.413700 -11.153600 -236.061300 
0.658000 -4.297800 -4.016300 -2.294600 -0.862300 -4.516900 -5.160100 -5.228400 -9.249200 -14.024100 -14.439400 -317.148700 
0.660000 -4.901900 -4.320000 -1.787500 -2.296400 -3.255100 -6.116800 -7.982700 -13.383200 -4.116800 -16.989800 -319.230200 
0.662000 -2.434100 -2.085600 -1.893900 -2.584500 -5.696700 -8.217700 -5.068000 -10.547000 -15.937000 -26.076100 -311.687600 
0.664000 -3.118400 -1.042800 -2.418900 -1.396900 -9.714400 -7.193700 -7.796100 -7.908300 -4.192200 -22.369400 -345.938900 
0.666000 -1.576100 -1.513600 -4.667100 -1.053600 -5.203100 -6.621800 -1.337200 -3.081700 -11.709600 -13.148300 -276.624100 
0.668000 -2.623400 -3.801000 -1.745400 -1.984000 -4.281800 -7.923900 -3.210700 -17.236400 -7.848000 -21.168000 -278.031900 
0.670000 -0.800900 -2.029900 -2.393500 -1.544600 -1.285200 -7.235900 -10.289700 -9.789300 -9.334600 -19.567100 -229.519600 
0.672000 -4.284800 -5.818400 -3.925100 -1.936300 -4.208200 -3.838000 -4.555200 -5.226000 -6.145300 -18.674800 -252.470600 
0.674000 -2.259300 -2.372600 -4.646700 -0.810600 -2.166300 -8.093600 -5.734500 -9.274700 -12.702400 -23.049300 -242.009000 
0.676000 -2.081600 -2.890500 -5.091200 -1.131800 -3.328400 -6.865100 -2.389700 -7.954500 -5.911500 -15.343200 -277.001800 
0.678000 -4.161800 -1.526400 -4.516400 -2.017400 -3.571100 -3.291400 -7.308900 -16.723500 -15.712400 -31.028200 -231.245600 
0.680000 -1.673700 -2.321300 -1.430300 -2.071100 -7.102700 -5.954600 -6.929200 -13.562000 -15.140400 -25.726000 -295.411200 
0.682000 -1.721800 -2.268000 -4.451900 -2.981700 -0.530200 -5.754700 -3.800300 -11.213700 -14.980200 -21.765100 -378.002000 
0.684000 -4.066500 -1.446900 -0.567000 -1.145100 -1.465000 -6.009900 -5.479600 -9.524400 -14.626700 -18.256600 -370.873500 
0.686000 -2.680500 -3.361900 -1.342700 -0.590200 -2.214000 -6.188400 -7.987400 -14.954100 -7.688200 -8.981300 -352.230400 
0.688000 -1.734800 -3.068600 -1.413100 -3.020100 -6.519200 -8.357300 -4.016000 -10.554400 -10.602800 -6.550500 -330.119300 
0.690000 -4.844300 -3.619900 -3.394600 -0.476800 -6.128000 -7.750700 -2.228000 -6.879900 -9.854900 -5.991600 -271.611900 
0.692000 -2.772300 -2.496000 -3.432500 -0.694700 -4.565900 -7.027700 -4.541700 -5.495000 -6.559500 -23.648300 -201.416600 
0.694000 -3.290100 -6.193900 -1.863500 -1.375000 -2.458900 -2.594500 -10.085100 -4.492800 -11.744000 -15.282200 -299.270100 
0.696000 -2.539100 -2.975500 -1.157600 -0.833700 -2.249000 -3.057900 -3.063900 -5.348000 -15.360500 -13.775300 -296.452300 
0.698000 -3.997800 -5.019200 -1.729800 -1.936200 -2.316600 -7.866800 -6.017400 -12.539500 -12.376200 -18.133500 -298.236700 
0.700000 -4.868400 -2.952400 -2.349100 -1.752100 -2.784600 -4.596700 -10.360400 -8.070000 -7.732200 -10.051200 -252.841700 
0.702000 -1.252300 -3.690800 -2.660200 -2.146200 -2.016400 -7.194300 -2.092300 -7.826500 -6.327700 -23.675400 -283.479000 
0.704000 -5.137700 -2.425800 -1.339900 -2.431000 -3.933400 -4.401100 -9.567100 -10.883800 -9.939300 -14.733100 -284.478000 
0.706000 -2.000300 -1.875000 -0.799600 -3.221500 -1.065300 -3.663600 -7.531500 -9.780000 -4.877000 -13.692300 -323.251900 
0.708000 -2.271700 -3.846500 -3.052000 -5.557400 -2.305600 -10.006900 -14.551900 -7.415100 -8.798100 -14.772200 -388.286100 
0.710000 -4.509000 -2.984000 -1.969100 -2.434400 -2.157800 -9.495700 -4.459900 -6.465500 -5.923200 -13.666500 -287.018900 
0.712000 -6.422500 -4.498800 -1.081700 -0.484900 -7.275400 -4.791100 -2.619100 -5.052900 -7.373900 -16.612600 -169.861800 
0.714000 -2.840300 -4.307900 -1.614300 -2.693400 -3.789000 -5.881300 -3.563300 -4.159700 -4.844000 -16.569400 -333.478400 
0.716000 -2.285200 -5.231100 -2.885400 -2.678500 -2.592800 -5.436400 -3.355200 -6.868000 -6.159600 -19.862100 -251.133900 
0.718000 -5.621800 -1.627200 -2.992100 -2.885400 -4.546600 -8.527800 -3.621100 -9.714400 -9.138200 -10.731200 -232.117500 
0.720000 -2.247500 -2.414800 -1.819700 -3.787100 -2.001500 -9.607500 -6.297500 -7.521900 -24.529900 -21.627200 -268.065900 
0.722000 -2.085700 -2.415200 -0.418800 -2.099500 -1.113800 -3.614300 -8.381200 -6.461200 -13.014500 -14.017500 -324.134000 
0.724000 -1.126000 -4.827900 -1.565400 -1.726000 -4.625100 -5.718200 -3.524700 -2.452400 -5.504000 -17.545700 -276.996100 
0.726000 -2.761400 -3.381000 -1.215300 -0.163700 -5.303400 -3.804900 -4.272000 -5.147300 -9.014400 -23.919700 -225.541000 
0.728000 -4.711300 -1.769700 -2.464400 -1.658300 -2.773000 -3.489300 -5.870100 -10.766000 -6.061800 -10.595000 -275.090200 
0.730000 -2.896500 -4.559000 -0.895000 -1.244900 -2.034800 -5.613900 -2.169800 -9.304000 -1.829900 -12.571700 -329.494200 
0.732000 -2.299900 -0.882000 -0.922400 -0.994900 -2.132100 -3.765900 -6.417100 -2.909800 -2.529100 -17.595000 -209.522900 
0.734000 -2.568900 -1.388300 -0.402700 -0.587100 -1.963300 -4.088800 -6.883200 -10.462100 -5.649000 -4.681100 -416.527300 
0.736000 -5.597200 -2.410800 -3.037600 -2.196700 -4.332800 -9.226400 -4.521300 -11.440500 -4.631400 -16.919700 -225.610700 
0.738000 -4.167600 -5.922000 -1.567100 -1.350600 -3.328000 -5.590000 -3.991500 -8.518300 -7.296600 -20.098900 -161.621500 
0.740000 -4.814800 -3.914000 -1.012700 -1.398900 -4.736700 -5.446900 -8.538200 -9.889100 -5.180700 -24.014800 -282.567400 
0.742000 -0.684600 -3.717600 -1.919600 -0.472100 -3.357100 -7.338900 -3.825800 -12.580500 -15.969400 -10.210200 -171.201700 
0.744000 -2.586500 -2.210400 -4.062800 -1.002100 -1.263400 -5.745200 -2.328300 -3.817400 -11.755700 -17.462600 -232.053600 
0.746000 -1.297800 -3.259500 -5.387100 -0.981000 -4.160800 -11.735100 -8.625000 -5.478800 -13.846000 -17.033800 -277.238500 
0.748000 -0.984400 -1.717600 -1.924000 -0.430000 -4.967300 -7.259200 -10.738800 -9.044200 -13.367700 -20.632700 -278.184800 
0.750000 -1.964100 -4.979500 -2.829700 -2.235400 -2.052500 -4.180700 -10.480700 -3.710500 -13.408900 -19.179300 -212.173400 
0.752000 -2.924900 -3.418900 -3.340300 -0.894200 -4.381600 -8.422600 -4.869400 -4.014600 -8.715800 -10.053300 -242.353100 
0.754000 -2.329600 -4.519400 -2.698600 -3.138600 -1.778900 -6.165300 -7.252200 -7.035500 -12.195200 -9.252100 -311.877300 
0.756000 -3.166200 -2.530800 -1.676300 -1.168800 -2.908000 -4.001700 -4.676600 -9.382200 -13.191200 -16.883400 -270.975300 
0.758000 -2.103300 -1.027900 -2.178100 -0.622500 -3.001500 -3.698100 -3.112500 -8.874500 -9.854800 -12.534600 -331.346000 
0.760000 -1.588000 -2.763000 -1.740400 -2.066300 -2.318600 -7.689400 -9.298300 -15.100000 -15.982200 -13.493500 -280.796300 
0.762000 -2.921400 -5.445600 -3.759900 -0.659400 -3.359900 -8.624900 -3.199900 -14.359700 -8.596300 -22.635100 -282.977600 
0.764000 -1.993600 -1.578700 -2.004400 -1.931400 -3.111000 -4.836000 -10.033300 -10.913400 -10.483100 -19.490400 -195.050800 
0.766000 -4.028700 -1.138000 -1.679100 -2.225400 -2.273100 -8.767400 -5.963300 -5.786700 -11.468100 -21.784400 -274.799700 
0.768000 -0.936900 -5.482300 -1.767400 -2.062800 -2.272900 -8.750200 -1.422300 -4.190900 -13.969200 -19.499700 -272.050100 
0.770000 -0.097800 -2.711500 -0.622400 -2.785400 -2.960300 -9.264000 -4.225300 -6.687700 -13.670600 -22.921000 -286.903500 
0.772000 -3.438900 -2.111100 -2.755100 -0.514200 -1.058800 -5.920200 -5.273500 -8.000300 -16.550000 -18.358100 -197.908100 
0.774000 -1.898300 -1.640900 -0.231500 -0.898600 -4.253900 -1.990300 -6.343500 -4.331000 -12.695000 -16.872900 -269.769900 
0.776000 -2.209400 -4.590800 -0.714500 -1.580300 -3.905300 -6.025600 -9.891000 -7.197800 -19.143800 -27.284500 -284.434600 
0.778000 -4.007300 -1.751700 -3.147200 -0.908600 -0.638100 -4.090900 -2.110800 -6.556800 -10.481100 -20.052600 -276.906100 
0.780000 -1.836400 -0.798900 -1.036000 -3.524500 -2.273700 -3.426800 -12.674200 -8.471000 -15.848700 -20.326400 -245.155000 
0.782000 -3.390200 -1.901100 -2.372300 -0.430700 -1.537800 -4.598300 -9.719400 -7.871900 -10.827600 -18.926100 -267.466700 
0.784000 -2.203300 -1.986200 -0.930100 -2.174800 -5.440000 -8.074700 -4.598300 -7.294300 -5.702100 -24.319200 -403.960500 
0.786000 -3.756200 -7.128700 -1.676400 -0.783800 -6.139600 -8.121600 -7.094000 -8.516300 -4.956900 -27.025600 -249.621700 
0.788000 -2.344000 -3.987200 -0.167300 -1.866000 -2.327200 -3.426400 -7.165500 -9.385400 -12.020700 -9.871000 -254.001300 
0.790000 -1.419600 -5.113900 -2.183000 -0.803900 -1.895600 -5.452300 -6.734400 -7.508300 -8.735900 -26.126300 -238.103500 
0.792000 -4.681800 -3.878200 -0.908500 -2.658500 -2.831700 -3.103100 -2.619400 -8.146900 -5.465900 -26.515300 -341.656900 
0.794000 -2.766100 -4.119100 -1.600600 -1.407000 -2.093700 -5.788200 -1.929800 -7.487100 -19.024100 -16.001600 -280.214100 
0.796000 -0.898800 -3.099400 -1.496800 -2.705400 -6.661800 -5.100500 -1.721100 -13.849600 -6.545000 -19.259300 -313.507600 
0.798000 -3.715000 -2.916800 -1.269600 -3.517800 -0.984200 -1.128700 -2.368900 -6.210300 -6.545200 -18.494500 -178.641400 
0.800000 -2.807600 -2.611500 -5.024000 -2.392000 -2.307500 -6.282300 -8.910400 -4.960700 -8.631600 -34.171200 -241.088000 
0.802000 -4.049500 -3.928800 -0.898200 -4.606200 -2.810400 -5.005300 -5.340400 -3.839200 -17.735700 -26.942300 -274.465100 
0.804000 -2.128200 -2.325300 -1.105600 -1.219600 -8.623000 -9.185800 -5.597100 -4.824000 -14.041100 -15.648400 -214.607700 
0.806000 -0.544100 -1.819700 -1.280300 -1.548200 -7.393300 -6.683200 -5.198800 -7.625600 -23.628000 -9.816300 -308.140900 
0.808000 -2.647800 -2.451400 -1.411600 -3.486900 -1.146000 -7.328900 -8.518100 -7.862900 -18.307000 -16.489200 -317.885800 
0.810000 -2.143000 -5.774200 -0.735300 -0.721300 -3.477700 -9.202900 -10.422500 -7.426200 -10.007000 -28.278700 -359.793000 
0.812000 -1.188800 -4.314000 -3.425400 -2.163900 -3.003700 -5.364100 -9.294400 -8.719200 -8.903600 -22.737500 -399.880800 
0.814000 -1.263900 -4.598000 -2.804300 -0.416400 -1.980400 -7.758000 -3.801800 -5.000700 -14.178100 -7.634300 -345.945800 
0.816000 -1.234600 -2.786800 -0.800100 -1.628800 -2.440500 -3.508700 -9.799700 -9.974100 -4.323400 -11.317100 -261.683300 
0.818000 -1.136400 -2.291200 -2.092000 -4.088000 -3.132400 -4.734900 -3.875000 -3.909600 -13.723300 -11.760400 -270.113500 
0.820000 -1.253900 -2.606600 -3.265000 -2.154900 -6.356600 -5.480300 -5.771700 -6.065600 -12.945100 -9.993800 -227.617200 
0.822000 -1.461000 -3.212900 -1.557100 -1.214700 -5.699400 -4.552700 -1.872700 -8.140500 -16.092800 -11.822200 -173.035600 
0.824000 -4.304800 -1.669800 -1.433900 -1.212100 -6.519600 -4.908300 -5.260700 -3.124300 -12.809100 -15.083000 -265.600600 
0.826000 -2.043000 -2.577500 -1.836700 -2.466400 -3.661500 -4.338500 -3.864200 -5.854400 -16.646000 -13.353400 -274.637200 
0.828000 -2.228600 -3.789500 -2.118900 -2.459900 -3.932000 -4.213300 -7.878400 -7.644700 -21.678400 -15.723800 -321.365700 
0.830000 -1.424500 -3.546300 -0.634600 -1.252000 -5.047800 -4.508600 -5.210300 -8.473900 -13.408800 -25.841200 -234.639900 
0.832000 -1.792800 -2.176600 -3.201400 -1.345800 -1.622000 -7.436100 -6.273600 -5.401800 -13.127900 -13.995000 -303.780600 
0.834000 -1.592400 -4.049700 -1.797800 -2.295700 -3.929500 -5.978400 -6.793500 -10.065300 -14.183700 -15.702400 -238.098500 
0.836000 -2.383300 -1.406300 -4.237300 -2.144200 -3.032600 -3.591000 -6.079500 -2.891800 -6.120500 -25.669100 -189.945500 
0.838000 -3.101200 -2.245800 -1.203500 -1.775500 -11.531700 -6.796300 -8.560500 -7.279300 -6.862800 -19.450600 -268.335700 
0.840000 -1.726000 -2.464800 -2.539100 -1.896900 -5.908400 -4.265300 -0.890900 -5.421400 -12.992500 -20.157800 -247.151000 
0.842000 -2.151000 -4.175000 -2.263400 -0.883900 -2.567900 -4.009200 -5.518100 -3.592200 -4.437700 -12.052500 -248.375100 
0.844000 -1.905200 -2.072900 -3.727400 -3.409800 -4.317000 -6.005600 -3.904500 -6.210100 -15.830200 -26.084400 -365.083600 
0.846000 -2.706700 -2.964100 -2.319300 -1.625400 -3.150400 -4.694900 -14.054200 -4.006500 -11.371300 -16.663700 -310.918000 
0.848000 -4.234900 -4.333900 -2.305900 -1.692100 -2.952400 -4.254900 -4.757500 -6.235800 -13.247100 -22.783600 -272.117200 
0.850000 -4.276500 -2.712900 -1.173400 -1.926500 -5.721700 -4.055000 -14.127500 -5.920400 -15.487800 -8.069700 -228.668900 
0.852000 -2.565900 -1.809600 -2.190100 -1.541200 -1.335600 -5.079500 -8.935200 -7.915200 -18.943500 -16.895800 -221.630300 
0.854000 -1.176200 -3.211300 -3.158600 -3.145900 -2.322600 -4.652700 -7.336000 -4.365400 -27.482500 -21.338100 -239.617200 
0.856000 -2.211800 -2.739600 -2.804100 -0.681000 -0.901900 -3.077100 -7.965600 -9.733900 -5.164600 -38.921900 -203.186300 
0.858000 -6.322300 -1.389800 -2.097600 -2.520300 -1.025700 -7.351700 -10.201900 -4.245200 -14.508200 -42.532200 -230.458300 
0.860000 -0.843500 -3.871200 -1.340000 -1.855600 -2.344000 -6.059300 -3.632900 -7.504200 -11.078800 -32.654900 -202.178300 
0.862000 -1.548200 -4.033500 -1.399100 -2.849400 -0.941300 -7.294700 -13.872900 -5.946400 -7.315000 -57.433300 -303.474700 
0.864000 -0.549400 -3.179700 -2.129700 -3.098400 -4.690000 -2.701900 -6.643600 -7.369800 -5.272700 -36.581800 -339.509300 
0.866000 -1.869800 -5.002500 -3.409200 -1.645900 -1.035500 -10.055400 -4.356800 -8.906200 -10.291000 -36.422900 -231.858100 
0.868000 -1.272500 -1.110800 -0.613900 -1.007000 -4.488900 -8.654900 -7.768100 -6.211200 -34.613300 -29.722900 -188.065400 
0.870000 -3.213600 -3.121300 -2.067100 -0.371600 -2.335300 -3.265700 -6.536200 -5.194800 -18.950700 -43.513800 -272.089300 
0.872000 -1.243000 -8.068500 -2.857800 -1.959500 -1.117200 -7.645900 -7.216300 -7.879200 -11.310000 -37.489000 -154.740800 
0.874000 -1.479600 -4.394800 -1.513600 -1.023800 -2.962200 -3.695200 -11.299100 -7.155800 -8.630300 -36.296900 -183.411900 
0.876000 -0.650900 -2.248200 -1.647300 -2.020100 -4.351900 -13.012100 -4.940000 -5.582900 -13.984700 -83.986700 -248.757300 
0.878000 -1.230700 -3.643700 -3.668200 -1.819100 -4.543500 -4.918200 -2.559500 -7.831800 -10.397100 -44.161300 -253.171800 
0.880000 -2.318100 -1.721700 -3.853100 -0.378000 -1.213600 -7.768600 -4.575500 -6.595600 -5.550500 -44.475400 -214.168700 
0.882000 -2.223900 -1.291200 -1.965600 -2.539900 -3.853000 -7.816700 -7.698600 -3.044600 -8.492600 -44.360800 -368.047800 
0.884000 -0.990700 -3.373100 -1.965100 -1.386800 -4.220000 -5.254700 -6.462500 -7.508800 -7.437700 -30.452100 -388.788000 
0.886000 -1.010600 -1.107800 -6.348700 -2.521400 -2.274300 -5.189100 -10.800500 -6.058200 -8.104200 -37.998200 -347.626900 
0.888000 -1.042000 -3.261800 -4.977500 -1.762600 -1.181200 -3.131400 -9.623600 -7.676900 -4.003700 -53.405800 -261.795700 
0.890000 -2.876100 -3.825600 -6.155500 -1.297800 -5.374200 -3.228900 -5.724800 -2.621900 -11.306300 -30.084100 -200.139200 
0.892000 -0.863300 -1.738100 -2.852500 -1.346100 -2.165000 -5.931700 -6.222000 -11.638600 -3.865400 -64.152000 -195.393000 
0.894000 -1.586400 -6.308400 -1.928200 -1.591600 -5.910700 -3.114800 -1.876200 -5.337100 -7.255400 -31.489300 -223.655200 
0.896000 -1.214300 -4.415100 -1.566900 -3.573700 -5.204700 -5.086400 -8.352500 -4.714200 -7.283700 -43.179300 -242.873000 
0.898000 -3.356400 -1.966700 -2.364000 -0.550300 -2.657000 -4.929100 -5.301500 -6.394100 -10.671000 -44.311300 -267.096100 
0.900000 -3.603300 -5.623200 -4.307500 -3.202500 -8.215100 -11.298700 -2.017900 -5.845600 -8.939600 -42.239400 -299.216300 
0.902000 -2.318200 -2.300400 -3.807900 -1.969400 -2.981800 -4.273800 -2.413200 -8.921400 -9.931100 -56.209900 -169.029700 
0.904000 -0.847000 -3.485400 -3.308900 -1.747900 -1.475400 -3.732200 -5.351900 -9.464700 -9.201700 -46.103200 -243.894400 
0.906000 -0.728300 -5.615900 -6.564100 -2.093900 -2.150300 -1.787000 -8.395100 -10.898000 -8.235300 -32.875800 -202.429500 
0.908000 -1.789200 -4.783600 -3.394300 -1.311100 -1.113300 -0.661900 -4.280300 -16.106600 -11.494700 -44.697600 -263.914900 
0.910000 -1.041100 -7.456400 -3.195100 -0.692300 -1.286800 -7.606300 -3.521200 -7.652400 -8.767000 -21.611900 -263.954300 
0.912000 -0.832000 -4.231500 -1.521400 -2.268700 -1.756900 -3.624200 -3.766200 -4.300500 -5.691000 -35.239300 -330.374300 
0.914000 -1.218100 -2.233800 -3.108000 -2.219200 -4.090500 -3.845200 -5.119600 -5.435300 -6.641800 -44.179200 -454.472300 
0.916000 -1.202100 -3.434800 -2.125100 -3.442600 -4.204900 -7.290000 -4.859700 -7.710800 -6.300100 -47.626100 -306.716500 
0.918000 -1.030600 -2.688200 -2.671300 -0.481900 -3.236700 -10.546200 -6.035300 -6.725800 -4.005900 -47.123200 -312.172700 
0.920000 -2.060000 -2.663900 -2.353100 -0.464700 -4.315000 -5.282900 -7.112600 -5.845700 -15.269300 -42.002200 -298.032500 
0.922000 -1.998300 -3.503000 -2.247100 -1.803100 -1.497000 -9.428100 -8.427100 -3.848700 -6.526800 -46.473500 -310.355100 
0.924000 -1.038700 -4.151300 -3.860900 -1.414000 -0.865400 -3.470300 -2.968400 -4.970100 -8.435400 -40.154000 -350.750100 
0.926000 -1.813800 -4.065700 -3.318400 -1.725300 -3.592700 -7.128700 -13.028600 -9.542400 -12.013700 -56.811100 -304.083500 
0.928000 -2.195300 -2.032500 -2.043200 -4.822600 -5.111300 -5.458100 -13.927900 -11.668300 -5.662300 -35.538000 -219.735700 
0.930000 -1.984300 -2.681800 -2.895800 -3.134800 -2.657700 -4.746900 -5.412800 -9.478500 -10.597400 -63.314000 -235.958000 
0.932000 -0.789600 -3.300400 -4.090800 -2.428700 -3.152600 -4.217600 -7.419100 -5.449200 -14.793800 -36.051300 -182.618100 
0.934000 -0.382100 -2.940100 -5.678400 -0.328700 -3.094400 -3.987500 -6.346000 -4.105900 -8.180600 -60.174000 -238.339800 
0.936000 -1.778800 -4.728500 -4.260500 -3.937900 -1.925000 -7.548000 -5.936500 -19.008500 -6.234800 -42.797200 -211.872200 
0.938000 -0.654300 -3.635300 -4.234600 -0.349600 -1.999900 -3.504100 -8.208900 -11.467700 -19.591700 -31.330500 -230.574200 
0.940000 -1.325200 -1.692600 -2.793400 -1.970400 -3.137800 -4.088300 -5.040300 -7.040300 -7.511300 -35.359600 -288.609000 
0.942000 -0.608500 -1.727300 -3.478900 -1.982600 -1.833200 -0.990400 -3.607700 -8.977700 -11.869600 -46.804600 -227.991900 
0.944000 -2.693400 -3.777200 -1.351600 -0.570700 -1.541000 -3.768700 -6.310100 -8.064600 -11.593100 -33.012700 -124.705400 
0.946000 -0.413500 -3.179100 -2.002500 -2.070200 -1.726600 -3.761300 -8.830800 -6.430200 -14.915900 -51.096100 -227.152300 
0.948000 -1.054000 -2.553900 -2.487900 -4.404700 -1.979700 -4.164500 -6.774000 -3.917100 -15.544400 -48.082500 -223.954300 
0.950000 -1.581300 -1.257000 -1.748600 -1.901000 -5.628200 -3.123400 -3.419500 -3.626900 -13.646200 -43.731100 -239.909500 
0.952000 -1.549200 -1.746800 -2.924100 -0.361000 -3.010400 -1.122300 -8.274000 -10.811600 -10.315800 -49.649500 -284.806900 
0.954000 -3.183700 -1.698900 -3.119100 -1.619000 -3.664600 -3.197600 -6.798800 -9.249100 -7.346600 -70.761000 -301.387500 
0.956000 -1.234000 -3.946000 -5.245300 -4.499000 -5.286100 -3.750300 -10.583400 -11.722500 -22.178000 -37.598400 -251.846500 
0.958000 -2.266900 -1.109000 -2.621200 -2.182700 -2.722400 -4.652200 -5.772400 -3.863400 -17.745000 -48.328700 -304.759000 
0.960000 -1.466700 -2.612100 -2.423900 -1.258400 -1.834200 -1.681700 -4.283700 -5.068800 -13.105400 -50.958100 -288.044200 
0.962000 -0.413800 -3.086100 -3.254100 -0.522100 -2.540400 -3.395600 -4.918000 -3.050900 -14.887900 -25.099500 -440.128600 
0.964000 -1.525600 -3.425700 -2.291200 -2.044800 -4.627200 -5.062500 -3.254300 -4.396000 -22.597200 -43.431100 -253.983000 
0.966000 -1.763400 -1.837700 -2.243100 -1.592300 -3.575800 -3.992100 -11.056200 -5.616800 -7.522800 -43.073000 -216.142800 
0.968000 -2.749400 -1.268900 -1.965600 -1.038600 -4.981900 -1.266200 -5.422300 -9.853500 -10.947300 -36.950300 -289.677000 
0.970000 -0.951400 -2.553800 -1.635400 -1.111000 -2.264400 -3.123300 -7.119200 -13.015300 -8.638400 -47.347700 -237.496800 
0.972000 -0.341600 -2.400000 -4.523800 -0.611900 -2.472200 -6.555000 -4.472200 -12.468900 -16.177800 -48.813100 -171.896200 
0.974000 -0.492100 -0.978500 -1.494100 -0.878900 -4.065300 -2.336700 -10.339500 -8.136500 -5.794500 -49.817500 -201.455100 
0.976000 -0.258300 -2.316600 -2.155900 -1.204600 -2.718500 -3.812200 -14.393200 -8.288700 -3.512600 -75.221900 -193.461100 
0.978000 -0.503900 -2.344600 -3.652000 -2.896200 -3.662300 -2.956700 -10.091300 -9.643000 -16.276000 -32.558300 -238.068300 
0.980000 -0.880100 -3.835500 -1.872200 -1.824900 -1.766500 -4.658000 -4.133400 -12.574700 -12.528000 -40.758900 -255.002600 
0.982000 -0.973200 -3.678100 -1.700100 -1.878800 -3.597700 -3.940300 -14.943300 -9.976900 -20.580300 -59.942400 -280.402500 
0.984000 -1.054900 -3.913000 -2.662000 -1.514400 -1.604800 -2.468200 -5.813600 -6.538400 -13.592400 -51.101800 -245.055400 
0.986000 -1.295400 -1.791700 -2.896800 -0.583500 -2.918000 -7.099900 -6.966800 -5.923800 -11.127400 -44.114200 -163.539100 
0.988000 -1.387200 -2.248900 -2.621500 -1.725400 -2.287200 -6.235100 -9.203700 -4.104000 -14.087300 -37.602000 -171.915700 
0.990000 -2.138400 -3.450100 -2.275700 -2.127300 -1.031700 -1.472000 -5.421500 -5.737000 -12.978000 -46.785400 -146.976700 
0.992000 -0.431400 -2.233200 -0.867700 -0.577000 -3.965600 -4.689100 -9.416200 -3.174200 -11.471400 -32.374700 -161.320000 
0.994000 -0.586900 -3.442200 -2.109500 -1.074600 -3.357500 -6.675800 -9.506200 -3.345800 -9.273600 -36.988300 -162.900700 
0.996000 -1.017600 -3.865500 -1.934700 -0.456300 -1.649300 -3.251400 -7.474600 -9.794500 -12.040600 -38.427700 -191.880200 
0.998000 -1.059300 -2.261100 -4.184500 -2.402800 -2.004200 -2.544100 -5.092600 -7.380600 -8.433700 -31.206700 -84.168400 
