# gradients (DV/DL) for lambdas: 0.0 0.1 0.2 0.3 0.4 0.5 0.6 0.7 0.8 0.9 1.0
0.000000 -4.404500 -0.567300 -1.141700 -3.213000 -0.907200 -3.313000 -4.107200 -6.934400 -10.328100 -11.524100 -127.777700 
0.002000 -0.712500 -1.423500 -3.959800 -3.451200 -1.459500 -3.681700 -4.521700 -7.821700 -4.583700 -28.368700 -87.773200 
0.004000 -1.131600 -1.397800 -0.733700 -1.574100 -2.754800 -2.100400 -5.650700 -4.247400 -5.469700 -25.914300 -105.099700 
0.006000 -0.915700 -2.515700 -0.630600 -1.707100 -4.535200 -1.424600 -2.505300 -4.112300 -7.474900 -27.432700 -105.504200 
0.008000 -0.904300 -1.241000 -0.583100 -3.639700 -1.813800 -4.722600 -6.302100 -7.746200 -6.363200 -22.054100 -110.512700 
0.010000 -3.900000 -1.694100 -1.347500 -1.020100 -3.371400 -4.789200 -3.810300 -6.601400 -6.382600 -10.505100 -126.993500 
0.012000 -1.691400 -0.318100 -0.992700 -2.691000 -1.356200 -1.600300 -9.398700 -4.174400 -8.833000 -16.414100 -177.270000 
0.014000 -1.630000 -2.912000 -0.521900 -1.768600 -2.825300 -2.350300 -4.585000 -6.610100 -7.471600 -45.751800 -123.941200 
0.016000 -1.705500 -1.046200 -0.387000 -1.183000 -3.028300 -3.844100 -6.845000 -6.618400 -3.002700 -48.117900 -102.771700 
0.018000 -1.668100 -2.931700 -0.670300 -1.427000 -6.129700 -6.428300 -3.492500 -3.092000 -3.155000 -43.418500 -118.056400 
0.020000 -1.549700 -1.532600 -2.749000 -2.679200 -6.507500 -3.171100 -7.796800 -3.538700 -13.327600 -37.433100 -100.190500 
0.022000 -1.266100 -0.410500 -0.625800 -1.599700 -1.784000 -3.340200 -3.010000 -4.141700 -15.753300 -36.718800 -86.027200 
0.024000 -0.362800 -0.646200 -1.425000 -2.022100 -2.387300 -3.867900 -2.821900 -3.748400 -6.195500 -49.697000 -114.094900 
0.026000 -0.918800 -2.264300 -1.062400 -2.142800 -2.399100 -2.310300 -1.964200 -4.421200 -7.840600 -46.366000 -143.422200 
0.028000 -1.440100 -0.739100 -2.047600 -2.669300 -3.666200 -4.991900 -2.165500 -2.940800 -12.466800 -66.711100 -152.969000 
0.030000 -2.369500 -1.831300 -0.579400 -3.349300 -5.002400 -3.521300 -6.714900 -6.660200 -8.525600 -50.796500 -132.942700 
0.032000 -4.632300 -2.801400 -3.011300 -2.013600 -2.573200 -3.978700 -4.628200 -2.593600 -4.270600 -29.462600 -136.905200 
0.034000 -4.673200 -2.137900 -0.753700 -3.026000 -3.098500 -6.894100 -1.440000 -4.327500 -13.501600 -39.539900 -124.432000 
0.036000 -3.495200 -0.677900 -3.805600 -0.628700 -2.700600 -1.743700 -1.991400 -4.270000 -6.304200 -31.657300 -108.978500 
0.038000 -1.674300 -1.302500 -3.454300 -1.122500 -5.319000 -4.836800 -2.348300 -5.966800 -11.760300 -19.758900 -123.728200 
0.040000 -1.147200 -2.294700 -1.400200 -1.854400 -2.108800 -4.350800 -7.495500 -4.756700 -7.296500 -33.879300 -124.111700 
0.042000 -3.710600 -1.574300 -1.893100 -2.488500 -2.058700 -5.355300 -5.721100 -2.304700 -6.056100 -23.640000 -106.273000 
0.044000 -3.845900 -1.612300 -3.206700 -2.321300 -1.926400 -2.179000 -3.158700 -9.182800 -6.845300 -32.877100 -126.595300 
0.046000 -1.633900 -3.247200 -1.469200 -1.850300 -3.803900 -7.741100 -2.684000 -3.917200 -12.626400 -10.211000 -116.427600 
0.048000 -3.304300 -1.089300 -1.489600 -0.445500 -7.063700 -6.312700 -5.323300 -7.087800 -10.452900 -18.432400 -116.919600 
0.050000 -2.280700 -0.777500 -1.693800 -1.803700 -1.414100 -5.513300 -8.879900 -8.151400 -8.333800 -17.129800 -131.272700 
0.052000 -1.600300 -2.431900 -0.491400 -1.774000 -3.969600 -8.741000 -2.761300 -10.105700 -9.536200 -20.365700 -107.547200 
0.054000 -2.017900 -1.830000 -1.411700 -1.891800 -2.779700 -5.326200 -3.210500 -7.182000 -2.849000 -12.675500 -103.772800 
0.056000 -5.708300 -1.587400 -1.336300 -3.657800 -3.034700 -5.357300 -7.334000 -4.398100 -4.963900 -21.310500 -113.909800 
0.058000 -1.144400 -3.689300 -0.770300 -1.064900 -4.367100 -8.599400 -6.760100 -8.177900 -3.655900 -20.193200 -108.574200 
0.060000 -1.432600 -1.102700 -1.575800 -7.396700 -4.110200 -10.817500 -2.083600 -2.423700 -9.877200 -44.284700 -152.063500 
0.062000 -3.556900 -0.568400 -1.571200 -1.133400 -3.727600 -7.385200 -5.032000 -6.075800 -2.604700 -36.136600 -140.139500 
0.064000 -1.418700 -3.848500 -0.958300 -1.129400 -4.048400 -6.824000 -3.744600 -10.216500 -4.562600 -28.767800 -136.263400 
0.066000 -1.508600 -3.767700 -1.821600 -2.308900 -3.406600 -5.316800 -5.588900 -7.601200 -10.164200 -34.262600 -90.316300 
0.068000 -1.973700 -3.412800 -1.873800 -4.020300 -2.519100 -5.840900 -5.599600 -5.881000 -6.811800 -32.450400 -95.807700 
0.070000 -1.193000 -0.811200 -4.006300 -1.191300 -6.892000 -4.552600 -2.916600 -6.446000 -8.988100 -24.770100 -107.122200 
0.072000 -0.892200 -2.447600 -1.503500 -0.486000 -3.384500 -7.884600 -8.524500 -6.234200 -7.848900 -28.851200 -96.356100 
0.074000 -3.990600 -3.002300 -2.710500 -2.001400 -3.177400 -7.399700 -5.035500 -6.195300 -4.426400 -20.537400 -115.487600 
0.076000 -2.655700 -1.146800 -3.100400 -2.021800 -2.177000 -6.855400 -11.024900 -0.936400 -5.781900 -38.176800 -115.788300 
0.078000 -2.834900 -2.209000 -0.980700 -0.961700 -2.693100 -3.924500 -11.025200 -4.193300 -3.724900 -39.131100 -94.978500 
0.080000 -0.611500 -3.527800 -1.154700 -2.679500 -2.279900 -7.231700 -6.920100 -6.218000 -5.229000 -31.746400 -115.661500 
0.082000 -2.117200 -2.449300 -1.974500 -4.520300 -2.131400 -4.476800 -6.878800 -5.681900 -6.737600 -34.211900 -107.354300 
0.084000 -1.557000 -2.132800 -2.892900 -1.115200 -3.032400 -5.560300 -10.125500 -6.206800 -6.111700 -26.805100 -126.295500 
0.086000 -1.793500 -1.232800 -1.921800 -3.715100 -2.055600 -3.475800 -9.819900 -9.089400 -4.488500 -24.217400 -112.100900 
0.088000 -3.373300 -1.484100 -1.393600 -2.394300 -1.960000 -3.165900 -5.893100 -5.455700 -4.013800 -24.467600 -106.023900 
0.090000 -1.467400 -3.528300 -1.989200 -2.722900 -3.883000 -3.676600 -0.770800 -7.091600 -16.715400 -32.371700 -121.502700 
0.092000 -3.360100 -1.006800 -3.124700 -2.113800 -3.778100 -1.941800 -2.630400 -6.027400 -7.012300 -24.402600 -99.065800 
0.094000 -1.634600 -0.306100 -1.201800 -2.131500 -1.923500 -8.072700 -4.025100 -4.752900 -3.021400 -24.295000 -83.981200 
0.096000 -3.221700 -1.705300 -1.910900 -2.431700 -2.002600 -2.992500 -4.329600 -1.602900 -3.652700 -49.588700 -106.518900 
0.098000 -2.494700 -2.625100 -0.907800 -1.335000 -3.614500 -5.071000 -2.830200 -2.425300 -8.247100 -32.348300 -116.150700 
0.100000 -1.028300 -1.427500 -1.865000 -1.613600 -2.311400 -1.415300 -3.275700 -4.342700 -3.530900 -29.321400 -111.032700 
0.102000 -2.167800 -3.984300 -1.582400 -1.075500 -1.821400 -2.468300 -3.259000 -3.699000 -6.712700 -28.615100 -127.289700 
0.104000 -2.294800 -1.996000 -0.666100 -3.095400 -2.551500 -6.022900 -4.371900 -8.302100 -6.723000 -28.698500 -146.280800 
0.106000 -1.670800 -0.643500 -2.529700 -2.003100 -5.976500 -3.062300 -10.202900 -6.698900 -6.544900 -24.510100 -100.422600 
0.108000 -3.782800 -1.298000 -1.573700 -1.669900 -3.712300 -3.989900 -1.405200 -8.203100 -3.261200 -30.997900 -111.830000 
0.110000 -1.409500 -2.729300 -2.229000 -1.865900 -2.586700 -3.697800 -2.298000 -5.858700 -4.583900 -33.977200 -96.402200 
0.112000 -0.578400 -3.031300 -2.714200 -5.477700 -5.524500 -6.270200 -6.492300 -6.899800 -5.729200 -30.463000 -119.393500 
0.114000 -1.491200 -1.153200 -2.751900 -2.166100 -4.214700 -7.172900 -7.171300 -4.862400 -5.151200 -27.564300 -127.218700 
0.116000 -1.054500 -1.260000 -0.755100 -2.791100 -3.003900 -7.749600 -1.096700 -5.933800 -4.336400 -21.855000 -108.743300 
0.118000 -0.639000 -2.960300 -2.921300 -1.864700 -8.628400 -3.432700 -1.918700 -4.533000 -2.496500 -19.509000 -115.147200 
0.120000 -0.691400 -3.732800 -0.789000 -3.766400 -4.564900 -6.133200 -1.434300 -5.226900 -4.055700 -16.425800 -125.745100 
0.122000 -1.673700 -1.194600 -2.186500 -1.151100 -4.009000 -6.653300 -6.857200 -3.289500 -10.032800 -50.277900 -157.534400 
0.124000 -2.631900 -3.206200 -2.892100 -1.849300 -3.891700 -3.334700 -3.785500 -2.090900 -9.394500 -24.300600 -122.381300 
0.126000 -0.716200 -1.347600 -1.008000 -1.913600 -3.559600 -7.028200 -2.256600 -3.911200 -5.403300 -30.400100 -108.537000 
0.128000 -2.679100 -3.294000 -0.917000 -5.647700 -3.035100 -2.500500 -2.281800 -5.986500 -8.040400 -30.601600 -111.487800 
0.130000 -1.364300 -3.039400 -1.781000 -2.319800 -2.350200 -5.486200 -3.951100 -9.373800 -18.871400 -38.025800 -91.702800 
0.132000 -1.492800 -2.193800 -1.428100 -1.610500 -4.953500 -4.340000 -2.093100 -1.528900 -8.240500 -25.576100 -133.740900 
0.134000 -2.503400 -1.909600 -0.286800 -4.602600 -1.612100 -5.718300 -7.158000 -3.488100 -8.560900 -14.859600 -105.496400 
0.136000 -0.494200 -2.122200 -1.968300 -2.850500 -1.291500 -7.474600 -8.784000 -2.731500 -2.218200 -24.991500 -143.096500 
0.138000 -3.008600 -0.217400 -2.999900 -1.300500 -1.241900 -6.576400 -10.047100 -2.281100 -2.835700 -36.628400 -107.481000 
0.140000 -1.582600 -0.929400 -4.955400 -6.267900 -1.521800 -5.020600 -6.339900 -3.563500 -6.043700 -33.439600 -90.865900 
0.142000 -3.080700 -1.184100 -2.036500 -3.702900 -2.010600 -3.237800 -10.501400 -7.945900 -3.512900 -20.050900 -139.525100 
0.144000 -1.401900 -1.310500 -1.717100 -2.291600 -3.745500 -2.102700 -5.225800 -3.901500 -5.363500 -26.233200 -124.716000 
0.146000 -3.911200 -2.175100 -3.482400 -1.304100 -4.924600 -2.113500 -8.624700 -2.907200 -6.286500 -21.973500 -127.878100 
0.148000 -3.156400 -0.715200 -2.794200 -3.244500 -3.833600 -5.610400 -3.454700 -3.980300 -6.913500 -23.410400 -89.936800 
0.150000 -1.611700 -1.979800 -2.042500 -2.352400 -1.993900 -2.473100 -11.922700 -3.652200 -2.527100 -27.565000 -97.952000 
0.152000 -3.153100 -1.753300 -2.844500 -7.383200 -3.586600 -2.327300 -4.796100 -5.727000 -3.735300 -43.973300 -111.375100 
0.154000 -1.934700 -0.921200 -1.482300 -3.159300 -2.166700 -2.978800 -5.000500 -3.263900 -6.283300 -28.008800 -113.664700 
0.156000 -1.853200 -3.100700 -2.782600 -2.859800 -1.150500 -2.308700 -2.181000 -8.383600 -3.553900 -24.204000 -85.045700 
0.158000 -4.133200 -0.916100 -2.464000 -1.093100 -3.213000 -0.530400 -1.305400 -5.357500 -7.862800 -43.663500 -102.529100 
0.160000 -3.103900 -0.749200 -3.761200 -7.129300 -1.594500 -7.120000 -1.682200 -4.021100 -4.700100 -31.118800 -88.166500 
0.162000 -0.256600 -2.633600 -2.280800 -2.153000 -2.680600 -1.382900 -4.924600 -4.196000 -7.841800 -31.572800 -105.567800 
0.164000 -1.378800 -1.239300 -0.504800 -6.173900 -4.294100 -1.797400 -4.724400 -2.308100 -8.085000 -47.892800 -100.617600 
0.166000 -2.803700 -1.627800 -0.489000 -3.442500 -2.349900 -4.602200 -3.318100 -1.175400 -8.335100 -20.480900 -97.116100 
0.168000 -1.306000 -1.988500 -3.913900 -3.971500 -2.518300 -5.169400 -1.519200 -12.147500 -3.979300 -40.148900 -96.648300 
0.170000 -1.006000 -2.497100 -2.982600 -3.500100 -2.597500 -5.347500 -1.338700 -8.020700 -4.111500 -33.503700 -77.365400 
0.172000 -1.005000 -1.488500 -1.463800 -6.033200 -0.943200 -4.094600 -2.609400 -6.372800 -5.830600 -19.876300 -117.797000 
0.174000 -1.828600 -1.394400 -0.680600 -1.883400 -0.982600 -3.079700 -1.327500 -4.264400 -5.299400 -36.218000 -140.275500 
0.176000 -1.604800 -1.707800 -0.807900 -0.803900 -3.590000 -1.511700 -5.733900 -4.893500 -17.665500 -25.024700 -98.046400 
0.178000 -1.002700 -1.620100 -3.359800 -1.148200 -3.361100 -1.358400 -3.904000 -4.745300 -4.944400 -39.300800 -116.077900 
0.180000 -4.857000 -1.769700 -1.247100 -1.812900 -2.057000 -3.545800 -1.496400 -5.082800 -8.695300 -13.105900 -83.843100 
0.182000 -1.530500 -1.587100 -1.720800 -1.548600 -2.477700 -1.840400 -3.257800 -3.709400 -8.940700 -32.621400 -137.489800 
0.184000 -1.726300 -1.191700 -1.469200 -2.049700 -1.133200 -2.649700 -4.144800 -5.756700 -4.631600 -34.862600 -112.803600 
0.186000 -4.820600 -2.171800 -0.547400 -1.116100 -3.471600 -2.074900 -0.406500 -4.700100 -8.136700 -23.870300 -115.579300 
0.188000 -1.637200 -1.613200 -2.462100 -1.763400 -0.856000 -1.102300 -4.931600 -4.703600 -7.696200 -26.495700 -100.861800 
0.190000 -0.736000 -2.468800 -1.957000 -1.864800 -1.281000 -3.094300 -4.511200 -3.444400 -7.357000 -18.518300 -101.180300 
0.192000 -2.269000 -4.342700 -0.842600 -3.628400 -1.612200 -2.162100 -1.234700 -8.710300 -7.964200 -14.799500 -113.619300 
0.194000 -1.943400 -2.133900 -1.818000 -1.863400 -1.359200 -4.380400 -2.376400 -4.265500 -7.116300 -26.951300 -149.349500 
0.196000 -2.058300 -1.351600 -1.312300 -2.080200 -2.792300 -3.704000 -3.013400 -4.384500 -9.861400 -23.184100 -126.549700 
0.198000 -3.633900 -1.433100 -0.991900 -2.436800 -3.799000 -4.960000 -0.553400 -2.843100 -8.040000 -28.121000 -94.934100 
0.200000 -3.390600 -3.695600 -0.436000 -1.293500 -5.032100 -3.224300 -1.702300 -6.338400 -13.152300 -28.221100 -80.909100 
0.202000 -3.252200 -2.247900 -2.314500 -3.007300 -2.265400 -4.826500 -0.606800 -9.052100 -5.821800 -22.174600 -100.069800 
0.204000 -2.630500 -1.363900 -2.306400 -4.873800 -1.365700 -4.411400 -5.217200 -7.951700 -7.726000 -46.671000 -87.978100 
0.206000 -3.557000 -1.424800 -2.627900 -1.188000 -1.736800 -1.008700 -0.760400 -3.483300 -12.028400 -26.696800 -137.267600 
0.208000 -1.321700 -2.845100 -4.138700 -6.007600 -3.528700 -4.265300 -6.016000 -4.452200 -3.177400 -22.239600 -94.359700 
0.210000 -1.897800 -2.419800 -1.860800 -0.957000 -3.269700 -5.393800 -2.078000 -5.464700 -4.966100 -31.630100 -116.120500 
0.212000 -0.924500 -2.138300 -1.550900 -6.128500 -1.924700 -2.379500 -1.840900 -6.270700 -6.708000 -30.980400 -94.323100 
0.214000 -3.210100 -2.063100 -2.458800 -2.353600 -0.781400 -5.157200 -2.696000 -4.468600 -4.442800 -39.264400 -91.204300 
0.216000 -3.185600 -3.426800 -2.504900 -2.536700 -2.355200 -3.021800 -1.403300 -6.296500 -3.392200 -29.221500 -122.494900 
0.218000 -0.848800 -1.078500 -2.220000 -2.905500 -0.667200 -2.913400 -1.695600 -5.167600 -3.798200 -25.004500 -106.770500 
0.220000 -1.495000 -0.263500 -0.550000 -3.833900 -1.535000 -2.045700 -2.601500 -3.288800 -4.006100 -23.274400 -106.331200 
0.222000 -4.309500 -3.194300 -0.592400 -2.297000 -5.424700 -2.429700 -4.071400 -11.744000 -5.610500 -28.476700 -116.830200 
0.224000 -2.673100 -2.544800 -1.463400 -3.707400 -4.621100 -5.490000 -2.287400 -6.254100 -4.204700 -31.161400 -108.493100 
0.226000 -1.238000 -2.113500 -1.873300 -6.957200 -3.053100 -3.165100 -1.791000 -8.314200 -2.777100 -25.518000 -101.432500 
0.228000 -2.162000 -2.427100 -0.416600 -3.830200 -4.699100 -3.979700 -4.022600 -5.848200 -4.344100 -26.674100 -116.536400 
0.230000 -3.164400 -1.896500 -0.413300 -2.330300 -4.812900 -3.179100 -2.281900 -6.084600 -8.611900 -22.665100 -84.817700 
0.232000 -4.846200 -1.519500 -1.099000 -3.530500 -4.049400 -3.216000 -4.801200 -4.113300 -6.697400 -31.436900 -80.696600 
0.234000 -0.959300 -2.729800 -1.804600 -7.314500 -0.335700 -4.572800 -3.959400 -6.285500 -5.691400 -25.892900 -117.290800 
0.236000 -0.796300 -4.364700 -1.673600 -4.888900 -6.071500 -5.378800 -2.202500 -7.927600 -7.296500 -28.812000 -93.174000 
0.238000 -3.441500 -3.838600 -0.968200 -4.518400 -3.795000 -8.804400 -3.220900 -4.046500 -8.472900 -22.574600 -115.996300 
0.240000 -2.483600 -0.642700 -1.478000 -4.334000 -4.773600 -3.594200 -1.861200 -4.082700 -4.770300 -16.240600 -104.759500 
0.242000 -1.637700 -4.634700 -0.998100 -2.624900 -4.167100 -4.349100 -3.102000 -7.106500 -11.015200 -29.194400 -102.390300 
0.244000 -2.773300 -0.937100 -1.117200 -3.941500 -7.799100 -4.519800 -4.826600 -3.039100 -5.732900 -48.017100 -130.506200 
0.246000 -2.110500 -1.004500 -0.612100 -5.153500 -1.840200 -1.748300 -3.965100 -9.844400 -5.564900 -33.915700 -49.308900 
0.248000 -0.571200 -2.063600 -1.333600 -2.421900 -3.200500 -5.114300 -1.390200 -5.470400 -6.157900 -23.348500 -113.382200 
0.250000 -0.792200 -0.888700 -0.519600 -3.782100 -4.742400 -1.320900 -2.382800 -7.280300 -3.254400 -29.700700 -115.707400 
0.252000 -2.958200 -0.953200 -0.775300 -4.911100 -2.982900 -4.637400 -4.133300 -3.767400 -7.275200 -23.598700 -130.931500 
0.254000 -1.446800 -3.080500 -2.295600 -2.841900 -4.610100 -8.991300 -1.968500 -5.573300 -5.550100 -27.304000 -118.367500 
0.256000 -1.850000 -0.740500 -2.564800 -3.764700 -2.111600 -4.861100 -5.320100 -6.236900 -12.289000 -27.932700 -100.058900 
0.258000 -2.523100 -1.311100 -3.672800 -4.563200 -4.141600 -3.595000 -2.866000 -2.615700 -6.433300 -24.374100 -73.847300 
0.260000 -0.989200 -1.409300 -4.404800 -1.854800 -2.565800 -4.520100 -8.367700 -5.058900 -8.637300 -22.409400 -69.550100 
0.262000 -3.351000 -1.207000 -0.453100 -0.458200 -1.782400 -4.229200 -4.461300 -5.468100 -10.529300 -28.938700 -105.715900 
0.264000 -1.762300 -1.040100 -1.942000 -3.848900 -1.984000 -14.098800 -2.477800 -2.709200 -3.026000 -34.493300 -74.097500 
0.266000 -1.279400 -3.129800 -1.552400 -3.180200 -1.671200 -5.378700 -6.712200 -7.327800 -6.438700 -40.205600 -87.388400 
0.268000 -1.673900 -2.252600 -3.189600 -6.670200 -2.595400 -2.758700 -2.695900 -6.524400 -5.042700 -26.973000 -85.792500 
0.270000 -2.462100 -1.585300 -0.475600 -5.299900 -1.386800 -1.018100 -6.128300 -3.325500 -6.114000 -38.095300 -103.325400 
0.272000 -2.681900 -2.792100 -2.888300 -1.368400 -3.357700 -5.532000 -4.032700 -3.394000 -3.532800 -44.448000 -80.230200 
0.274000 -1.149300 -0.296400 -0.676300 -5.189000 -5.101500 -1.791000 -3.487100 -2.915400 -3.217000 -38.234300 -98.250600 
0.276000 -1.248200 -2.504000 -1.608600 -5.415100 -6.991600 -1.192600 -2.998900 -2.734900 -3.127800 -31.076200 -84.565500 
0.278000 -1.619700 -2.312600 -1.349700 -2.872800 -4.306500 -1.898600 -2.088100 -5.640600 -1.711100 -25.020000 -119.235300 
0.280000 -1.689200 -1.148200 -1.051000 -3.005500 -3.301800 -4.914200 -1.679100 -5.765800 -16.454100 -43.280500 -107.643000 
0.282000 -2.352100 -3.471700 -1.053900 -7.907400 -3.186100 -3.906600 -2.580400 -5.640800 -5.210600 -34.526900 -100.208800 
0.284000 -1.502600 -3.126100 -1.801600 -1.999800 -4.421800 -5.371500 -0.657400 -8.562200 -1.591500 -36.757700 -75.031600 
0.286000 -1.761600 -1.079800 -1.514300 -2.661500 -3.503100 -3.459300 -3.528200 -4.871100 -6.671000 -37.489100 -79.998600 
0.288000 -1.487300 -1.460200 -2.108000 -3.669700 -5.265500 -4.737500 -1.781100 -4.110900 -8.337200 -33.188900 -114.588100 
0.290000 -2.277500 -1.691700 -1.393300 -3.000400 -2.220200 -6.770300 -0.672000 -3.944700 -5.419200 -25.042300 -126.684600 
0.292000 -2.940700 -0.610400 -2.436800 -3.343600 -2.857900 -8.542500 -3.886300 -4.094900 -9.170100 -35.834500 -109.894800 
0.294000 -2.269000 -0.475600 -1.723300 -4.167800 -2.505600 -5.016000 -3.294700 -14.062500 -18.388800 -49.838800 -109.109000 
0.296000 -2.673900 -1.827100 -1.023300 -5.325600 -3.299700 -5.389500 -2.660000 -5.399900 -10.098000 -28.330600 -118.175100 
0.298000 -1.165400 -1.695700 -2.886600 -1.868300 -0.580400 -7.849000 -3.401100 -1.733900 -7.757400 -30.434900 -99.754400 
0.300000 -2.204600 -2.154800 -2.274100 -3.189300 -3.689500 -4.429500 -2.499800 -5.853500 -6.847400 -39.719700 -114.869000 
0.302000 -1.395400 -1.333000 -1.571900 -0.506500 -2.413300 -3.230600 -2.479400 -11.234000 -7.956900 -32.296600 -117.622500 
0.304000 -1.031000 -3.142300 -1.811500 -2.890600 -2.090200 -4.735800 -1.286500 -3.718100 -4.158800 -24.921000 -102.268200 
0.306000 -2.790700 -1.784100 -1.891900 -1.916000 -4.360700 -6.542600 -1.908200 -4.452700 -8.661400 -34.560000 -109.598100 
0.308000 -1.363400 -0.917600 -3.659500 -5.905600 -3.625300 -9.229800 -4.026100 -7.426100 -9.870400 -31.321000 -95.222200 
0.310000 -1.825100 -0.299900 -1.859600 -9.844200 -2.428800 -3.217100 -3.337200 -9.346900 -3.962200 -29.084900 -114.274300 
0.312000 -0.612800 -1.414600 -2.540400 -4.871500 -2.227600 -2.553300 -2.591000 -7.916200 -11.929100 -31.580500 -106.018300 
0.314000 -1.205400 -1.947800 -1.469000 -1.585400 -4.276800 -4.789400 -2.124800 -5.187200 -3.553400 -28.205000 -98.953300 
0.316000 -2.567000 -0.455400 -0.990200 -1.751000 -5.507800 -1.975200 -2.614000 -7.262500 -7.030500 -47.793300 -117.413600 
0.318000 -1.345200 -2.201500 -1.281500 -4.770600 -0.622400 -4.431700 -3.302300 -6.731200 -11.548600 -30.542500 -107.013100 
0.320000 -2.641600 -2.812800 -0.622300 -1.844000 -3.682200 -2.371000 -0.583800 -6.173000 -8.549900 -42.139500 -135.925600 
0.322000 -2.249600 -4.657400 -2.358700 -2.671100 -4.097600 -1.376700 -3.185500 -4.680700 -4.377900 -42.664500 -144.425000 
0.324000 -2.194700 -2.731100 -0.679000 -2.584700 -2.687100 -8.159600 -2.361300 -3.117900 -8.667100 -38.295900 -111.428400 
0.326000 -1.749500 -0.743900 -2.459200 -3.529300 -2.657200 -2.889800 -3.973600 -9.966600 -7.325600 -31.820800 -110.976800 
0.328000 -2.863500 -3.424800 -1.694000 -3.232600 -6.378900 -5.509000 -2.577500 -9.376200 -11.713100 -37.030100 -87.494700 
0.330000 -3.842600 -0.651600 -1.230900 -1.699500 -3.528800 -6.959000 -4.093400 -10.985400 -8.761600 -33.507100 -107.870500 
0.332000 -1.437000 -1.411100 -0.961200 -2.971000 -2.459700 -2.381500 -1.664200 -11.415500 -7.121100 -41.984600 -120.130100 
0.334000 -2.921700 -0.983700 -0.661200 -3.121200 -1.867100 -2.568000 -6.796800 -7.569500 -7.485500 -37.125800 -104.220900 
0.336000 -1.802000 -0.960300 -0.320700 -4.057600 -1.887900 -3.270100 -10.073500 -3.217000 -16.852000 -34.031000 -124.945500 
0.338000 -1.123700 -1.188600 -2.112700 -2.702400 -3.421400 -7.216400 -1.989500 -4.884200 -8.838500 -23.106100 -114.501800 
0.340000 -1.704500 -1.864300 -6.356800 -1.800800 -3.416400 -3.070200 -3.053500 -5.520000 -4.734900 -41.113600 -120.790700 
0.342000 -3.701900 -2.128200 -2.738400 -1.911000 -3.345900 -2.660500 -3.435400 -7.225000 -5.140100 -31.734400 -116.733800 
0.344000 -2.542800 -0.846500 -3.981300 -1.283200 -2.154100 -4.288800 -4.776100 -3.769000 -5.947600 -48.790700 -96.092800 
0.346000 -1.319400 -1.291000 -3.464400 -1.936500 -2.907500 -2.171200 -2.740900 -7.665600 -3.622900 -30.437000 -112.874700 
0.348000 -2.439400 -3.029100 -3.057400 -2.132800 -2.311200 -1.022100 -2.201600 -7.873100 -7.879600 -29.858700 -139.754000 
0.350000 -1.844600 -0.973000 -1.363000 -2.538600 -0.954100 -2.082100 -3.727500 -8.721000 -6.846900 -16.331300 -105.056600 
0.352000 -5.478500 -1.347400 -0.874600 -3.697800 -2.712900 -4.093000 -1.872200 -5.983500 -8.719200 -22.058700 -129.236300 
0.354000 -2.845800 -2.074300 -1.205800 -2.526400 -1.300000 -3.158800 -1.620000 -5.502700 -8.490800 -65.474800 -143.769200 
0.356000 -2.348200 -0.985100 -4.885600 -3.204900 -2.399200 -2.482600 -3.197200 -6.210000 -11.739600 -22.921800 -124.257900 
0.358000 -3.488500 -1.683000 -2.410000 -3.136100 -0.898200 -4.702200 -1.435000 -6.620200 -10.366800 -28.550400 -149.603700 
0.360000 -2.895800 -0.290000 -2.729600 -2.718800 -3.971500 -5.259400 -3.296200 -3.452100 -1.900700 -37.435300 -111.667500 
0.362000 -2.000400 -2.357600 -3.849000 -1.953600 -2.345900 -3.738500 -3.080900 -4.745100 -7.201600 -31.970000 -136.094500 
0.364000 -3.347500 -1.737300 -2.961200 -3.013900 -3.355400 -3.241300 -2.540400 -6.486500 -3.305300 -20.375700 -135.223100 
0.366000 -1.312900 -2.982000 -3.776000 -1.768400 -1.203700 -2.686300 -2.074500 -6.669600 -6.405000 -40.502400 -114.098600 
0.368000 -1.216800 -1.170800 -0.946600 -1.644900 -1.478100 -1.035800 -2.245700 -7.664200 -3.855500 -37.316600 -133.863700 
0.370000 -4.166100 -1.586700 -2.623200 -0.550000 -2.670000 -1.776600 -0.928000 -5.572100 -6.141900 -21.707100 -165.621100 
0.372000 -5.145200 -1.133800 -1.058600 -0.857600 -1.061600 -3.116900 -2.191500 -4.840200 -4.110900 -23.865000 -119.757000 
0.374000 -2.205400 -0.866500 -1.792600 -3.858200 -3.835900 -0.394300 -3.034300 -4.279900 -7.183800 -59.751800 -141.377500 
0.376000 -0.801700 -0.805800 -1.456400 -1.828900 -1.835400 -5.309100 -0.611300 -3.306900 -8.572600 -32.049400 -118.147300 
0.378000 -2.258800 -1.278300 -4.001500 -3.810000 -2.538100 -1.060700 -8.266200 -4.318100 -6.356000 -30.213000 -109.109000 
0.380000 -2.431300 -1.474300 -1.907900 -3.429200 -0.906200 -3.231000 -4.373800 -6.231700 -4.111700 -40.692800 -145.104600 
0.382000 -2.332300 -1.172100 -1.379900 -3.812100 -1.795700 -3.003700 -2.215000 -6.011300 -6.181400 -42.579800 -108.923800 
0.384000 -2.419200 -2.431800 -1.611400 -8.032500 -1.589100 -3.283000 -2.868800 -8.379000 -3.735800 -46.050600 -94.398000 
0.386000 -1.467500 -0.797800 -1.362500 -1.345900 -2.142700 -3.694400 -4.308700 -11.778900 -2.831700 -44.754900 -131.092600 
0.388000 -4.039800 -1.125800 -2.735700 -4.560600 -5.087800 -3.453600 -2.793300 -4.626200 -10.227200 -38.023500 -120.280800 
0.390000 -2.408700 -1.610300 -0.973400 -4.816200 -1.774500 -7.147600 -6.040400 -5.387900 -7.622000 -31.933800 -132.014300 
0.392000 -3.625800 -0.290300 -1.102000 -2.960800 -8.580000 -3.591600 -3.735300 -5.653100 -5.998200 -22.293100 -113.737900 
0.394000 -0.903800 -3.171700 -1.826700 -2.596200 -7.514700 -2.832300 -2.051100 -8.370600 -6.997300 -26.647100 -93.207500 
0.396000 -3.413100 -1.168400 -1.559300 -1.169000 -4.226800 -1.352600 -4.547600 -6.345000 -5.574200 -37.950500 -152.648900 
0.398000 -2.768300 -2.960300 -1.446100 -5.767200 -2.993000 -5.351500 -2.862700 -6.032000 -5.841700 -37.797700 -152.997500 
0.400000 -4.012700 -1.526700 -2.185600 -6.188200 -3.836900 -4.282400 -3.080400 -5.895500 -3.117400 -28.200500 -90.697400 
0.402000 -2.034600 -2.496300 -3.944900 -4.343600 -7.268900 -7.016500 -6.383700 -6.629100 -14.060800 -34.169200 -115.222200 
0.404000 -0.265100 -1.556000 -0.985000 -5.034900 -7.180900 -0.490600 -4.804400 -4.175800 -2.507400 -29.967800 -105.753400 
0.406000 -2.366500 -1.359000 -2.071100 -2.395800 -6.038600 -3.862300 -3.749000 -9.935300 -4.980600 -32.691100 -99.719900 
0.408000 -2.029800 -3.803600 -0.751600 -3.970000 -4.130400 -9.146500 -2.704800 -10.291900 -3.687000 -28.499500 -112.497200 
0.410000 -3.942000 -5.885100 -0.599700 -1.207100 -2.788200 -4.159400 -4.141100 -8.965200 -2.336200 -45.533500 -103.482800 
0.412000 -0.677800 -2.004700 -2.831900 -0.751200 -3.727300 -4.828900 -4.339500 -5.711200 -7.079500 -33.456300 -139.772200 
0.414000 -1.168900 -3.190100 -2.619000 -2.544800 -3.505600 -4.397000 -4.295600 -8.569000 -8.955100 -34.346900 -99.996100 
0.416000 -1.811000 -1.126900 -2.951800 -1.788100 -9.311900 -5.923100 -2.823500 -3.928200 -3.098400 -36.285400 -140.677700 
0.418000 -1.981600 -0.433200 -1.581000 -2.061100 -6.337400 -5.214600 -3.770800 -5.018500 -2.018700 -24.644000 -130.907500 
0.420000 -1.225300 -1.004100 -1.864800 -3.959400 -8.774500 -7.915600 -4.702900 -6.177300 -6.754600 -41.268200 -96.894900 
0.422000 -1.429400 -1.397500 -1.936000 -1.720900 -4.527200 -2.952000 -4.932500 -4.537800 -8.560700 -42.478800 -145.178600 
0.424000 -3.265900 -2.706600 -1.702800 -2.724600 -10.412500 -3.121500 -2.811400 -4.441200 -3.138100 -29.707400 -95.219400 
0.426000 -2.088100 -1.249200 -2.024700 -1.083200 -9.773900 -6.005000 -3.106100 -7.054900 -5.666100 -32.914600 -112.163000 
0.428000 -0.924500 -1.121100 -1.549700 -0.908800 -7.883900 -7.203300 -2.499600 -5.168500 -4.808400 -32.531700 -136.326900 
0.430000 -2.671100 -0.159300 -2.160800 -2.796500 -7.635400 -5.457400 -2.156000 -7.493600 -7.930800 -31.977000 -121.280500 
0.432000 -4.201300 -1.617400 -1.852800 -3.841900 -7.657300 -0.931400 -4.111400 -3.548300 -13.769000 -28.987400 -126.350300 
0.434000 -5.349900 -1.089800 -0.451100 -2.620500 -10.786600 -4.755900 -2.583700 -4.832100 -5.602600 -24.984400 -123.853400 
0.436000 -2.946000 -0.516900 -4.011600 -2.871300 -9.434200 -4.290300 -3.487800 -4.579800 -5.660900 -20.769600 -131.278400 
0.438000 -1.411200 -2.613700 -3.229600 -1.217500 -5.600100 -2.486700 -2.514700 -3.996400 -3.781600 -30.744500 -111.635100 
0.440000 -2.492300 -0.652700 -1.151000 -3.414300 -2.708900 -1.834200 -3.973400 -3.925700 -6.722800 -33.268400 -126.365500 
0.442000 -3.423200 -1.670100 -2.350000 -2.664300 -1.785300 -7.286400 -4.809700 -3.540500 -2.914300 -34.812900 -177.572400 
0.444000 -3.683000 -1.655400 -1.059400 -3.233300 -2.392600 -2.912300 -3.006800 -4.441000 -3.410800 -32.455900 -125.052700 
0.446000 -2.886800 -2.692900 -0.708700 -3.298800 -1.253200 -4.243200 -3.368000 -5.580100 -6.657600 -30.887500 -94.652900 
0.448000 -4.131300 -2.182600 -0.685700 -2.102600 -4.419300 -4.818000 -2.819200 -4.311200 -5.634700 -33.436600 -118.251600 
0.450000 -2.727800 -3.679200 -1.844900 -4.176500 -0.845900 -2.941000 -4.428000 -7.196800 -5.396800 -42.000400 -138.232800 
0.452000 -2.314900 -2.455000 -1.628900 -2.795300 -3.515700 -5.671200 -0.713200 -11.089300 -6.932300 -26.137900 -132.730600 
0.454000 -0.503400 -1.829100 -2.114500 -3.788000 -2.006000 -3.719500 -4.464200 -6.113500 -4.559000 -31.862400 -131.601900 
0.456000 -3.833600 -1.184600 -5.141200 -0.891900 -2.380000 -5.496600 -2.490800 -4.175200 -6.749800 -34.256100 -100.797600 
0.458000 -2.084900 -0.452900 -2.972300 -1.994600 -1.767800 -3.166300 -3.835600 -4.313800 -7.397400 -31.825300 -155.714900 
0.460000 -1.624000 -1.992000 -2.660900 -5.651000 -1.397700 -5.707900 -4.185200 -8.442700 -5.467400 -23.337400 -114.374200 
0.462000 -1.531100 -1.024800 -2.066900 -2.508100 -2.886300 -3.636900 -4.930200 -6.825500 -6.592600 -28.626100 -130.454500 
0.464000 -2.573800 -2.168000 -1.658900 -1.210800 -2.691800 -2.158900 -1.118300 -3.937500 -8.491900 -36.831700 -130.271500 
0.466000 -2.922500 -0.908300 -1.011000 -3.458600 -1.433000 -4.089300 -4.435900 -5.420400 -9.838700 -30.981500 -109.473400 
0.468000 -2.555300 -2.209200 -1.249800 -3.389100 -1.268100 -3.289300 -2.579400 -8.189400 -10.809500 -39.702800 -139.730000 
0.470000 -4.029000 -1.877900 -1.500900 -1.609000 -2.980300 -2.817600 -1.403000 -3.929500 -2.067600 -38.538200 -139.823800 
0.472000 -2.606400 -1.063600 -0.811800 -2.570600 -1.066000 -3.198700 -3.335400 -8.717400 -4.413700 -23.013600 -122.724900 
0.474000 -1.453900 -1.352700 -1.294300 -1.800300 -1.048200 -4.565800 -5.289700 -4.632100 -4.573900 -36.776600 -130.298800 
0.476000 -3.417000 -2.468300 -1.756800 -2.675200 -2.602400 -2.120900 -2.332300 -9.183300 -6.076300 -45.003400 -137.262000 
0.478000 -3.516100 -1.419100 -1.524300 -2.016500 -0.772800 -3.190400 -2.178900 -3.629000 -5.208700 -27.716300 -223.703600 
0.480000 -0.976900 -1.497600 -0.812100 -4.486000 -2.755600 -3.025100 -3.293800 -9.326100 -3.295000 -22.839600 -100.244000 
0.482000 -2.134000 -3.947300 -1.322100 -1.990200 -2.361900 -3.942300 -3.506900 -5.191300 -4.559600 -32.392200 -110.441300 
0.484000 -1.929600 -2.195400 -1.531000 -1.372900 -2.035000 -2.690700 -3.082500 -6.906600 -7.040800 -23.285100 -122.197600 
0.486000 -2.414000 -1.073000 -1.733500 -0.820900 -2.647900 -3.866500 -4.252400 -2.714600 -2.368100 -18.511000 -119.091400 
0.488000 -1.438000 -3.058500 -1.593200 -2.416000 -2.567200 -6.912800 -4.280400 -3.260500 -5.015500 -17.570500 -139.454800 
0.490000 -3.689100 -2.019200 -2.066100 -1.719200 -2.794100 -6.616300 -2.856500 -8.540500 -5.797400 -27.084100 -107.102900 
0.492000 -1.534700 -1.566200 -1.778700 -2.596200 -2.835000 -3.146900 -2.503800 -6.157800 -9.706900 -32.668900 -196.172800 
0.494000 -5.679700 -3.602400 -0.433500 -5.444500 -3.977900 -3.074000 -2.333500 -9.480600 -3.514400 -15.463200 -133.098200 
0.496000 -2.673700 -3.502900 -1.706900 -2.409000 -1.798100 -3.098800 -3.389800 -7.973200 -6.078300 -22.652600 -115.849200 
0.498000 -1.701900 -2.289400 -1.116300 -1.339400 -2.823700 -3.955100 -3.198100 -2.549400 -7.115500 -33.149400 -82.293400 
0.500000 -0.308000 -2.591000 -0.631100 -2.934200 -3.891900 -2.907800 -5.505500 -3.793600 -5.082000 -35.050600 -114.771400 
0.502000 -0.963400 -0.905500 -1.421100 -2.334700 -1.630600 -4.287300 -4.182000 -12.076000 -3.783200 -21.199300 -97.629800 
0.504000 -1.512100 -3.169100 -0.681400 -4.439700 -3.274300 -2.950000 -3.189200 -10.171700 -10.069800 -30.539800 -122.043500 
0.506000 -2.360500 -1.576700 -1.000900 -1.496400 -2.815800 -7.448700 -3.983600 -4.340300 -9.787900 -30.361900 -106.813400 
0.508000 -1.380500 -2.449600 -3.735000 -0.657400 -2.227000 -3.551300 -2.999500 -3.920100 -3.717900 -31.046500 -131.625800 
0.510000 -4.985400 -4.358800 -3.237400 -1.987400 -0.655700 -7.132300 -2.532500 -4.870500 -5.739500 -30.058800 -105.437600 
0.512000 -2.549400 -4.192000 -0.429600 -3.919500 -2.246700 -5.364300 -3.433200 -8.320200 -8.010600 -29.786300 -123.470600 
0.514000 -3.159800 -0.699300 -0.163000 -3.236000 -1.834500 -4.624200 -2.095200 -5.485800 -3.571900 -29.956100 -112.667800 
0.516000 -4.126900 -1.947800 -1.710100 -0.921900 -2.489600 -5.761700 -3.830500 -6.313700 -3.270100 -38.302600 -107.993800 
0.518000 -0.803900 -0.730200 -4.532300 -2.421400 -1.432700 -4.316900 -4.009300 -4.516000 -11.567200 -36.254500 -137.886500 
0.520000 -1.118900 -3.186900 -1.653200 -2.431100 -2.602500 -6.431000 -5.355300 -3.904800 -9.222800 -35.849400 -98.202000 
0.522000 -1.640900 -1.771000 -1.345600 -1.826100 -1.189900 -3.409000 -2.171000 -6.104000 -6.865300 -32.029000 -104.451300 
0.524000 -2.097400 -3.077500 -0.341600 -1.988500 -1.686000 -5.549300 -1.965600 -5.453300 -5.683500 -41.491000 -100.453500 
0.526000 -2.529800 -1.647600 -3.185600 -2.764800 -1.829800 -6.036500 -2.484200 -2.530800 -5.157500 -23.244700 -115.333100 
0.528000 -4.638700 -2.948200 -1.281700 -2.209100 -1.998500 -2.266400 -2.156200 -8.677400 -8.233600 -22.089700 -112.633200 
0.530000 -3.593800 -1.369500 -1.049100 -3.837000 -1.582500 -4.226800 -1.900000 -7.137100 -4.413800 -24.473700 -120.818700 
0.532000 -2.091100 -1.654800 -0.866600 -2.350600 -3.416500 -2.567900 -7.595600 -10.860400 -16.222500 -28.808600 -118.195000 
0.534000 -1.847500 -2.138000 -0.552600 -5.165600 -1.162000 -5.330100 -2.103200 -7.767800 -6.834600 -29.966600 -116.537000 
0.536000 -5.843700 -2.022400 -2.470400 -5.097400 -1.623100 -3.674200 -3.433000 -9.588800 -7.741300 -35.346700 -131.919500 
0.538000 -2.706200 -3.605900 -3.504700 -1.712200 -7.766500 -2.628100 -2.924000 -2.203200 -8.060600 -35.161600 -147.214300 
0.540000 -1.715700 -1.297000 -1.536200 -3.069700 -0.770000 -3.211600 -1.248300 -3.667700 -4.682000 -36.979600 -116.388200 
0.542000 -0.666300 -0.703500 -2.808900 -1.766200 -1.686600 -6.286400 -2.373900 -5.316400 -6.700700 -22.081300 -111.647200 
0.544000 -1.470600 -1.945300 -3.854300 -2.263900 -2.042300 -4.399800 -4.247900 -7.843900 -4.492200 -29.534300 -132.673300 
0.546000 -1.961700 -2.640100 -0.530900 -3.774400 -0.429500 -5.231700 -2.574800 -2.238000 -7.934900 -22.610200 -133.855700 
0.548000 -1.921800 -3.427900 -1.736700 -1.276100 -1.527000 -7.672200 -3.427800 -13.325600 -3.034200 -18.022800 -115.119400 
0.550000 -2.193200 -1.403200 -2.977400 -1.356200 -3.446900 -1.323400 -2.579200 -5.811300 -5.517500 -15.355500 -95.433300 
0.552000 -2.269600 -1.105700 -2.341400 -2.185700 -1.956700 -3.991900 -2.472900 -6.140000 -6.366400 -28.544500 -86.676200 
0.554000 -1.075200 -1.404300 -0.984500 -2.837400 -2.790800 -2.200200 -1.778000 -5.923600 -4.306900 -34.307900 -90.808900 
0.556000 -1.345600 -1.700500 -0.574200 -1.519700 -2.892400 -3.920100 -6.949400 -9.842500 -3.738400 -26.168700 -98.154200 
0.558000 -1.534400 -1.008800 -1.409000 -1.141300 -0.871100 -2.375000 -3.247700 -11.676500 -8.782600 -33.729000 -114.814700 
0.560000 -1.543300 -0.484300 -0.270800 -1.015000 -7.327500 -6.945900 -0.673700 -4.343600 -10.743400 -41.867900 -110.619000 
0.562000 -2.538200 -0.887800 -1.905500 -1.418200 -4.072300 -0.777200 -2.306100 -3.676000 -8.048000 -34.550900 -91.796700 
0.564000 -1.343800 -0.520800 -1.370200 -1.874300 -1.840300 -6.360100 -2.049900 -2.587200 -7.901800 -28.976800 -127.880200 
0.566000 -3.958200 -2.745500 -0.941400 -2.830500 -3.095600 -1.247000 -3.760100 -9.243000 -4.509500 -39.890500 -133.423800 
0.568000 -2.073400 -2.653300 -2.372700 -3.261900 -2.293700 -3.008800 -2.883500 -7.862400 -6.096800 -36.016900 -94.612300 
0.570000 -2.879000 -2.265400 -1.084600 -1.652500 -3.787800 -4.588200 -3.327900 -7.441700 -2.421300 -27.349400 -118.240600 
0.572000 -1.365000 -4.479500 -0.822000 -2.367900 -3.070800 -2.993400 -0.663000 -5.709800 -5.982100 -56.472500 -116.327500 
0.574000 -3.166100 -1.748400 -1.299100 -1.552400 -0.581800 -5.328300 -7.158700 -5.926000 -3.773600 -44.841600 -103.453000 
0.576000 -1.582300 -2.781000 -2.817300 -4.203900 -1.648000 -1.953500 -5.132200 -6.238300 -7.557900 -39.187300 -114.400900 
0.578000 -2.330200 -2.569100 -1.137400 -1.378200 -7.850300 -3.310700 -4.184000 -9.195700 -3.333000 -35.184400 -128.264900 
0.580000 -4.975300 -3.007900 -0.716900 -1.564200 -3.082500 -4.081300 -1.524000 -6.150200 -5.380800 -31.900300 -135.993400 
0.582000 -2.247800 -1.560600 -3.608000 -1.658300 -2.955000 -4.580700 -2.698900 -5.339200 -10.204100 -31.507300 -112.190500 
0.584000 -1.723600 -2.108100 -1.544500 -2.279400 -5.237000 -5.513100 -1.223900 -2.744500 -4.753300 -37.948500 -117.701000 
0.586000 -1.742500 -3.065200 -1.042600 -1.370700 -2.446000 -6.312600 -2.406600 -9.785600 -7.435000 -29.749300 -118.880000 
0.588000 -1.648100 -4.164200 -2.532600 -2.029900 -0.728400 -3.071000 -3.937900 -20.148900 -7.243100 -39.421400 -122.155400 
0.590000 -0.499100 -0.893400 -1.152500 -2.792800 -1.807300 -3.518200 -7.587700 -4.602800 -12.073500 -39.455100 -96.006900 
0.592000 -4.431800 -1.582100 -0.886600 -3.035200 -1.849700 -4.053100 -6.117100 -7.456500 -9.279600 -31.278700 -119.670400 
0.594000 -2.005100 -0.857800 -2.320600 -0.836900 -1.998900 -5.740700 -2.460600 -6.466400 -9.252500 -26.247000 -125.456600 
0.596000 -2.056000 -1.223800 -1.689100 -1.187800 -1.526600 -5.947100 -1.483200 -9.242100 -10.143000 -35.283800 -118.491400 
0.598000 -1.255400 -0.447000 -2.399800 -3.099600 -1.014800 -0.898400 -5.338300 -5.822200 -6.053000 -38.842500 -95.028900 
0.600000 -2.698200 -1.031200 -2.378000 -2.500600 -4.474200 -1.367300 -1.181400 -4.529900 -4.667400 -32.304200 -114.281400 
0.602000 -1.297300 -1.156900 -1.562400 -1.183900 -2.140000 -6.231100 -3.050300 -2.656600 -5.960300 -33.076400 -130.398700 
0.604000 -3.114900 -1.694700 -5.093700 -4.711900 -1.297300 -3.699900 -1.849800 -5.715400 -7.172800 -32.504900 -95.795500 
0.606000 -3.219700 -0.337100 -0.935000 -1.664100 -1.671300 -6.694500 -4.615700 -5.912500 -5.982600 -31.281600 -125.115000 
0.608000 -1.912100 -1.805100 -2.087200 -0.699200 -2.665100 -8.937900 -4.669100 -13.330400 -6.089000 -31.631600 -144.229600 
0.610000 -1.743200 -1.054400 -1.113100 -1.447600 -1.238900 -4.362300 -3.502700 -4.151900 -8.564900 -32.096000 -105.585800 
0.612000 -1.840000 -2.322200 -1.482900 -2.045700 -2.823400 -3.806700 -4.628100 -2.533600 -10.148200 -40.170100 -166.864800 
0.614000 -3.713000 -3.037400 -2.863000 -2.722700 -1.620100 -2.646100 -1.246100 -3.431600 -8.753900 -72.703900 -175.019300 
0.616000 -0.653100 -4.242200 -5.180400 -4.329900 -0.957600 -5.704100 -1.869500 -4.001400 -4.661100 -22.996700 -115.683800 
0.618000 -2.309900 -2.988900 -2.333500 -4.696200 -1.952300 -4.189100 -2.319700 -11.938300 -6.182700 -49.030500 -152.333300 
0.620000 -1.162400 -1.665500 -2.442400 -2.249300 -2.085400 -7.840800 -3.590500 -10.735600 -5.617700 -40.097500 -206.982000 
0.622000 -4.282000 -3.996400 -1.464100 -4.094800 -2.499400 -2.738200 -2.541800 -3.608500 -7.101300 -29.487700 -137.595000 
0.624000 -1.469100 -1.339900 -1.307400 -4.762200 -2.399400 -5.179400 -4.502400 -7.466100 -10.577800 -36.252500 -113.532900 
0.626000 -1.537200 -1.790400 -1.680500 -5.119100 -1.383300 -9.979600 -3.354900 -6.626500 -7.907900 -37.064800 -102.847300 
0.628000 -1.466600 -2.200700 -0.612800 -2.571800 -0.962400 -4.727300 -2.148600 -5.490800 -5.056500 -35.864300 -113.881600 
0.630000 -4.350800 -1.104500 -0.972000 -2.228700 -2.086900 -6.884900 -4.819300 -6.193800 -5.058200 -45.225900 -125.789600 
0.632000 -2.317100 -1.919700 -1.483300 -3.560000 -1.893600 -3.260000 -2.853500 -5.620500 -9.123800 -45.295200 -153.848100 
0.634000 -3.810200 -2.619100 -2.614800 -1.282700 -2.092100 -6.543200 -3.086000 -7.744300 -4.966300 -43.768500 -97.913100 
0.636000 -2.509500 -2.747300 -0.702900 -3.244300 -2.681800 -6.471800 -3.931700 -9.658200 -5.583600 -28.043200 -155.345800 
0.638000 -5.379000 -1.386400 -1.651700 -1.537000 -3.517900 -5.974400 -3.278300 -7.174600 -9.118100 -45.839100 -139.957600 
0.640000 -2.058200 -0.779200 -0.588100 -3.516300 -5.156500 -6.984900 -1.838000 -7.834600 -11.978600 -39.154400 -133.418000 
0.642000 -2.946000 -0.959200 -1.132800 -0.824300 -1.991800 -7.097000 -3.695900 -3.288300 -3.541700 -44.250700 -108.699400 
0.644000 -1.294600 -2.422200 -2.720800 -1.789700 -2.792100 -7.131700 -4.767800 -5.211600 -6.240700 -28.959400 -122.777200 
0.646000 -1.396900 -1.323200 -4.461200 -6.267800 -0.869000 -5.392900 -3.536800 -9.158900 -10.899600 -43.181400 -108.921900 
0.648000 -4.517500 -1.474500 -1.265600 -2.014800 -2.521700 -4.038000 -3.587500 -6.000300 -9.314500 -57.968400 -106.060600 
0.650000 -1.626400 -3.721000 -1.735300 -1.449100 -1.691200 -6.330300 -2.168700 -11.269800 -8.672700 -32.190200 -110.789200 
0.652000 -1.309400 -3.024900 -1.173900 -1.705400 -1.649300 -6.560000 -5.466000 -5.160300 -8.630400 -37.357900 -144.558100 
0.654000 -6.379400 -2.235400 -1.629600 -1.344900 -1.942200 -4.743200 -3.099000 -7.434700 -5.872500 -40.557200 -105.667200 
0.656000 -1.271000 -1.382400 -2.344200 -2.098400 -1.323500 -6.800400 -3.365200 -6.344500 -6.052000 -35.914900 -136.026800 
0.658000 -2.033500 -1.492700 -0.995800 -3.882500 -0.733600 -3.623800 -4.821700 -6.161700 -4.927100 -36.058200 -167.682200 
0.660000 -2.163900 -3.545200 -3.128400 -0.535300 -2.379900 -3.519300 -6.534000 -5.656900 -11.564300 -32.674200 -104.011800 
0.662000 -2.187300 -1.275800 -1.666900 -3.534000 -1.411900 -5.903700 -3.362600 -4.210000 -8.597900 -43.474600 -226.988200 
0.664000 -3.946600 -2.093200 -2.905800 -4.075200 -2.029200 -2.350900 -5.113000 -3.799500 -14.837100 -35.214000 -115.980800 
0.666000 -6.716200 -2.357500 -1.431800 -2.292000 -1.558000 -3.647600 -2.048400 -5.909800 -2.615400 -29.942500 -109.321800 
0.668000 -3.151700 -1.620300 -1.758100 -2.617200 -5.106200 -6.708300 -3.141700 -3.446400 -5.101800 -64.081800 -103.167500 
0.670000 -2.359900 -4.485100 -2.409600 -4.077100 -3.031000 -5.573700 -4.897600 -4.058400 -10.480900 -28.039300 -102.702400 
0.672000 -2.204500 -0.640900 -2.422600 -1.940700 -2.644800 -2.496600 -5.345800 -7.964200 -6.799100 -53.359100 -114.103000 
0.674000 -2.681100 -3.218000 -2.287700 -2.043500 -2.772600 -4.749000 -2.434700 -7.236300 -7.803900 -40.540500 -124.324100 
0.676000 -3.351400 -2.661400 -1.326400 -1.510700 -1.517000 -3.746200 -3.301100 -8.681000 -8.030500 -39.218500 -116.064700 
0.678000 -0.802600 -1.649700 -2.063300 -1.060300 -0.984400 -7.324800 -2.567200 -8.353900 -6.135600 -33.059300 -111.482200 
0.680000 -0.891900 -2.170800 -2.462500 -2.459200 -2.706500 -9.933000 -4.215200 -8.839000 -2.914100 -37.562100 -124.975800 
0.682000 -1.128200 -1.387800 -1.158300 -4.529200 -4.261700 -7.930600 -5.625000 -6.224600 -6.324000 -43.245000 -123.389100 
0.684000 -2.533600 -1.375600 -0.696400 -3.710100 -2.833900 -7.414000 -4.553000 -5.007000 -10.272400 -24.032200 -109.883100 
0.686000 -2.342900 -1.137300 -3.706500 -2.649400 -3.896500 -5.295900 -5.184900 -8.618100 -4.555200 -25.572200 -131.909500 
0.688000 -2.637800 -2.439000 -1.990400 -0.745000 -0.653300 -6.492000 -5.388600 -6.865500 -3.724600 -34.658100 -99.002000 
0.690000 -2.306600 -3.161600 -4.195100 -2.202800 -2.211600 -2.944800 -3.490600 -4.982100 -6.243100 -37.341600 -92.509300 
0.692000 -0.650200 -1.414800 -2.825300 -3.226200 -1.852700 -6.395300 -4.383400 -15.036500 -8.137300 -36.283600 -131.315700 
0.694000 -3.678300 -2.845300 -0.662000 -2.058300 -1.916400 -7.018200 -5.276100 -11.361800 -3.081800 -35.510100 -102.322200 
0.696000 -2.068600 -1.529700 -3.207800 -1.121600 -6.029300 -5.931500 -2.459000 -10.213800 -3.517000 -29.959200 -115.064200 
0.698000 -3.127500 -3.053800 -0.482300 -0.801500 -1.231400 -4.313100 -3.384700 -8.046900 -6.136300 -40.350000 -92.900800 
0.700000 -3.854300 -1.745100 -3.669700 -1.415000 -3.555700 -7.050000 -1.993000 -5.339400 -2.979800 -26.099100 -99.215400 
0.702000 -4.208600 -1.974500 -1.263600 -2.021300 -1.770700 -2.617800 -8.156700 -6.596000 -4.776900 -37.215700 -110.614100 
0.704000 -2.693700 -1.593700 -0.802800 -1.978400 -3.284200 -4.263900 -8.364500 -3.486400 -6.392200 -47.007700 -133.400000 
0.706000 -3.765800 -3.449600 -1.061600 -4.181600 -4.930000 -7.946600 -2.739900 -6.273300 -12.135200 -30.210400 -141.688500 
0.708000 -3.561700 -2.302900 -0.395400 -2.683800 -2.177500 -4.054700 -7.167300 -9.970400 -5.786200 -58.090200 -157.962500 
0.710000 -1.307900 -0.886700 -0.551200 -3.668100 -3.609100 -7.483000 -4.364800 -2.680500 -12.957400 -32.952700 -131.493500 
0.712000 -2.228300 -2.823400 -0.753700 -1.033200 -2.314300 -4.062800 -3.416700 -14.038400 -3.719500 -28.385300 -131.862600 
0.714000 -1.613900 -2.092300 -1.625200 -4.745600 -1.024100 -2.528300 -7.771400 -10.063500 -1.824600 -42.951600 -106.002100 
0.716000 -1.382300 -1.557400 -4.296400 -1.009600 -2.590200 -4.460900 -5.874500 -11.886000 -4.730500 -49.620300 -121.514100 
0.718000 -2.877400 -1.327400 -1.601400 -4.466400 -4.485200 -5.235400 -8.808300 -7.715100 -7.475300 -52.727800 -143.969500 
0.720000 -2.540200 -2.065500 -1.848400 -2.506400 -2.636700 -8.472100 -2.701000 -7.591100 -5.726700 -34.912400 -148.084100 
0.722000 -1.697600 -2.569700 -0.654400 -3.776800 -1.860800 -4.981500 -3.592800 -5.372800 -7.512300 -36.904600 -127.897000 
0.724000 -0.891400 -1.562500 -1.906100 -1.203600 -1.779100 -3.587700 -4.532400 -7.022500 -4.783600 -32.316800 -132.541400 
0.726000 -2.028600 -2.324800 -0.310400 -0.681300 -1.314800 -5.721500 -2.667700 -3.821200 -1.842200 -46.797600 -129.013300 
0.728000 -2.115200 -1.148100 -1.583100 -1.915200 -3.341400 -9.623000 -3.287800 -11.631800 -5.396300 -37.283900 -149.345500 
0.730000 -2.958000 -1.708800 -2.826400 -0.509700 -3.651800 -8.256300 -5.478900 -2.486600 -7.188800 -33.465900 -154.105100 
0.732000 -1.112200 -3.429500 -2.808900 -2.308800 -1.222400 -4.406000 -1.165500 -3.325800 -8.871300 -41.505500 -132.505300 
0.734000 -1.134400 -0.855700 -2.109800 -3.958700 -4.707300 -3.968400 -4.602600 -5.556300 -3.038700 -26.084100 -132.057000 
0.736000 -3.254300 -2.042300 -1.116800 -4.230300 -5.943900 -6.135000 -2.486900 -5.492500 -4.035300 -40.350500 -119.885400 
0.738000 -1.605600 -1.740000 -0.943800 -5.738600 -5.779900 -7.292700 -4.326100 -3.402000 -4.391600 -35.954300 -135.205300 
0.740000 -2.353700 -3.303400 -1.994700 -0.700800 -0.772300 -11.448900 -3.955100 -2.984500 -4.088300 -34.512000 -113.756800 
0.742000 -1.578100 -3.904000 -0.657500 -2.111400 -1.559800 -6.712400 -4.770200 -1.397100 -5.499200 -37.833100 -134.917700 
0.744000 -3.874300 -0.869100 -1.898700 -2.394200 -0.279400 -5.123400 -4.566600 -5.035600 -4.237800 -35.738000 -105.291500 
0.746000 -2.551700 -2.340700 -1.342900 -2.219500 -1.906500 -5.740300 -2.358700 -3.772900 -7.714800 -41.646400 -130.522600 
0.748000 -0.781900 -0.831800 -1.611100 -2.649800 -3.806300 -3.606000 -1.381500 -14.505400 -3.095400 -32.334300 -111.068200 
0.750000 -2.737300 -2.503600 -2.814800 -1.161400 -2.066000 -3.869200 -2.285600 -3.678400 -2.378300 -32.901200 -110.861400 
0.752000 -3.795600 -1.350400 -1.893300 -1.306400 -2.506400 -6.936300 -4.814900 -2.115300 -1.807800 -32.927000 -116.829900 
0.754000 -0.516000 -1.935800 -2.631800 -2.789200 -3.977700 -4.325900 -1.635900 -5.922600 -3.154300 -43.487400 -106.835600 
0.756000 -2.304900 -0.849700 -0.708700 -1.577200 -2.400800 -8.185100 -3.953000 -6.046800 -3.197700 -35.613200 -95.229500 
0.758000 -2.079400 -1.121600 -3.446300 -2.120700 -5.010900 -10.555500 -1.825100 -3.809300 -4.440600 -52.440600 -120.204600 
0.760000 -1.815600 -2.452600 -2.862600 -2.830600 -1.873800 -4.638500 -1.537100 -7.957500 -4.685100 -39.117300 -111.384100 
0.762000 -0.850400 -3.344200 -2.998000 -2.416000 -1.898100 -7.916600 -4.745500 -4.949000 -10.046400 -38.431800 -134.873000 
0.764000 -0.449900 -2.261800 -1.539800 -3.258700 -1.675800 -2.046200 -2.669000 -1.761700 -7.263600 -49.696200 -146.349400 
0.766000 -2.213300 -2.637200 -3.687700 -2.647200 -1.938700 -2.630100 -5.558500 -9.624900 -3.420100 -35.862900 -162.620700 
0.768000 -1.579700 -2.866000 -1.723800 -3.200900 -0.755100 -6.577800 -4.460600 -6.930000 -6.462100 -51.100700 -127.186400 
0.770000 -2.992700 -1.634000 -1.852100 -2.298000 -3.736100 -13.364600 -5.567000 -9.841100 -5.788900 -23.016600 -168.158200 
0.772000 -1.550700 -1.885700 -1.087000 -2.086500 -3.588500 -4.340400 -1.478000 -4.162700 -3.494500 -52.886800 -138.216100 
0.774000 -2.361600 -1.868800 -1.794200 -1.481100 -5.815800 -4.761500 -6.720000 -5.569400 -7.717600 -42.990000 -114.387900 
0.776000 -2.564900 -3.018100 -1.752500 -2.686200 -3.809400 -2.851700 -2.926300 -7.139900 -7.718600 -24.218100 -132.135800 
0.778000 -2.738900 -1.536900 -1.532500 -0.955900 -4.423200 -2.456600 -1.992300 -3.313700 -4.863400 -36.321000 -120.285400 
0.780000 -1.262200 -3.196700 -1.506500 -2.085200 -3.587900 -8.090500 -3.193700 -2.331900 -2.542400 -38.650700 -117.917600 
0.782000 -2.242700 -3.733100 -0.333900 -3.557900 -3.091400 -4.721000 -2.145500 -1.650400 -4.462200 -38.338000 -103.425800 
0.784000 -0.877300 -1.857300 -1.226700 -2.870500 -3.874000 -3.479700 -1.635700 -5.131100 -5.811800 -37.202000 -148.120000 
0.786000 -2.258000 -1.671600 -1.700100 -1.097200 -2.878900 -9.183600 -4.126100 -4.183900 -3.776400 -39.181000 -107.142700 
0.788000 -0.908800 -2.755500 -4.728900 -1.403300 -3.298700 -3.664200 -5.780400 -10.794900 -4.403100 -39.901900 -124.539800 
0.790000 -2.437500 -0.600300 -1.615600 -1.076200 -5.904500 -3.757300 -1.621100 -3.120700 -7.986600 -27.245300 -118.715800 
0.792000 -1.558700 -0.619600 -0.899200 -1.743300 -5.230600 -4.057000 -3.663400 -4.203200 -4.512900 -33.012600 -124.798100 
0.794000 -1.325500 -2.996900 -2.260700 -3.161000 -1.038200 -3.664400 -2.582800 -6.479400 -8.087300 -43.318200 -128.487600 
0.796000 -2.776000 -3.214500 -2.131400 -1.520300 -0.907200 -2.317800 -2.996300 -4.693100 -6.934200 -29.914700 -113.961000 
0.798000 -3.280900 -1.672900 -3.099900 -1.312700 -1.382300 -6.178100 -2.148000 -5.188800 -4.159500 -31.979600 -117.532600 
0.800000 -1.672400 -1.825900 -2.897500 -4.803200 -1.068400 -9.543500 -2.516700 -4.845200 -6.672900 -25.448000 -74.748100 
0.802000 -1.940100 -2.150400 -2.579100 -2.586000 -1.443500 -7.548900 -3.471400 -6.214200 -4.176200 -29.225900 -75.988100 
0.804000 -2.095400 -2.171700 -2.108100 -1.626700 -3.229000 -8.698500 -5.746000 -6.996900 -10.307400 -38.319300 -134.466900 
0.806000 -3.441000 -3.352500 -1.476500 -2.328800 -2.035200 -4.153400 -3.461600 -4.979600 -5.538000 -30.642500 -119.722800 
0.808000 -2.143200 -1.939000 -1.229300 -2.349200 -2.480700 -7.238500 -4.112900 -8.475600 -5.816800 -52.921800 -90.158000 
0.810000 -1.544200 -4.156300 -2.189900 -1.498700 -3.360800 -8.918800 -4.660300 -3.082600 -4.438300 -49.805900 -128.686100 
0.812000 -1.784200 -3.505400 -3.893200 -4.067400 -1.010300 -7.507300 -1.305100 -4.849400 -3.598100 -30.077800 -109.311600 
0.814000 -0.912900 -2.623800 -2.531400 -2.916800 -3.841300 -7.913000 -2.339900 -7.633700 -7.302400 -23.324000 -103.066700 
0.816000 -2.209400 -3.319800 -1.842800 -5.155200 -3.292500 -4.449800 -3.285600 -4.823400 -9.788700 -30.085600 -103.354600 
0.818000 -4.189600 -3.317500 -1.708100 -2.622000 -3.090600 -4.531200 -5.983900 -8.485700 -3.742200 -30.213500 -110.752600 
0.820000 -2.158700 -3.288000 -1.116400 -2.387600 -2.527600 -5.853300 -4.607300 -7.305600 -3.340000 -29.745000 -122.635300 
0.822000 -0.690200 -1.684400 -4.477800 -1.404500 -3.476100 -4.251000 -5.577500 -6.307100 -3.615400 -35.533300 -133.844800 
0.824000 -0.689700 -5.882300 -2.660200 -1.355100 -3.368400 -3.350600 -4.936700 -9.709700 -3.235000 -40.080800 -114.699000 
0.826000 -0.989000 -6.281700 -1.654100 -1.755000 -5.919200 -9.757800 -8.074800 -6.638400 -4.745900 -27.537900 -132.503500 
0.828000 -0.706200 -3.054000 -3.333700 -1.513600 -1.946900 -10.356500 -8.947100 -5.441400 -3.296200 -29.585000 -96.379000 
0.830000 -2.559800 -4.909400 -3.845500 -1.831300 -2.804500 -7.072700 -6.386900 -4.708900 -6.644700 -36.125300 -129.572600 
0.832000 -1.286200 -3.517800 -0.906400 -1.173800 -2.500500 -5.645600 -8.539500 -8.308100 -5.409300 -38.608700 -94.116800 
0.834000 -1.285500 -3.836000 -3.384600 -3.719700 -1.241200 -5.852500 -7.263600 -10.890000 -8.543200 -41.271700 -87.566500 
0.836000 -1.244300 -3.732800 -2.855200 -2.122400 -1.631200 -10.435400 -6.736600 -5.455500 -4.743000 -34.803100 -100.669600 
0.838000 -1.017600 -2.325500 -2.049200 -2.136700 -1.875300 -3.453200 -6.330800 -8.756400 -2.543400 -44.966400 -130.599600 
0.840000 -2.481600 -5.588000 -3.220200 -0.328500 -3.453600 -5.380400 -5.501900 -5.737700 -3.114600 -33.567600 -118.454400 
0.842000 -1.117100 -3.145500 -2.597000 -1.818100 -3.135600 -6.149700 -5.382100 -7.878100 -7.539800 -51.737200 -116.384400 
0.844000 -2.014500 -3.133500 -1.449900 -2.463900 -3.723500 -6.006500 -4.428400 -4.189200 -1.591800 -34.577600 -110.041200 
0.846000 -3.724200 -1.531200 -1.943200 -3.146600 -2.168900 -5.131500 -5.604000 -9.193800 -2.387700 -49.133100 -127.108300 
0.848000 -1.134300 -2.798600 -1.874400 -1.826300 -1.826700 -9.752500 -9.339600 -8.509000 -5.121600 -59.769700 -125.768500 
0.850000 -1.367000 -4.584100 -5.676900 -1.333200 -2.256200 -5.343400 -2.392600 -4.835000 -6.592000 -25.348000 -144.550900 
0.852000 -1.874500 -3.089400 -3.074300 -3.932700 -1.886200 -10.174400 -9.008600 -6.427400 -4.431500 -36.358500 -109.761200 
0.854000 -4.196700 -2.165500 -1.487200 -1.578000 -7.349600 -5.956200 -8.285800 -6.198400 -2.061900 -27.695600 -114.782300 
0.856000 -1.959900 -3.410800 -1.807200 -1.876000 -2.021300 -7.942900 -2.558700 -6.188900 -5.726100 -38.239700 -121.047700 
0.858000 -1.463500 -1.913000 -2.228200 -2.186500 -1.999300 -3.192600 -3.051800 -7.772600 -2.920500 -37.858500 -172.298800 
0.860000 -3.141500 -2.714000 -2.464500 -2.123700 -4.069800 -6.345600 -2.282900 -6.960600 -2.751100 -30.910400 -144.692000 
0.862000 -1.114100 -2.552600 -2.178100 -2.046300 -1.760600 -3.894900 -5.959300 -10.780400 -4.796900 -41.053200 -88.737200 
0.864000 -1.270300 -2.718200 -1.477500 -0.559100 -4.774500 -3.828800 -3.200100 -8.011200 -5.298800 -37.020400 -107.316500 
0.866000 -1.396800 -4.047000 -0.269700 -1.792000 -1.948800 -6.936800 -7.716400 -4.022900 -5.699500 -40.968200 -112.746000 
0.868000 -2.942200 -2.590900 -2.083700 -5.581500 -2.293100 -7.104800 -3.447000 -6.763100 -6.240300 -37.668100 -110.325200 
0.870000 -3.388100 -2.597600 -1.748700 -2.185300 -1.410800 -4.839700 -4.070800 -10.032000 -12.108300 -30.776000 -69.858600 
0.872000 -1.666100 -2.460100 -4.139800 -2.951500 -4.424900 -6.566200 -5.361900 -5.891000 -6.594500 -42.186300 -171.816800 
0.874000 -2.892400 -2.760400 -3.814800 -1.294400 -2.694000 -5.256900 -2.034700 -3.841500 -3.962700 -34.798400 -120.129600 
0.876000 -2.273200 -1.912000 -5.669200 -3.770700 -7.789400 -4.238100 -2.137100 -6.554700 -4.966300 -33.217300 -147.952000 
0.878000 -1.816500 -0.689200 -3.124300 -1.891100 -4.485300 -4.170600 -5.533200 -2.619300 -6.115400 -26.827400 -95.381600 
0.880000 -3.498200 -1.779000 -2.784200 -2.245700 -4.806400 -4.804300 -4.577500 -6.641500 -2.933600 -34.222200 -121.125500 
0.882000 -1.706900 -1.940800 -1.668300 -1.466700 -5.800300 -5.710400 -2.294500 -5.813100 -3.936000 -35.838900 -98.648000 
0.884000 -1.299100 -2.878100 -3.072700 -1.038300 -3.593700 -3.551400 -4.518500 -6.114100 -2.188500 -43.580600 -132.281400 
0.886000 -1.464800 -3.224500 -5.540300 -1.738600 -5.893700 -7.298200 -4.515700 -8.529000 -4.812200 -37.762900 -236.110800 
0.888000 -3.400600 -2.182100 -3.871300 -0.768400 -6.335100 -4.323200 -8.309000 -2.547800 -0.961200 -25.712000 -329.062100 
0.890000 -1.824200 -2.616100 -1.705300 -1.133200 -2.494300 -3.784500 -2.202400 -6.684300 -5.467700 -48.245200 -310.017200 
0.892000 -2.649200 -3.297700 -0.553300 -3.096000 -4.355600 -7.472600 -2.036300 -4.209400 -5.038300 -49.220300 -425.678500 
0.894000 -1.187400 -0.718900 -1.591300 -1.753900 -3.345500 -7.905500 -1.089700 -4.193000 -7.012900 -36.306600 -521.094300 
0.896000 -1.672700 -6.113700 -3.002000 -1.510500 -7.108800 -6.336000 -6.018600 -7.755000 -8.167000 -46.544600 -228.867900 
0.898000 -3.473500 -0.754500 -1.757100 -3.205700 -2.845100 -5.564300 -3.423700 -4.563700 -2.147800 -34.298400 -465.294300 
0.900000 -2.553400 -1.945100 -1.486900 -2.376900 -2.801300 -6.569600 -4.035000 -6.596700 -2.661300 -33.694400 -350.764300 
0.902000 -2.931800 -2.765500 -2.722800 -1.169800 -4.945400 -9.146400 -4.578300 -7.662300 -4.911600 -35.346800 -305.916400 
0.904000 -1.110900 -5.299300 -2.685700 -2.010700 -1.140400 -5.357400 -6.484600 -4.695800 -2.919200 -23.733400 -285.018500 
0.906000 -3.150300 -2.358800 -2.892200 -1.451500 -0.694000 -5.332500 -8.634800 -6.785800 -5.792500 -38.165400 -218.463500 
0.908000 -0.758400 -4.822800 -2.143100 -3.489600 -2.918900 -2.730400 -2.624700 -9.315400 -8.249000 -33.754900 -461.312000 
0.910000 -3.207700 -1.855500 -2.502200 -1.414500 -5.450400 -4.607900 -5.552600 -7.641600 -5.170000 -44.706400 -481.148500 
0.912000 -2.396200 -1.620100 -5.019400 -2.378900 -5.629300 -5.456900 -3.490600 -1.681000 -2.576700 -46.428600 -246.544900 
0.914000 -1.791100 -2.306500 -3.234100 -0.896000 -2.474400 -7.569900 -5.405100 -3.859500 -5.044100 -39.851300 -225.398900 
0.916000 -3.035200 -1.507100 -4.009900 -3.190400 -0.910400 -5.247900 -1.548200 -6.268500 -4.312700 -26.082300 -217.634800 
0.918000 -2.649000 -2.296100 -2.248100 -5.045300 -5.096800 -5.590500 -5.188700 -9.955200 -6.134200 -40.672300 -452.859000 
0.920000 -1.373200 -5.011600 -2.510400 -4.327900 -6.218800 -8.957200 -5.721600 -3.810400 -9.691300 -27.456100 -223.683300 
0.922000 -1.194300 -2.940900 -2.165900 -1.700000 -4.203900 -7.289900 -2.789600 -3.312700 -3.646800 -34.908100 -193.711000 
0.924000 -0.458300 -5.009600 -3.504700 -1.391300 -7.256200 -6.627700 -4.557200 -3.367700 -5.893300 -48.016600 -541.377200 
0.926000 -2.068600 -1.999600 -3.286300 -1.955500 -3.419800 -4.576100 -4.358600 -2.336300 -4.922700 -14.033100 -608.530000 
0.928000 -2.211200 -2.243700 -3.983900 -2.311500 -3.549500 -4.265900 -3.424100 -5.082600 -7.749600 -29.982600 -645.661700 
0.930000 -1.400200 -0.617000 -4.308300 -2.893800 -2.556100 -4.677600 -4.361100 -4.403900 -12.395500 -34.137900 -614.700300 
0.932000 -1.736400 -3.284500 -2.667900 -2.163900 -1.846400 -9.835300 -4.411100 -9.306700 -6.617000 -29.328900 -710.834500 
0.934000 -0.533900 -3.349200 -2.963300 -0.375900 -3.836400 -9.095200 -7.228300 -5.535100 -4.584800 -39.279300 -518.895500 
0.936000 -1.597400 -1.122400 -2.424700 -1.599800 -2.886600 -7.507700 -4.144600 -4.495700 -11.366300 -40.295600 -331.868100 
0.938000 -3.033400 -1.772200 -2.663600 -1.985100 -5.578100 -9.901900 -3.505600 -9.040300 -2.727600 -36.217800 -359.202400 
0.940000 -1.403400 -1.635100 -4.388800 -2.075500 -0.959800 -6.968200 -3.677300 -2.980700 -4.770500 -23.541300 -292.404900 
0.942000 -1.282100 -3.426400 -3.807200 -0.688200 -3.575700 -4.678100 -5.050300 -6.421700 -9.424600 -50.739600 -261.735900 
0.944000 -1.920800 -1.783500 -1.718900 -1.325100 -5.028800 -4.153400 -4.789700 -1.875000 -3.355200 -39.111500 -216.194700 
0.946000 -1.834200 -4.413900 -3.630200 -1.145000 -1.436800 -6.304500 -3.693700 -4.699800 -6.041000 -49.784100 -203.740900 
0.948000 -1.856800 -2.440500 -2.202500 -1.121200 -1.395500 -4.970000 -3.074600 -7.586100 -7.798700 -35.410000 -362.030400 
0.950000 -5.677700 -2.365500 -2.357800 -1.679400 -3.822900 -5.829200 -6.696600 -10.637600 -5.517300 -47.221400 -234.375800 
0.952000 -2.390200 -3.126900 -2.945500 -2.832900 -10.175400 -9.026800 -6.083800 -6.572600 -5.050200 -34.791700 -243.775400 
0.954000 -2.256500 -1.346400 -1.967700 -2.638300 -2.597200 -4.892600 -5.054700 -7.723300 -5.004000 -32.023900 -269.598100 
0.956000 -1.771300 -3.379400 -4.583900 -2.137100 -1.941600 -3.063700 -4.914600 -7.244200 -3.441500 -33.559500 -290.598500 
0.958000 -1.906800 -1.372100 -2.195200 -4.034700 -3.098800 -7.630500 -3.721400 -8.799200 -14.329000 -34.265600 -333.788700 
0.960000 -1.934600 -3.234600 -3.140100 -2.110800 -5.794000 -8.827200 -9.571800 -6.944800 -2.991200 -25.715000 -190.430200 
0.962000 -2.747600 -3.073200 -2.433300 -2.637000 -1.192700 -9.767200 -4.291200 -5.768600 -5.064400 -31.240200 -255.027900 
0.964000 -1.385000 -0.937100 -4.733700 -3.754900 -3.016300 -2.595300 -4.869200 -5.714000 -7.764500 -32.306900 -259.531900 
0.966000 -1.729700 -2.325300 -0.786100 -2.715000 -0.839200 -6.890300 -1.767000 -5.540000 -4.353100 -30.031500 -298.984900 
0.968000 -1.853400 -2.773700 -2.685400 -2.180500 -2.608800 -3.938500 -4.392900 -2.727500 -3.716100 -49.824000 -218.008600 
0.970000 -2.735600 -2.226800 -1.899300 -5.525700 -3.966900 -7.044900 -1.415100 -2.257300 -11.234400 -37.987200 -315.035100 
0.972000 -0.257400 -2.355200 -2.502800 -1.814500 -3.065900 -12.456800 -3.086500 -6.505100 -7.725500 -37.956900 -346.126100 
0.974000 -0.876700 -1.099900 -5.713300 -2.798600 -3.250500 -8.736500 -6.062200 -6.139400 -9.434300 -25.495100 -402.759800 
0.976000 -1.580200 -2.442500 -0.979200 -2.932400 -2.086400 -6.957600 -3.080900 -8.225600 -3.620600 -40.827900 -381.527400 
0.978000 -1.773900 -0.719100 -4.209400 -0.702800 -3.806000 -7.851900 -2.361900 -7.896000 -7.519600 -34.968000 -292.395600 
0.980000 -2.698300 -1.339300 -5.494200 -4.458500 -4.062200 -7.417900 -3.456900 -4.774900 -3.173500 -32.719900 -364.067800 
0.982000 -2.288400 -0.928400 -1.879800 -3.166600 -4.907500 -4.185100 -4.212100 -5.465400 -2.833700 -44.008500 -472.549600 
0.984000 -1.821000 -3.095000 -2.909200 -2.237900 -4.752400 -4.150700 -2.710800 -3.928300 -3.938300 -44.820900 -437.815900 
0.986000 -2.840800 -1.356500 -0.821100 -1.326000 -1.105600 -7.103700 -2.351300 -7.142200 -3.283200 -27.742000 -267.153100 
0.988000 -0.764100 -3.789700 -0.871100 -1.499200 -3.433300 -7.926900 -3.389000 -8.692800 -3.843200 -30.571300 -328.969400 
0.990000 -2.440100 -2.906800 -3.279300 -2.276600 -2.480500 -10.576400 -2.993100 -9.614000 -2.712600 -43.820400 -315.878500 
0.992000 -1.680500 -2.881400 -2.443000 -1.513800 -3.402600 -6.357000 -4.093600 -6.562400 -7.601500 -25.354100 -470.787600 
0.994000 -2.886700 -4.489800 -1.118300 -5.055700 -3.588400 -6.388300 -3.690400 -7.284500 -3.981300 -25.167100 -295.586200 
0.996000 -1.809400 -1.288500 -6.268200 -2.246900 -3.489700 -4.980900 -4.175400 -7.534500 -5.006000 -31.609300 -513.565000 
0.998000 -2.836000 -0.821300 -3.542900 -2.948600 -2.427500 -5.945600 -2.310800 -3.467500 -4.050900 -55.149600 -376.033900 
