# gradients (DV/DL) for lambdas: 0.0 0.1 0.2 0.3 0.4 0.5 0.6 0.7 0.8 0.9 1.0
0.000000 -1.553000 -2.180900 -1.822200 -0.260600 -1.253500 -0.581300 -1.557000 -4.411800 -1.531600 -3.450100 -13.370200 
0.002000 -0.503700 -2.072700 -0.572400 -3.356500 -1.334200 -1.992800 -1.354800 -5.306100 -1.744600 -6.404200 -11.622100 
0.004000 -1.202300 -2.187300 -2.042800 -1.851300 -2.877600 -0.336200 -4.219400 -1.492800 -1.109500 -4.418000 -13.871200 
0.006000 -1.516400 -1.784300 -0.226400 -0.274700 -0.828100 -0.834200 -4.380500 -0.685500 -6.953200 -5.968600 -7.840300 
0.008000 -3.007200 -1.354100 -1.552400 -0.153800 -0.896100 -2.830900 -1.289700 -6.911700 -1.541700 -5.700300 -42.392500 
0.010000 -0.830000 -4.706600 -1.019700 -1.667800 -6.098500 -3.049800 -3.690700 -3.921300 -2.705300 -0.415500 -15.129900 
0.012000 -4.329700 -2.185700 -2.369300 -2.679100 -4.756100 -0.766700 -0.781800 -3.802600 -2.116500 -12.197500 -21.380500 
0.014000 -1.210200 -0.425200 -1.267300 -0.841000 -2.568500 -2.989800 -3.654100 -2.130600 -1.163900 -6.167900 -9.457000 
0.016000 -2.036800 -1.653500 -1.110600 -1.405900 -7.661900 -3.224900 -0.454300 -2.750300 -4.470700 -8.852600 -16.686300 
0.018000 -1.632500 -1.746000 -3.136600 -1.864600 -1.448300 -0.765600 -3.495500 -1.870100 -3.209100 -7.225700 -16.505000 
0.020000 -1.562800 -1.021700 -2.993800 -1.649100 -4.346000 -0.859500 -3.859900 -1.590100 -1.557300 -0.669500 -16.083800 
0.022000 -1.821200 -0.552400 -4.473000 -0.594400 -2.466900 -3.107100 -1.533800 -2.500600 -3.678400 -6.573200 -10.157600 
0.024000 -0.399900 -1.415700 -2.545300 -3.183000 -1.688300 -1.563600 -1.860700 -2.876200 -2.515200 -3.804000 -10.861400 
0.026000 -1.923100 -2.100600 -1.804600 -0.548500 -1.744800 -1.443900 -2.072000 -1.953800 -2.585100 -2.413000 -19.803100 
0.028000 -0.818600 -1.478700 -1.078300 -1.769000 -1.624600 -1.779000 -2.602300 -0.843200 -2.499900 -5.042200 -28.584700 
0.030000 -1.172100 -1.432600 -2.671700 -1.948600 -1.624800 -2.408600 -1.219900 -2.068800 -9.053100 -4.167700 -26.861000 
0.032000 -1.943400 -1.588800 -1.026900 -0.313500 -1.390500 -3.478700 -2.984300 -5.155800 -2.634900 -8.325800 -33.221100 
0.034000 -2.809200 -1.746100 -3.529300 -1.499300 -1.116700 -2.592700 -6.538800 -5.914400 -1.725300 -16.343800 -26.997000 
0.036000 -0.839600 -0.706600 -1.704100 -0.721500 -2.398200 -1.724100 -4.332800 -5.604800 -1.093300 -9.170700 -16.869600 
0.038000 -3.218400 -2.278600 -2.569700 -1.143300 -1.791900 -3.419100 -6.183500 -9.651600 -2.339300 -4.702200 -7.120600 
0.040000 -0.965200 -1.906900 -1.869700 -0.716100 -1.229600 -2.405500 -4.172700 -2.943600 -4.688100 -3.062800 -8.046500 
0.042000 -1.933500 -2.503800 -1.448600 -1.582200 -2.668000 -1.300800 -7.626000 -2.478300 -3.482500 -13.379000 -6.350900 
0.044000 -1.127100 -1.032000 -1.235400 -0.659300 -1.337400 -1.883900 -5.321300 -4.189700 -0.989900 -11.427700 -10.152500 
0.046000 -1.764900 -0.636600 -2.126500 -2.912100 -3.629500 -1.897000 -4.090000 -7.828400 -5.311600 -8.215200 -9.657700 
0.048000 -1.597700 -1.472900 -1.560500 -1.219100 -3.019400 -3.127000 -6.547800 -3.425000 -2.147600 -2.470600 -11.305500 
0.050000 -0.928700 -1.269000 -0.366900 -1.315200 -4.189200 -1.345700 -4.325500 -3.084100 -4.188800 -7.928000 -7.734300 
0.052000 -1.873000 -1.330900 -1.208700 -1.020800 -2.875000 -1.814900 -2.455400 -1.901900 -1.434000 -16.819500 -17.368100 
0.054000 -0.423500 -1.307200 -1.424800 -1.387400 -0.657200 -4.820200 -3.979100 -3.286800 -3.421700 -5.772800 -49.680300 
0.056000 -1.663200 -1.185100 -0.941600 -1.418200 -4.539800 -0.689300 -2.580200 -1.675300 -13.983500 -3.280200 -21.285100 
0.058000 -1.304500 -3.588800 -2.079300 -0.330400 -1.998600 -3.891900 -4.787200 -11.031100 -5.809900 -3.338300 -8.713000 
0.060000 -1.141600 -3.109800 -1.258200 -1.494000 -2.742000 -1.641800 -3.714500 -2.284300 -3.837600 -3.541000 -7.655100 
0.062000 -0.792000 -1.768800 -1.679500 -0.890600 -2.863600 -5.677900 -1.534500 -3.204400 -5.132400 -3.555600 -13.623500 
0.064000 -0.984700 -2.163200 -1.624900 -0.932500 -1.774100 -0.589000 -2.054000 -4.270400 -2.130700 -2.852000 -8.346100 
0.066000 -1.430400 -3.147800 -2.047500 -1.695200 -1.603000 -2.558300 -3.893400 -5.506900 -3.452600 -3.800400 -24.309200 
0.068000 -1.175500 -1.461600 -0.789900 -2.842600 -2.950300 -2.213300 -4.133700 -2.154600 -1.344000 -3.395100 -19.801900 
0.070000 -0.499100 -3.253000 -2.230800 -1.812400 -0.931900 -2.628200 -1.586800 -10.521300 -6.006000 -4.495100 -8.136600 
0.072000 -2.195500 -1.697900 -0.261200 -0.831300 -3.667000 -2.301300 -1.227400 -3.741300 -3.083000 -5.092200 -26.003400 
0.074000 -1.040700 -2.251800 -0.702000 -0.454900 -2.260600 -0.476300 -2.036700 -5.213400 -3.650800 -9.910100 -18.353800 
0.076000 -1.008500 -3.382000 -1.624400 -1.394000 -2.833900 -2.157600 -1.662300 -3.663100 -4.589200 -4.608600 -4.471400 
0.078000 -1.196600 -0.923300 -3.524400 -2.247800 -1.710600 -3.676300 -1.054400 -10.979700 -6.921300 -4.985300 -22.634000 
0.080000 -1.586100 -1.252800 -3.998900 -1.627800 -1.759100 -1.928900 -5.071700 -4.754100 -1.275800 -5.671200 -6.267400 
0.082000 -2.787400 -2.009900 -2.596900 -1.652600 -2.897400 -2.161700 -1.670900 -3.188000 -2.551300 -5.310500 -47.149400 
0.084000 -0.975600 -1.359300 -1.799200 -0.743400 -1.424700 -1.741000 -1.295400 -3.912100 -3.292400 -6.478200 -8.842800 
0.086000 -1.052200 -0.827100 -2.063300 -0.258200 -2.811300 -0.836000 -2.909400 -2.761600 -2.083100 -4.018100 -11.280900 
0.088000 -1.130300 -4.221400 -3.116800 -1.874500 -0.765700 -2.293500 -6.290600 -1.481300 -10.740300 -6.599700 -30.912900 
0.090000 -1.285800 -2.553400 -1.094200 -1.911500 -1.193600 -1.157100 -0.797700 -7.428600 -4.980300 -7.033000 -18.848800 
0.092000 -1.776900 -2.792200 -3.297700 -0.746100 -2.233900 -1.460300 -1.763200 -3.103300 -3.020500 -6.261700 -15.510300 
0.094000 -1.192700 -2.289900 -2.481700 -0.576700 -2.175100 -3.571300 -1.861700 -2.406900 -3.017500 -10.355500 -35.010300 
0.096000 -2.223500 -2.007700 -7.839300 -2.480900 -1.843300 -2.975600 -3.984400 -5.594500 -14.438600 -7.049600 -20.888600 
0.098000 -1.421300 -1.539400 -0.964800 -2.689600 -1.625000 -0.862500 -3.569600 -4.052200 -7.433200 -4.583600 -10.356200 
0.100000 -0.807400 -1.378300 -1.799000 -2.548400 -2.832700 -1.785400 -5.201400 -7.413000 -1.799300 -5.619900 -10.287200 
0.102000 -1.437700 -1.574100 -1.227800 -2.164700 -1.171700 -3.175400 -1.602300 -1.655300 -3.495300 -8.158300 -12.549000 
0.104000 -1.583800 -2.446200 -3.003700 -2.010200 -2.184100 -4.497800 -7.336100 -2.362900 -8.922200 -2.220100 -11.666700 
0.106000 -1.658500 -1.550100 -2.427200 -1.682700 -1.180300 -2.320300 -5.526800 -3.858700 -4.369700 -1.820200 -6.535100 
0.108000 -3.021500 -1.370000 -2.141200 -2.203900 -1.189800 -0.929300 -0.866500 -1.042400 -5.080200 -1.691200 -17.352000 
0.110000 -0.836200 -1.928300 -2.580100 -1.043500 -0.809100 -2.250100 -2.999500 -5.271300 -4.586900 -4.208400 -8.729300 
0.112000 -2.005100 -0.803100 -3.429400 -2.710000 -3.084100 -7.460600 -3.307100 -1.210700 -3.266600 -3.395900 -30.752200 
0.114000 -1.192200 -2.169800 -3.296600 -1.596700 -3.341100 -1.854300 -2.557000 -3.048900 -5.806900 -5.432700 -14.602900 
0.116000 -1.029500 -0.811000 -3.187700 -3.733700 -2.033700 -0.621800 -2.355700 -2.393500 -3.230000 -2.891500 -10.533300 
0.118000 -0.269800 -0.862500 -3.175500 -2.538600 -3.028800 -3.472500 -0.854000 -4.110700 -4.832800 -9.742600 -21.272800 
0.120000 -1.377100 -0.987800 -4.102900 -1.858000 -0.721800 -2.439100 -2.479500 -2.796100 -5.744100 -20.596100 -8.513400 
0.122000 -1.368100 -1.669800 -1.884200 -1.224900 -0.933500 -1.462900 -4.352900 -4.061800 -3.765400 -16.866900 -8.451900 
0.124000 -1.636800 -1.787100 -3.549800 -2.249500 -3.724900 -2.277900 -2.399100 -1.755000 -4.775100 -16.215400 -13.215900 
0.126000 -2.211900 -2.784900 -1.562800 -1.730200 -1.153700 -3.071200 -2.777000 -2.399400 -4.037100 -18.743400 -12.759000 
0.128000 -0.658200 -1.749600 -1.287900 -1.888100 -1.093700 -0.547300 -3.428500 -6.927300 -8.281700 -11.689100 -34.009900 
0.130000 -2.282400 -1.194900 -2.606500 -0.338300 -1.339000 -2.419700 -3.494300 -2.574100 -3.876200 -12.288600 -9.983300 
0.132000 -0.364700 -0.732500 -2.774900 -1.876200 -1.623200 -2.822000 -3.836800 -2.121000 -3.099100 -10.281000 -11.249200 
0.134000 -1.632200 -1.591200 -1.152100 -2.109800 -0.661400 -4.648300 -2.696800 -2.263400 -3.281200 -30.387000 -8.789200 
0.136000 -3.047200 -0.832000 -2.621000 -1.241100 -2.662700 -2.890900 -4.093800 -4.255000 -2.716900 -27.856400 -26.893400 
0.138000 -2.391600 -0.861400 -1.644500 -0.801500 -2.137100 -4.616900 -5.088200 -1.445000 -3.508400 -12.720200 -6.529600 
0.140000 -2.992400 -1.837700 -3.085500 -0.987600 -1.022200 -2.575700 -1.969100 -2.665400 -4.037000 -9.151000 -38.464400 
0.142000 -1.116600 -1.008400 -1.091000 -0.528000 -2.323800 -2.919200 -1.399100 -3.435500 -1.741400 -17.128600 -48.917700 
0.144000 -3.545900 -2.043900 -0.482100 -0.242800 -3.533800 -3.448900 -2.479300 -2.207900 -4.488400 -14.793700 -10.594200 
0.146000 -3.107800 -1.636700 -1.999900 -1.630100 -0.689700 -0.527900 -6.598100 -1.154600 -2.447900 -18.599800 -14.162100 
0.148000 -2.627900 -0.746400 -0.338700 -1.794600 -1.056700 -1.953800 -9.814500 -1.119200 -9.386600 -23.503200 -13.940200 
0.150000 -2.193900 -1.825300 -1.019400 -1.209100 -0.691900 -2.060600 -2.069500 -4.668700 -3.842800 -12.004200 -16.551200 
0.152000 -3.022500 -1.102000 -1.003800 -2.946400 -6.475500 -4.095700 -5.094700 -5.244300 -8.892200 -11.924800 -16.133800 
0.154000 -4.578400 -0.803300 -1.041700 -3.159600 -0.754200 -5.004100 -5.277100 -5.157500 -6.149000 -30.932900 -5.793000 
0.156000 -1.196300 -1.851600 -3.143600 -0.509600 -1.826000 -1.150400 -5.656800 -1.819300 -10.901400 -16.719600 -11.803100 
0.158000 -3.462500 -2.854400 -1.969900 -1.790200 -2.605700 -1.871300 -2.175300 -4.631300 -14.187300 -35.934800 -13.510600 
0.160000 -3.265100 -2.386900 -4.068800 -0.890400 -2.619300 -2.782000 -2.958600 -2.583100 -5.426700 -22.421500 -19.814500 
0.162000 -2.120700 -2.113000 -1.898500 -3.698800 -1.882900 -0.945600 -4.273100 -6.455200 -3.889700 -20.166400 -7.659600 
0.164000 -1.518900 -0.830100 -2.808000 -1.513600 -0.617100 -2.742600 -3.294500 -3.460700 -5.732300 -20.205300 -17.562800 
0.166000 -1.807600 -2.344900 -0.519900 -1.982000 -1.675000 -1.845900 -8.214300 -2.233700 -2.662400 -22.996400 -34.821400 
0.168000 -0.673100 -2.257200 -0.425800 -3.309500 -1.748000 -4.085700 -7.075200 -2.792500 -7.796800 -13.589200 -36.915100 
0.170000 -1.298100 -1.778000 -1.660200 -2.029200 -3.378000 -3.046600 -5.459700 -4.298300 -2.736400 -28.968300 -10.323400 
0.172000 -2.573800 -0.900000 -1.245900 -2.427700 -0.350800 -1.195100 -3.975700 -2.048100 -0.276100 -34.472900 -5.325700 
0.174000 -0.937800 -1.272900 -5.364500 -0.646700 -2.399500 -2.478900 -6.447400 -5.216200 -4.383800 -16.992500 -10.873400 
0.176000 -2.166000 -2.399800 -1.041100 -1.477900 -2.067900 -1.414500 -2.105900 -4.270400 -2.306400 -14.014100 -25.641800 
0.178000 -1.478100 -1.623000 -2.931100 -2.128800 -0.755900 -2.777000 -5.608700 -9.131200 -4.057800 -16.506400 -40.663400 
0.180000 -0.750500 -0.777500 -1.970100 -0.603500 -0.679100 -2.441500 -3.090700 -2.631400 -2.194000 -20.402800 -83.997000 
0.182000 -3.163600 -2.020200 -2.245000 -2.866600 -1.643100 -0.560700 -5.412800 -4.741400 -2.065800 -17.438900 -27.723800 
0.184000 -2.842300 -2.567000 -1.682400 -1.884000 -1.449600 -2.615800 -9.948100 -2.758100 -3.510400 -9.193800 -4.927200 
0.186000 -0.486600 -2.346200 -2.013200 -1.654400 -2.000000 -0.950500 -2.526100 -4.898800 -3.895700 -19.471200 -16.801700 
0.188000 -1.387400 -2.309500 -3.603200 -2.181700 -4.170600 -4.420600 -5.356800 -2.449500 -3.629700 -16.638500 -4.813200 
0.190000 -0.389600 -2.376900 -0.928200 -0.759300 -1.679300 -4.488400 -4.085000 -3.935000 -0.999800 -23.588400 -9.173500 
0.192000 -1.478100 -1.323400 -0.602000 -0.985200 -1.123100 -2.922500 -1.497200 -4.467000 -1.080300 -13.663300 -2.024100 
0.194000 -2.623400 -1.588800 -3.213700 -1.061400 -3.606600 -1.696600 -1.944200 -6.436600 -3.867000 -26.432000 -10.879500 
0.196000 -2.041900 -2.010900 -2.282500 -0.581700 -2.689600 -2.178400 -1.904000 -1.396600 -5.304700 -32.424300 -15.975500 
0.198000 -2.276800 -2.098200 -1.447000 -1.108300 -1.270600 -1.270600 -3.494000 -2.681300 -0.981500 -24.917900 -22.487300 
0.200000 -1.252600 -1.028700 -1.321000 -2.197100 -1.812100 -3.149700 -0.699100 -3.113400 -2.002900 -15.134300 -24.681100 
0.202000 -2.585700 -1.019800 -4.484300 -0.794700 -2.212000 -0.507000 -3.027900 -3.469600 -4.532100 -10.499000 -13.801800 
0.204000 -1.449700 -3.509400 -1.591300 -1.267900 -3.768200 -3.344100 -0.909100 -2.519900 -2.364000 -13.691200 -21.440900 
0.206000 -1.614200 -1.376500 -1.987200 -1.107400 -1.067800 -2.076400 -2.188700 -2.817100 -4.153900 -26.344300 -15.879200 
0.208000 -1.751600 -3.226100 -1.883700 -3.217800 -1.794800 -3.182500 -2.460100 -3.416600 -1.110700 -21.618700 -29.457100 
0.210000 -0.359800 -0.929900 -3.470700 -0.619600 -2.536500 -2.069000 -2.182300 -3.204400 -5.551600 -14.691600 -48.851300 
0.212000 -1.744600 -3.289600 -0.885100 -1.298000 -3.747500 -1.022900 -4.503900 -2.644400 -1.957400 -38.308700 -15.902900 
0.214000 -2.691000 -1.862100 -3.329400 -1.257600 -1.937300 -2.590600 -3.228300 -2.003100 -6.574800 -31.525400 -15.812900 
0.216000 -1.250300 -2.024100 -2.949000 -2.235800 -3.179200 -0.877000 -3.337000 -2.898000 -1.622100 -16.532500 -8.602000 
0.218000 -1.639200 -1.579100 -0.814000 -0.665700 -5.190800 -2.516200 -3.256000 -1.617400 -2.669100 -9.837000 -9.738400 
0.220000 -2.116200 -2.848500 -2.136700 -1.451900 -2.786300 -2.008800 -4.457500 -1.776200 -7.160200 -11.223900 -9.942900 
0.222000 -0.657300 -3.170300 -3.470200 -0.897000 -1.287900 -0.654400 -5.854200 -3.120000 -5.002900 -17.444200 -10.060700 
0.224000 -1.453800 -4.068700 -2.649800 -1.061300 -4.533100 -5.815700 -3.229100 -4.209900 -2.865900 -16.183200 -22.509100 
0.226000 -1.557600 -1.178300 -1.705000 -1.830100 -3.712300 -4.011400 -5.326500 -4.477500 -5.178500 -32.971500 -12.332900 
0.228000 -0.984900 -2.718600 -3.615000 -1.080800 -4.028800 -2.837400 -1.910400 -4.390900 -4.916400 -19.563500 -20.575300 
0.230000 -1.494500 -2.844400 -4.338300 -2.887400 -4.946900 -3.527100 -3.627500 -3.738700 -8.493000 -21.264800 -11.281600 
0.232000 -2.010200 -1.479500 -2.034000 -1.866700 -2.538800 -5.135600 -1.189100 -7.147600 -2.931500 -18.980400 -17.022000 
0.234000 -0.595500 -3.977100 -4.344800 -0.923600 -4.680800 -1.150500 -4.399000 -4.657400 -2.792300 -15.414200 -15.097600 
0.236000 -0.551800 -1.545900 -1.013100 -1.664400 -3.035500 -4.332200 -6.212400 -5.007400 -0.768900 -43.538900 -2.176300 
0.238000 -2.458100 -1.199700 -1.719000 -2.126400 -2.076400 -14.683400 -7.620400 -3.422700 -2.203200 -16.823300 -22.508500 
0.240000 -1.045300 -2.145600 -3.640200 -3.234800 -4.815200 -5.569900 -3.048200 -2.439600 -3.171100 -6.472600 -11.916700 
0.242000 -0.632200 -1.951600 -1.854400 -1.253800 -4.669100 -1.736500 -2.898000 -3.958200 -3.171700 -8.860800 -7.317000 
0.244000 -0.435100 -2.451200 -1.910200 -1.595000 -3.679100 -6.105500 -2.866800 -3.115500 -3.127500 -4.929800 -7.773900 
0.246000 -0.929500 -1.434100 -1.673700 -2.498900 -2.703500 -3.549400 -4.040600 -4.847200 -0.242400 -4.105500 -5.839600 
0.248000 -0.692800 -5.420900 -1.311600 -2.047600 -7.666000 -6.512600 -3.324600 -1.887700 -0.450200 -6.250600 -22.582500 
0.250000 -1.029600 -1.071600 -1.168800 -1.447700 -2.211700 -2.530700 -2.980700 -4.852900 -2.834400 -12.973200 -2.585500 
0.252000 -1.662000 -0.352600 -1.800600 -2.321000 -4.088600 -1.309800 -2.811000 -4.069900 -2.101600 -8.156200 -4.724200 
0.254000 -1.275900 -1.507000 -1.222200 -2.481100 -1.420400 -3.742300 -5.959900 -7.068100 -5.383800 -9.891100 -3.575800 
0.256000 -1.274500 -1.712400 -1.043800 -0.453200 -3.417600 -5.069200 -2.695300 -2.454500 -2.387100 -7.855100 -2.505400 
0.258000 -1.047700 -1.688200 -0.924000 -1.171300 -1.013600 -0.208300 -4.146500 -5.252200 -3.005800 -7.552400 -4.995700 
0.260000 -0.962800 -3.249000 -0.516000 -0.894700 -2.001100 -1.563100 -5.905000 -2.746100 -6.683100 -4.992700 -2.886300 
0.262000 -1.133800 -1.775700 -4.727100 -1.213900 -2.252000 -3.149700 -1.411900 -3.212700 -2.843100 -10.605100 -5.242000 
0.264000 -0.451100 -2.528900 -2.367200 -0.885800 -1.009300 -1.352500 -4.046800 -5.239600 -3.824600 -16.786600 -5.812300 
0.266000 -1.481500 -1.889100 -0.574000 -1.910700 -1.187300 -2.725500 -3.071500 -2.468400 -2.402100 -40.558100 -5.888800 
0.268000 -0.807100 -2.043800 -1.975300 -1.323500 -1.445600 -2.860700 -3.391100 -2.894300 -3.753600 -9.831600 -3.691700 
0.270000 -0.712800 -2.159300 -1.973200 -0.909000 -1.304600 -0.618700 -1.481100 -3.490200 -4.627000 -12.100900 -6.442000 
0.272000 -1.530300 -1.060800 -1.109400 -6.924800 -2.924100 -0.927800 -2.027300 -5.300400 -2.166000 -18.708600 -10.570900 
0.274000 -0.977500 -1.734000 -2.111400 -3.445700 -2.080700 -1.207200 -4.595700 -2.123000 -3.156600 -8.842900 -14.606900 
0.276000 -1.615900 -2.287100 -1.046100 -0.879800 -4.187400 -0.806900 -2.547200 -1.716900 -4.038800 -17.505900 -9.813900 
0.278000 -1.806600 -2.380600 -2.231400 -2.554500 -4.649500 -2.272700 -5.278000 -2.674900 -2.735400 -5.391500 -29.613200 
0.280000 -0.744000 -2.757900 -0.452100 -3.292400 -1.332200 -3.745700 -6.537900 -1.156600 -2.018600 -7.255000 -9.110300 
0.282000 -2.053900 -3.212100 -1.574600 -1.832900 -2.254100 -2.159300 -5.626400 -2.029100 -5.523800 -4.855800 -24.774900 
0.284000 -1.891300 -1.846900 -1.578200 -0.891200 -2.687400 -1.354100 -5.874400 -2.232400 -2.902700 -16.126700 -4.329600 
0.286000 -1.029700 -1.470000 -1.012300 -0.900000 -1.839900 -0.764600 -4.401300 -3.766400 -3.917300 -14.094400 -5.289800 
0.288000 -1.310400 -3.661200 -0.831800 -2.407800 -2.922000 -5.187600 -2.757000 -2.776100 -3.789300 -14.771000 -14.589300 
0.290000 -1.823700 -3.868100 -2.460400 -3.573200 -1.140000 -3.290100 -5.057700 -4.661200 -3.528600 -19.129400 -4.151000 
0.292000 -1.748900 -2.113300 -1.751900 -2.337300 -2.776200 -4.967500 -8.463100 -6.556900 -2.163300 -21.481300 -5.509900 
0.294000 -0.245900 -2.576500 -1.113200 -2.863200 -3.892700 -7.882100 -1.783700 -3.455500 -0.743500 -12.673200 -8.876400 
0.296000 -1.052000 -1.287100 -3.314100 -2.501700 -1.306400 -3.464600 -6.625000 -5.344300 -1.257000 -3.307800 -12.351800 
0.298000 -2.283500 -1.645700 -2.042300 -1.056700 -2.401300 -1.504900 -2.458100 -1.957500 -1.942700 -3.931400 -9.730500 
0.300000 -2.527100 -2.915500 -2.255800 -3.648100 -1.676200 -1.894300 -2.721200 -1.181700 -5.817900 -5.728800 -14.638400 
0.302000 -0.638500 -2.757000 -2.061500 -2.208600 -2.919300 -2.145900 -3.920100 -4.168800 -7.818000 -4.919200 -11.970300 
0.304000 -1.315200 -2.324000 -2.401800 -1.628900 -1.797900 -2.731400 -4.508000 -1.601500 -5.722200 -2.406700 -10.368800 
0.306000 -0.565600 -2.234000 -0.515700 -0.436700 -0.139700 -2.395000 -2.815700 -3.758700 -3.740000 -4.117400 -4.675400 
0.308000 -1.517200 -1.290900 -2.739500 -2.249300 -1.560800 -2.508300 -4.958100 -3.513000 -5.027200 -6.962000 -5.140400 
0.310000 -1.858900 -1.825700 -0.377500 -1.376300 -0.997800 -0.960800 -1.354200 -2.344100 -4.417000 -8.845600 -6.855500 
0.312000 -0.893900 -3.157300 -0.640000 -1.226100 -1.477800 -3.264400 -1.805300 -1.201700 -4.783800 -9.228600 -11.891900 
0.314000 -2.678400 -3.300600 -0.745900 -0.885100 -1.637200 -0.542900 -3.784800 -2.708800 -4.947600 -13.782800 -9.690300 
0.316000 -0.654100 -1.302700 -0.286400 -1.394100 -1.740400 -6.179900 -5.354100 -2.652400 -4.961700 -3.961500 -10.592200 
0.318000 -2.462600 -4.031400 -2.962000 -1.426400 -1.517100 -1.553600 -3.728000 -1.857500 -1.575600 -7.084800 -10.574200 
0.320000 -2.405300 -1.761000 -2.480000 -1.181500 -4.587600 -2.195000 -3.482100 -1.913100 -2.903700 -4.782100 -2.192900 
0.322000 -1.814300 -1.253500 -0.946700 -0.921900 -2.423100 -3.051200 -4.226100 -2.268800 -5.064100 -2.774300 -17.401700 
0.324000 -2.400900 -2.481100 -1.930600 -2.123800 -2.527000 -3.016600 -1.567400 -0.950200 -3.876000 -4.105200 -8.271100 
0.326000 -0.687500 -3.754700 -0.772500 -1.883900 -3.184700 -1.372000 -1.146500 -2.126500 -7.339800 -5.125100 -15.363000 
0.328000 -2.861000 -1.904700 -2.172900 -0.737300 -2.269600 -1.851500 -4.768000 -4.643800 -6.926600 -5.757500 -11.797400 
0.330000 -0.773000 -1.188200 -1.047100 -1.692900 -1.525500 -4.419000 -2.533700 -1.664000 -2.906100 -4.833100 -6.457800 
0.332000 -1.530500 -1.879300 -1.838800 -1.817500 -3.578400 -1.971000 -2.279700 -7.308100 -9.901000 -16.102000 -27.759900 
0.334000 -1.323800 -2.782700 -2.003400 -1.265800 -1.390600 -2.990900 -1.125900 -6.104400 -7.773800 -11.530400 -26.527300 
0.336000 -0.381700 -2.128200 -1.697200 -2.570000 -3.995600 -1.871600 -2.176300 -2.534500 -5.233600 -11.810000 -20.657600 
0.338000 -1.474900 -2.156400 -2.065100 -2.807500 -0.413700 -1.160300 -0.905700 -3.564100 -5.786200 -21.581400 -12.719700 
0.340000 -2.156500 -1.629400 -2.168800 -3.525100 -0.615000 -1.768800 -8.475600 -1.397700 -5.845700 -7.435200 -3.396800 
0.342000 -0.920200 -0.987100 -0.274600 -0.885800 -1.795200 -0.577500 -9.291100 -2.546500 -2.974500 -10.857100 -5.566000 
0.344000 -2.162800 -3.446300 -1.132400 -2.568300 -1.746400 -1.384600 -4.265500 -5.649300 -4.520600 -20.795800 -2.480300 
0.346000 -1.157000 -1.623300 -2.934500 -0.610100 -2.567500 -0.935300 -5.031500 -5.183600 -5.266200 -13.603900 -6.794200 
0.348000 -2.065600 -6.653000 -0.739500 -1.223700 -1.191800 -2.775800 -6.109500 -6.130100 -3.272400 -12.580100 -10.879700 
0.350000 -2.379000 -1.325200 -0.961600 -1.642900 -0.690700 -1.303000 -4.817100 -2.072500 -2.094900 -13.987200 -4.467000 
0.352000 -1.233900 -3.740100 -2.679200 -1.254800 -1.740700 -1.984700 -3.702400 -9.225100 -6.826300 -9.158300 -3.328000 
0.354000 -1.676600 -4.897900 -1.769800 -2.140700 -2.911400 -3.455400 -6.143600 -5.808900 -4.030300 -10.530400 -8.403400 
0.356000 -0.703000 -1.145300 -3.317100 -1.775400 -1.435700 -2.464000 -10.574500 -3.376200 -3.917700 -6.862300 -5.979900 
0.358000 -1.893000 -1.134500 -0.848700 -4.360800 -1.677300 -4.306400 -3.016700 -4.459100 -3.764700 -9.184400 -1.591700 
0.360000 -1.987300 -0.556400 -0.476400 -3.700000 -2.855600 -2.676600 -12.698500 -6.497300 -5.519600 -8.728800 -6.750300 
0.362000 -0.065700 -1.038000 -1.926700 -1.986800 -2.169700 -3.346900 -4.984900 -4.153900 -6.478800 -9.339800 -7.802500 
0.364000 -0.838300 -1.420600 -2.715600 -2.020300 -3.652600 -3.765800 -9.531100 -5.774200 -10.983100 -12.828600 -4.146100 
0.366000 -1.130500 -1.694400 -0.871200 -1.752400 -2.708400 -3.631800 -9.161200 -4.741100 -1.640700 -19.077700 -6.735400 
0.368000 -0.765600 -1.650800 -0.669300 -4.333800 -2.172200 -3.974900 -11.479400 -2.785400 -4.577600 -10.306400 -8.013400 
0.370000 -0.747500 -3.495900 -0.843900 -5.618100 -0.711100 -7.141400 -9.748000 -4.400200 -1.468800 -9.631800 -13.474800 
0.372000 -1.980500 -0.899300 -1.612300 -3.925900 -3.906700 -3.339700 -7.685300 -2.879100 -1.238000 -7.305600 -13.632500 
0.374000 -1.430500 -2.362700 -0.336400 -4.214900 -3.657400 -1.268200 -8.560500 -1.501200 -6.716000 -3.641900 -3.213100 
0.376000 -2.218700 -5.014100 -0.993500 -4.690800 -1.652800 -3.098300 -10.594000 -4.549500 -7.883800 -8.901900 -2.484100 
0.378000 -0.982900 -2.633000 -3.426300 -2.090700 -3.608100 -3.154600 -9.006300 -2.567500 -3.364100 -21.577100 -8.624800 
0.380000 -0.988000 -1.627800 -2.049800 -5.097100 -2.074100 -4.089100 -14.031800 -2.429100 -3.934900 -6.121300 -2.370200 
0.382000 -1.267700 -1.052800 -1.503600 -1.907700 -1.886500 -1.610500 -12.260500 -2.802100 -7.055300 -4.826300 -4.725600 
0.384000 -0.734100 -2.599600 -0.950100 -2.825400 -2.301100 -5.715900 -10.639900 -2.313200 -1.604500 -21.334300 -5.312400 
0.386000 -0.514900 -1.891500 -0.769400 -2.951100 -1.617600 -2.028300 -9.791100 -5.088500 -5.268300 -9.755400 -2.176500 
0.388000 -1.111800 -2.336000 -1.832500 -1.763100 -1.558900 -4.297500 -9.958800 -2.302400 -7.634700 -10.866000 -1.296400 
0.390000 -2.420200 -3.280900 -1.286100 -0.794700 -2.095700 -2.030200 -6.880100 -3.458300 -7.133200 -18.356800 -1.739600 
0.392000 -2.027400 -3.022500 -0.670800 -2.605300 -3.039500 -2.572400 -8.449700 -3.111700 -3.709100 -8.315800 -4.802700 
0.394000 -0.952600 -2.325000 -1.709000 -2.721000 -1.216100 -1.771300 -11.592500 -4.695900 -4.852000 -25.509000 -13.010300 
0.396000 -0.887100 -2.977000 -1.577600 -2.010700 -2.108000 -2.831100 -11.858900 -2.695100 -5.276700 -5.971400 -6.894700 
0.398000 -0.903300 -1.287800 -0.983300 -0.773400 -0.925900 -1.840600 -10.269600 -2.990700 -8.039200 -3.666700 -8.123400 
0.400000 -0.865400 -1.464200 -2.618900 -1.232300 -2.674700 -2.521500 -7.290800 -3.136100 -4.141600 -17.335000 -14.876400 
0.402000 -1.904500 -1.582900 -2.709100 -1.480300 -1.693000 -3.597100 -2.142700 -2.359900 -1.799100 -10.812300 -18.365700 
0.404000 -0.784100 -1.815800 -2.515500 -1.891000 -2.082100 -1.664100 -3.872900 -4.011000 -6.828600 -4.997900 -6.651300 
0.406000 -1.238900 -4.213400 -0.917600 -1.426100 -0.569500 -2.957300 -3.565500 -2.181700 -3.622900 -8.569800 -1.242500 
0.408000 -1.510200 -1.791400 -2.284900 -3.198000 -2.198600 -1.185600 -11.129800 -7.757300 -4.757900 -7.680500 -6.742900 
0.410000 -0.719200 -5.079000 -1.742600 -2.922900 -2.447900 -2.920700 -4.200400 -4.170200 -3.105600 -11.676200 -7.111600 
0.412000 -0.984200 -3.002800 -2.490000 -1.767400 -2.203300 -2.820300 -8.986200 -0.653600 -2.897400 -11.623900 -5.862500 
0.414000 -1.249700 -3.304500 -3.026800 -3.914800 -1.137200 -1.898300 -6.255600 -2.652300 -3.368200 -4.686100 -5.977200 
0.416000 -1.294500 -1.183000 -1.614100 -1.498800 -0.419700 -1.313800 -2.677600 -3.199500 -3.858900 -6.030500 -11.567400 
0.418000 -0.758300 -2.969500 -2.001000 -1.583200 -2.869400 -1.856600 -7.224800 -2.062200 -7.332400 -6.143800 -18.057100 
0.420000 -2.246300 -1.562200 -3.125700 -3.596500 -2.654300 -2.780800 -2.933500 -1.522000 -12.502600 -8.575900 -3.521100 
0.422000 -2.557900 -0.819400 -3.057200 -4.280500 -0.644400 -3.359500 -3.141000 -1.540600 -6.568800 -21.156700 -4.805800 
0.424000 -1.097100 -2.337200 -2.335000 -2.499900 -0.517600 -2.862900 -1.388300 -1.465300 -3.389700 -8.478900 -4.990800 
0.426000 -2.421000 -2.209500 -3.024100 -2.197500 -3.451400 -6.669000 -4.001100 -1.950600 -2.387000 -1.052200 -2.326000 
0.428000 -1.821000 -2.124400 -1.319500 -2.966700 -1.488900 -4.509500 -2.051600 -5.850700 -4.657300 -6.420300 -12.681700 
0.430000 -1.603100 -2.147300 -1.521900 -1.545000 -1.146800 -2.222200 -3.281300 -2.543100 -7.438400 -6.248600 -3.732000 
0.432000 -2.419000 -1.637300 -1.012800 -2.608400 -2.035100 -2.317500 -7.544000 -2.122000 -5.684600 -5.277900 -3.688500 
0.434000 -1.132300 -2.679900 -4.338200 -1.739300 -0.409100 -5.565700 -3.750500 -10.934900 -2.907200 -10.914900 -10.542700 
0.436000 -2.719100 -2.181100 -2.053400 -3.631700 -0.983700 -1.085100 -4.438000 -1.242400 -4.375200 -5.703200 -7.363300 
0.438000 -3.764200 -1.618100 -2.973900 -1.175400 -3.163800 -4.665100 -3.756000 -1.989300 -5.213300 -6.109800 -6.874000 
0.440000 -0.333100 -1.392300 -4.533500 -2.352000 -1.851000 -2.543300 -9.140000 -1.966700 -6.308100 -3.742000 -7.675500 
0.442000 -0.491800 -2.098100 -1.361100 -2.793500 -2.204400 -4.307800 -3.534800 -2.545100 -9.942700 -7.456500 -3.048900 
0.444000 -1.453900 -1.079900 -0.708800 -2.573700 -4.335800 -2.685700 -3.682700 -5.764000 -4.015800 -7.076600 -14.133600 
0.446000 -2.817900 -1.676700 -1.453800 -3.867100 -2.123700 -4.641000 -2.111600 -0.832600 -7.302700 -3.823200 -5.083400 
0.448000 -0.614200 -1.234600 -1.196400 -2.130000 -3.287600 -3.065900 -3.027900 -3.021300 -5.384600 -4.315100 -1.455800 
0.450000 -3.468400 -1.371000 -1.932900 -1.188900 -4.933900 -7.864700 -1.901000 -5.608600 -4.528400 -5.055400 -8.995900 
0.452000 -2.117200 -1.157100 -1.912000 -3.365100 -2.444500 -5.525800 -6.659000 -4.189800 -6.795300 -1.483100 -3.496200 
0.454000 -3.093900 -1.157200 -1.010100 -4.815300 -2.756600 -4.544100 -6.041900 -7.914800 -7.186500 -4.822300 -4.362800 
0.456000 -1.210400 -0.802100 -1.131900 -1.546500 -1.125100 -1.188300 -6.305700 -2.849600 -6.125700 -3.894900 -5.882200 
0.458000 -1.110200 -1.677400 -2.411400 -1.776200 -2.077300 -2.832700 -7.509000 -2.368600 -1.980000 -6.567600 -5.041500 
0.460000 -2.814700 -3.323100 -1.970600 -2.075000 -2.989700 -3.225800 -4.470600 -1.232600 -10.754000 -5.318000 -5.274800 
0.462000 -1.247600 -3.552400 -2.798400 -2.544600 -1.393100 -0.778400 -4.390600 -3.279500 -8.963600 -4.845100 -5.242600 
0.464000 -0.966000 -1.676800 -3.577000 -2.490200 -1.762400 -1.643700 -12.305600 -0.760900 -7.591300 -3.138500 -3.538900 
0.466000 -1.194400 -3.259800 -3.405300 -2.287500 -4.202500 -4.526800 -4.794900 -0.395000 -3.913600 -18.598100 -9.667400 
0.468000 -1.230700 -1.693100 -2.906600 -2.038800 -1.252400 -3.240800 -3.355300 -5.039300 -7.691300 -9.083300 -7.930100 
0.470000 -2.197700 -2.724200 -0.437600 -3.203000 -1.899200 -3.389100 -7.205500 -6.496300 -7.708900 -3.888200 -2.846500 
0.472000 -2.284000 -0.265000 -4.919300 -1.679600 -4.048300 -3.233300 -6.442600 -1.754700 -5.801900 -8.594500 -5.540600 
0.474000 -1.299000 -1.414700 -1.821100 -2.940100 -3.540100 -5.242400 -3.240400 -8.797000 -4.729600 -7.447100 -5.413000 
0.476000 -2.486600 -2.138700 -2.053700 -2.224500 -0.151400 -0.983800 -6.558500 -3.088700 -3.138600 -7.804600 -3.949200 
0.478000 -3.222800 -3.144000 -3.872800 -2.312400 -1.917100 -3.410300 -4.033900 -4.713900 -8.330300 -6.527200 -2.902200 
0.480000 -0.749300 -0.885500 -1.441900 -1.389600 -2.075500 -1.895900 -3.230200 -1.562000 -6.273600 -8.751800 -3.333400 
0.482000 -2.195400 -0.970600 -3.024200 -2.339400 -1.173200 -1.340000 -2.111200 -4.170700 -2.029300 -4.406300 -2.713700 
0.484000 -2.270600 -1.647200 -1.794000 -2.110900 -1.267200 -1.914200 -1.399500 -3.532900 -2.931300 -31.996900 -7.194100 
0.486000 -0.821000 -0.724100 -2.800800 -1.563100 -4.174000 -2.152500 -1.824100 -3.351400 -6.356400 -10.003000 -6.736000 
0.488000 -0.753600 -1.566800 -2.619700 -1.567700 -2.423000 -1.862600 -1.864000 -5.855100 -4.937900 -9.077400 -6.778700 
0.490000 -0.550700 -0.793100 -3.293900 -1.156100 -1.345200 -1.310700 -1.747300 -7.035300 -4.434500 -24.749700 -6.889400 
0.492000 -1.476200 -0.378000 -2.952500 -4.867600 -3.641800 -4.055600 -3.075800 -5.928800 -6.052000 -7.225400 -3.305300 
0.494000 -1.041300 -2.860900 -0.930800 -1.168000 -1.295300 -1.456500 -1.607500 -5.594100 -10.497000 -6.482600 -13.085300 
0.496000 -1.528700 -1.764200 -1.335400 -2.482900 -0.585400 -3.969600 -6.765400 -2.476300 -5.694800 -5.990600 -11.499700 
0.498000 -0.694900 -1.378700 -2.215000 -2.175200 -0.821200 -2.536100 -1.040400 -6.878200 -5.255000 -4.033200 -7.756100 
0.500000 -1.183200 -2.084100 -1.245400 -1.987500 -1.497500 -1.031300 -5.146600 -3.227500 -3.630400 -14.720500 -2.424200 
0.502000 -2.068500 -1.821800 -1.143900 -0.892300 -2.736900 -3.245700 -4.529400 -2.416200 -5.338900 -2.153900 -1.865100 
0.504000 -0.806500 -2.965300 -0.889500 -1.575100 -3.571400 -4.274400 -3.771600 -1.330000 -4.994200 -6.451100 -3.869300 
0.506000 -1.651100 -2.339100 -1.374900 -4.472300 -2.074100 -3.442400 -6.336100 -0.600000 -4.265100 -7.731600 -10.630600 
0.508000 -1.900500 -1.072600 -1.557800 -3.265400 -2.957400 -2.097700 -1.794500 -2.770800 -2.688900 -21.658100 -7.832700 
0.510000 -1.240200 -2.376900 -0.698000 -2.385200 -1.407500 -1.516600 -2.536200 -2.425000 -4.219400 -9.708200 -5.420800 
0.512000 -3.009700 -2.436100 -0.447600 -4.915800 -2.972300 -3.279100 -3.392900 -3.389600 -21.333700 -13.888400 -6.245800 
0.514000 -1.280600 -2.046000 -0.222900 -2.185200 -4.003000 -1.770500 -2.509100 -3.602400 -9.040700 -17.832200 -9.229500 
0.516000 -0.980400 -1.611300 -1.787500 -3.299200 -1.385000 -3.408000 -1.888100 -1.730800 -5.014300 -13.671900 -8.050200 
0.518000 -2.298500 -3.520300 -0.355700 -1.209200 -1.706300 -2.598500 -3.095900 -3.428200 -3.603800 -12.960700 -10.735600 
0.520000 -1.439400 -0.950700 -1.632100 -7.343400 -2.344700 -2.135900 -13.128900 -1.227000 -3.923500 -12.707100 -5.667000 
0.522000 -1.239500 -1.949000 -2.766000 -2.189800 -4.880200 -1.822300 -6.087800 -1.467800 -2.899800 -7.497900 -5.283500 
0.524000 -1.372500 -1.479400 -1.644900 -1.673200 -2.026400 -0.432300 -5.204200 -3.722800 -11.899200 -13.610100 -4.042100 
0.526000 -3.317500 -1.214900 -1.883700 -1.861500 -0.662900 -4.534900 -3.490900 -0.767600 -7.803600 -9.995300 -4.463600 
0.528000 -1.584900 -1.527800 -1.738500 -2.376500 -1.389000 -1.704800 -5.205400 -2.077600 -8.065300 -9.104000 -8.700800 
0.530000 -0.626100 -0.601200 -2.041300 -2.279700 -3.075700 -5.883200 -8.674500 -1.497500 -12.117800 -12.924000 -3.996900 
0.532000 -1.923200 -1.713800 -1.671100 -0.821000 -0.781400 -2.652100 -6.289400 -2.001200 -2.446300 -11.206400 -4.157700 
0.534000 -1.226800 -2.126500 -0.513600 -2.555100 -2.681900 -1.104100 -4.583600 -3.418500 -4.393400 -8.103700 -4.032600 
0.536000 -0.966500 -1.778800 -0.766800 -1.197800 -1.599000 -0.389800 -4.326600 -4.353600 -10.797300 -17.313300 -3.910600 
0.538000 -1.889700 -1.399000 -1.779900 -1.947600 -3.132500 -3.124400 -3.941800 -3.021600 -5.760900 -10.847800 -5.495000 
0.540000 -1.309900 -0.939800 -2.689300 -1.072000 -2.496900 -2.586400 -5.242700 -2.241600 -6.948800 -4.106900 -6.542200 
0.542000 -1.419200 -2.365500 -0.653300 -2.089600 -1.387500 -3.494800 -5.351200 -2.251100 -5.775300 -7.688300 -7.648600 
0.544000 -0.549800 -0.287900 -2.817900 -3.236700 -0.952500 -1.142500 -4.822800 -1.823000 -4.382700 -19.845800 -5.446300 
0.546000 -1.622300 -1.096600 -2.215500 -1.019300 -1.678200 -1.850000 -3.916800 -3.655500 -5.616900 -11.853000 -5.134600 
0.548000 -2.151900 -1.714500 -2.032900 -4.181300 -2.427500 -3.743200 -2.460200 -4.136500 -9.086400 -14.786700 -7.489500 
0.550000 -1.504200 -0.558200 -1.356700 -3.008000 -3.449500 -2.026200 -2.342200 -6.894500 -4.291800 -7.053600 -15.189700 
0.552000 -1.306900 -3.169600 -1.414500 -3.832100 -1.621200 -3.707700 -2.699000 -1.006200 -10.539900 -8.548700 -6.319500 
0.554000 -1.374200 -0.243600 -2.073300 -0.099100 -3.527600 -3.816200 -2.879100 -1.203800 -3.170200 -4.326900 -2.569200 
0.556000 -1.428300 -1.541300 -1.419900 -2.699100 -1.680200 -2.258600 -7.908000 -4.565700 -7.782400 -8.005000 -6.263100 
0.558000 -2.675600 -0.737600 -3.220200 -2.343900 -3.716700 -3.417800 -5.257100 -2.956100 -9.420400 -9.188100 -9.373000 
0.560000 -1.319400 -1.690200 -2.576400 -3.396500 -3.206000 -2.053000 -13.449600 -2.716300 -4.850700 -4.742100 -7.119900 
0.562000 -2.306200 -0.246900 -2.241300 -2.530800 -3.156000 -2.086400 -4.404700 -5.289500 -5.478600 -5.803300 -7.885200 
0.564000 -1.623200 -2.291600 -1.293000 -2.114900 -1.585900 -5.720800 -6.622400 -3.863600 -5.027400 -4.836900 -8.462300 
0.566000 -1.501800 -1.439100 -0.961400 -1.689200 -2.497800 -2.037100 -10.879900 -2.756500 -2.921400 -3.217500 -8.689500 
0.568000 -2.316900 -2.763300 -2.205700 -1.241800 -1.952800 -1.665700 -6.394400 -3.495300 -7.793400 -6.016900 -5.735600 
0.570000 -2.203300 -2.641100 -2.250400 -2.078500 -1.606900 -7.635800 -1.026200 -5.864900 -5.391600 -4.725200 -6.554900 
0.572000 -1.615900 -1.518800 -0.753900 -3.458100 -2.719500 -1.499400 -1.413200 -3.320800 -4.628600 -10.281700 -1.581200 
0.574000 -2.743700 -2.606700 -0.530500 -5.453800 -1.558700 -1.947100 -2.354900 -3.422900 -8.265500 -9.445300 -11.968300 
0.576000 -1.587400 -2.391700 -2.720000 -1.700200 -0.617100 -0.602300 -2.405700 -2.833200 -8.914300 -15.251400 -11.331100 
0.578000 -1.306800 -2.400300 -1.049300 -3.263400 -3.351600 -6.480200 -5.297200 -2.349300 -11.369000 -9.811800 -10.990900 
0.580000 -1.496000 -2.364300 -0.888000 -5.507000 -0.848500 -1.972900 -3.164600 -4.889800 -6.090000 -14.235700 -8.763200 
0.582000 -0.738700 -2.282800 -2.387800 -3.082600 -3.691900 -1.865200 -3.605000 -8.065700 -4.115900 -6.279100 -9.538100 
0.584000 -2.129900 -3.894100 -1.166900 -1.904300 -2.255700 -2.261800 -4.311800 -1.356100 -1.507000 -6.769100 -5.989500 
0.586000 -2.078600 -1.997500 -2.281100 -1.157100 -1.862300 -3.789900 -2.881200 -1.653600 -7.383100 -5.775500 -8.617100 
0.588000 -1.621500 -0.748100 -1.916000 -2.235300 -2.126400 -1.029700 -4.777800 -5.657500 -7.923800 -4.765800 -3.339000 
0.590000 -1.194200 -1.944600 -1.221300 -1.264100 -1.901700 -3.987800 -3.145800 -2.895300 -8.676100 -14.147000 -2.503100 
0.592000 -1.359700 -2.687600 -2.843300 -1.522400 -4.200900 -3.498000 -2.637900 -3.793600 -7.134700 -5.241900 -2.246900 
0.594000 -2.627600 -5.200500 -1.547900 -2.781500 -1.211000 -2.216200 -2.570900 -6.714800 -7.581400 -9.241700 -4.423700 
0.596000 -1.684600 -2.824700 -0.745100 -4.785400 -2.341300 -6.714500 -4.666300 -0.933200 -1.406200 -29.490300 -1.808800 
0.598000 -2.112500 -1.469900 -1.392100 -0.728500 -1.270800 -2.540100 -3.895700 -2.670200 -7.017400 -14.640500 -4.755800 
0.600000 -2.029600 -1.858800 -1.786200 -0.858300 -2.445700 -1.325500 -3.563000 -1.509300 -7.293800 -8.796000 -5.799700 
0.602000 -2.123700 -2.030100 -1.438400 -2.600500 -1.340300 -2.071900 -5.678700 -6.430100 -8.164100 -5.925800 -3.964100 
0.604000 -0.822400 -1.665200 -2.195300 -2.683900 -3.096000 -3.934000 -5.830600 -3.544000 -6.766400 -9.965900 -2.972300 
0.606000 -2.366200 -2.942700 -1.520300 -2.969800 -3.639900 -0.782100 -4.968700 -10.481700 -5.942100 -7.190100 -7.524600 
0.608000 -0.612700 -1.247500 -2.315100 -1.749900 -3.162500 -1.419800 -4.475400 -6.313300 -7.380900 -6.776600 -7.763500 
0.610000 -0.685400 -2.457200 -1.912200 -0.173400 -2.620400 -1.312300 -4.932100 -8.801900 -7.853200 -6.616000 -3.399700 
0.612000 -0.605000 -1.815700 -2.323300 -1.833400 -1.132500 -1.221400 -3.038800 -4.013300 -6.569400 -23.707100 -7.013200 
0.614000 -0.646000 -1.421700 -0.317300 -1.097700 -3.890300 -1.361300 -4.247600 -7.003100 -5.295100 -14.912300 -5.983800 
0.616000 -1.521300 -2.589500 -3.614600 -3.590500 -1.199400 -2.600400 -3.727800 -3.405500 -3.665800 -14.617600 -3.470400 
0.618000 -3.151000 -2.042700 -2.880700 -0.973400 -1.623700 -2.003400 -4.225800 -4.065900 -4.706700 -14.033400 -5.136400 
0.620000 -2.045600 -0.701200 -4.067100 -2.295600 -1.005200 -2.395500 -4.272500 -4.209200 -6.633400 -14.086100 -3.326500 
0.622000 -0.262600 -1.952100 -2.525000 -1.801600 -1.758900 -1.816300 -2.134900 -4.133700 -2.146400 -5.168600 -9.049100 
0.624000 -2.650400 -1.210700 -3.580800 -0.849900 -1.599600 -3.531800 -4.964700 -5.761300 -7.399300 -12.467800 -5.572700 
0.626000 -2.087900 -1.655200 -1.101700 -2.841500 -1.485400 -2.428700 -2.952400 -2.103800 -7.306200 -10.549000 -8.255000 
0.628000 -0.459800 -1.203600 -1.720100 -1.784700 -1.307900 -1.870600 -5.143900 -3.614100 -7.336300 -10.491500 -4.263000 
0.630000 -1.733400 -1.134300 -1.552700 -1.354700 -2.282000 -1.702600 -2.800700 -1.698000 -6.427400 -6.094500 -4.172900 
0.632000 -0.782300 -2.485900 -2.734000 -1.968900 -2.448600 -0.467300 -2.537500 -1.202500 -2.611600 -20.600400 -3.113500 
0.634000 -1.226500 -1.441300 -1.687600 -1.589900 -3.546400 -3.993400 -2.947300 -2.038400 -2.341900 -13.565800 -4.390200 
0.636000 -0.952700 -2.702300 -0.606000 -1.042400 -1.739400 -2.020900 -5.871300 -4.518300 -1.738000 -17.083200 -7.882700 
0.638000 -3.441900 -0.632900 -0.621900 -1.676300 -2.113900 -3.390300 -3.181800 -4.420400 -9.234500 -6.869200 -2.744500 
0.640000 -1.523200 -0.614000 -3.859400 -1.819200 -2.193100 -1.742800 -4.475500 -4.748200 -3.881100 -4.979900 -7.466100 
0.642000 -3.001200 -2.049700 -0.837200 -1.475700 -2.167300 -2.953100 -4.056000 -6.666000 -5.351200 -9.824000 -9.150200 
0.644000 -0.505100 -0.880100 -1.718100 -1.341100 -4.568500 -2.905500 -8.784300 -2.153700 -8.778000 -5.377300 -3.875600 
0.646000 -0.771700 -1.827300 -0.393800 -1.418700 -1.617000 -4.457300 -6.227100 -2.770500 -5.622200 -8.857800 -1.960500 
0.648000 -1.191200 -1.467300 -0.888000 -4.742900 -2.786100 -3.293100 -4.570400 -5.084700 -6.934600 -3.471600 -4.773700 
0.650000 -0.273200 -1.691400 -1.437400 -2.223900 -1.665800 -3.055900 -4.187700 -1.041800 -9.948700 -9.402500 -6.555600 
0.652000 -1.373100 -2.750700 -1.691100 -7.408000 -1.287900 -1.305800 -3.913700 -3.962400 -3.586000 -15.410800 -4.123500 
0.654000 -1.981800 -2.116800 -2.405200 -1.232200 -1.179800 -2.435800 -4.741800 -3.967400 -4.918200 -9.600600 -14.186800 
0.656000 -2.783800 -1.851700 -0.727700 -2.976200 -1.447500 -3.555700 -3.117700 -5.161200 -5.611700 -6.431900 -3.005400 
0.658000 -0.696600 -0.366100 -1.509300 -3.543900 -1.004200 -2.222500 -1.975900 -3.584900 -8.116900 -9.307900 -16.450800 
0.660000 -1.375000 -1.756900 -1.927600 -1.299800 -1.855400 -2.380200 -4.227500 -3.365900 -7.092300 -5.573300 -5.846400 
0.662000 -2.358200 -1.080400 -0.726400 -1.333300 -0.981400 -1.427900 -4.404700 -1.118800 -4.762800 -12.746500 -8.783800 
0.664000 -0.811000 -0.973400 -2.216600 -2.367800 -1.284600 -3.888300 -2.133500 -1.808700 -4.295100 -4.397100 -5.160400 
0.666000 -1.405800 -1.220000 -1.427300 -2.818900 -1.625100 -1.309200 -2.447100 -6.199100 -4.755500 -9.347200 -12.450300 
0.668000 -0.912600 -0.644800 -1.318100 -1.870200 -2.138100 -1.956200 -3.344900 -2.855500 -1.468300 -9.519300 -8.222800 
0.670000 -2.037900 -4.529400 -0.694000 -2.409800 -1.314200 -2.209200 -2.236300 -6.089000 -4.259400 -5.375600 -8.563600 
0.672000 -0.989900 -2.243700 -0.685000 -2.026600 -0.856300 -1.345000 -4.135500 -3.418900 -3.514400 -12.670500 -6.241300 
0.674000 -1.260600 -1.118000 -1.063300 -2.724200 -2.513500 -3.968000 -4.484900 -1.471900 -2.322500 -11.346900 -5.192900 
0.676000 -0.876700 -1.079300 -0.506300 -1.473000 -3.261400 -1.884500 -2.881500 -5.666800 -3.092500 -15.400200 -19.840300 
0.678000 -2.008400 -3.530600 -3.064200 -2.205700 -1.905200 -1.671400 -2.286200 -3.597300 -6.141200 -6.542900 -9.274800 
0.680000 -0.571600 -1.748400 -0.796300 -3.928000 -1.322300 -1.475100 -6.482700 -1.604900 -9.310500 -19.716200 -6.721900 
0.682000 -0.556700 -2.728000 -2.826700 -4.769800 -1.324000 -0.867000 -2.394600 -1.779500 -16.732500 -28.997100 -9.227400 
0.684000 -0.762600 -1.378200 -0.442600 -1.809800 -1.311100 -1.828500 -3.771400 -3.565100 -4.076200 -4.210900 -5.562700 
0.686000 -1.459400 -1.059600 -0.822700 -2.040100 -1.457600 -1.481700 -3.406900 -8.327400 -2.934700 -16.291800 -2.717700 
0.688000 -1.016900 -1.087500 -1.389600 -4.752300 -0.949800 -1.433800 -5.665700 -4.341200 -6.409300 -10.125500 -9.718100 
0.690000 -1.713000 -1.097400 -2.940400 -2.359600 -3.177200 -1.732300 -1.562400 -4.253500 -7.106400 -19.107000 -12.497400 
0.692000 -1.139900 -2.792100 -3.211900 -0.890100 -1.043700 -0.767300 -1.617900 -1.797100 -3.569400 -4.292600 -8.402800 
0.694000 -1.515900 -1.621000 -0.997500 -1.869900 -0.939900 -0.869200 -6.541900 -4.478600 -8.847600 -8.597900 -9.294600 
0.696000 -1.208100 -0.647500 -1.700300 -2.037900 -3.475400 -2.292600 -3.067400 -4.764700 -6.661100 -9.795100 -9.888200 
0.698000 -0.633900 -3.972800 -3.808800 -5.820600 -0.580200 -1.543900 -3.458300 -3.507100 -10.042800 -7.157200 -3.935200 
0.700000 -1.503500 -1.530500 -3.766100 -3.153700 -2.308300 -1.193800 -7.341200 -10.965900 -7.414200 -7.130300 -8.290500 
0.702000 -2.490800 -0.857000 -1.639800 -1.002000 -4.394300 -0.916400 -3.414900 -0.437000 -8.776700 -1.415600 -2.269000 
0.704000 -0.966900 -0.578000 -0.724300 -3.033700 -3.404800 -1.506800 -3.142600 -2.890600 -5.851700 -8.900500 -8.112000 
0.706000 -0.780600 -0.800800 -2.150200 -4.199400 -4.268700 -3.690000 -1.592300 -4.849700 -5.904400 -5.693800 -8.967800 
0.708000 -0.783000 -0.684400 -4.011700 -1.176400 -2.525400 -3.846400 -3.228800 -1.670400 -5.743700 -6.166000 -7.375800 
0.710000 -0.691200 -0.961000 -0.479400 -3.747000 -2.916700 -1.520800 -5.847400 -1.735100 -4.276500 -5.827000 -12.608100 
0.712000 -1.078900 -3.463300 -0.669600 -1.523800 -2.491900 -1.651300 -3.490300 -1.039700 -10.589400 -8.777400 -12.553300 
0.714000 -0.559200 -1.079900 -1.640900 -4.217600 -2.430000 -2.752700 -2.566300 -3.887000 -3.671900 -4.045500 -5.595300 
0.716000 -1.571600 -2.161400 -1.731800 -0.586900 -1.998800 -1.105900 -5.868800 -1.747000 -3.588800 -6.469400 -8.836700 
0.718000 -1.247900 -1.991300 -1.728000 -2.564200 -5.091000 -1.083500 -6.983400 -3.232200 -8.990900 -15.453700 -6.614800 
0.720000 -1.802100 -2.779000 -1.835100 -1.563300 -2.127300 -0.810900 -1.518500 -1.457500 -6.262600 -3.261800 -6.571100 
0.722000 -1.701800 -1.075600 -2.704600 -3.776100 -2.239800 -2.667400 -4.257400 -3.307500 -4.464500 -10.692900 -7.675800 
0.724000 -2.914600 -2.362900 -2.252600 -2.276600 -6.685000 -2.518900 -1.088900 -1.204700 -2.704000 -15.011600 -4.481200 
0.726000 -0.696900 -1.675400 -2.340500 -2.887100 -3.209600 -0.623900 -1.303400 -4.465400 -3.550300 -13.822400 -8.649800 
0.728000 -0.991600 -1.633800 -2.751200 -2.550900 -2.395000 -2.296700 -6.621900 -4.691400 -6.946900 -13.140200 -7.252900 
0.730000 -0.273200 -0.142100 -1.389900 -3.830600 -2.301300 -0.572100 -2.578200 -2.831600 -5.757000 -7.756300 -6.864300 
0.732000 -0.880000 -1.695600 -0.598300 -5.937600 -1.476000 -3.845000 -2.789400 -4.125100 -3.321500 -17.074000 -10.842400 
0.734000 -1.306400 -1.000700 -0.557900 -0.874300 -9.476700 -1.654900 -1.810800 -1.857200 -2.390500 -6.784300 -6.947900 
0.736000 -1.851700 -1.956800 -1.607800 -1.050100 -1.122300 -2.449500 -1.575300 -1.471500 -3.357900 -3.325100 -5.165000 
0.738000 -1.985000 -0.734700 -1.881700 -2.428500 -2.112600 -1.990500 -2.645700 -2.593300 -4.858400 -7.859000 -9.371100 
0.740000 -2.314700 -2.232800 -0.845700 -1.756300 -3.806100 -1.090100 -1.418900 -2.744000 -7.008300 -5.317000 -10.424800 
0.742000 -1.146700 -1.857400 -0.798700 -1.227800 -4.262400 -2.813500 -3.879900 -2.623700 -7.485600 -3.568300 -3.692500 
0.744000 -1.113900 -0.668800 -1.826700 -4.745300 -3.818400 -1.230600 -3.728200 -5.036800 -5.367100 -3.876700 -24.327500 
0.746000 -1.055300 -4.719100 -0.633200 -3.250500 -5.781000 -2.468700 -1.297200 -3.518800 -5.431900 -3.347200 -7.931100 
0.748000 -1.728200 -0.906000 -1.515900 -1.444600 -1.772900 -1.002500 -6.206700 -7.217100 -2.496400 -4.698500 -34.653600 
0.750000 -2.057300 -1.043100 -1.749200 -2.396500 -4.516900 -2.284400 -1.805000 -1.268900 -3.102300 -3.708700 -29.318400 
0.752000 -1.016500 -1.017000 -1.083900 -0.356700 -3.990900 -2.863900 -1.819900 -1.286700 -2.853000 -3.238800 -18.932900 
0.754000 -0.571200 -1.887600 -0.994900 -3.354100 -3.578700 -4.657300 -1.825500 -2.022500 -2.438800 -12.400000 -8.621100 
0.756000 -1.201200 -3.123900 -1.178700 -1.898400 -4.495800 -1.479600 -1.941700 -3.082000 -6.616700 -22.618000 -7.436500 
0.758000 -0.494200 -2.309400 -1.007800 -1.654500 -1.763300 -0.545100 -3.698300 -3.105300 -6.221800 -11.064800 -5.988000 
0.760000 -1.042200 -1.128500 -2.417900 -2.182700 -1.436000 -3.184900 -1.806800 -2.220000 -3.336400 -8.319700 -29.813100 
0.762000 -1.747900 -0.750800 -1.541600 -0.779500 -1.391600 -0.555200 -4.394900 -2.163500 -4.159900 -3.563400 -10.362700 
0.764000 -0.584300 -3.276800 -3.311100 -3.033300 -0.775100 -2.545100 -1.235500 -3.351300 -5.483400 -11.407800 -4.071800 
0.766000 -1.510800 -1.794000 -0.461800 -2.885200 -2.945000 -1.405000 -2.740700 -1.815600 -2.055100 -4.669900 -13.774800 
0.768000 -1.728600 -2.603000 -0.945700 -1.330600 -3.077600 -2.151100 -1.613000 -2.811700 -3.371000 -10.529100 -4.318500 
0.770000 -0.619000 -3.565600 -2.906100 -2.675400 -2.480300 -3.841000 -1.475800 -2.511300 -4.955900 -7.088100 -7.470900 
0.772000 -1.348900 -2.335800 -0.405300 -2.617900 -2.511500 -2.113700 -4.291100 -2.420100 -1.327100 -22.301200 -5.102700 
0.774000 -1.021100 -2.903700 -1.360600 -1.547900 -3.196200 -1.599700 -2.063000 -5.129300 -3.220300 -8.517600 -2.273700 
0.776000 -1.067800 -1.998600 -2.635800 -1.443300 -1.841100 -6.360900 -5.106500 -4.022000 -3.731200 -6.960500 -4.158500 
0.778000 -1.398900 -1.786100 -1.626700 -3.941800 -2.709600 -1.056300 -3.074000 -3.907800 -3.094000 -9.558300 -8.021100 
0.780000 -0.552000 -1.090200 -2.930100 -0.934700 -5.210000 -5.855800 -2.539200 -4.123000 -3.631200 -17.282700 -7.998200 
0.782000 -1.554500 -1.720600 -1.678700 -3.040200 -2.180300 -0.805100 -4.423000 -2.982500 -6.272400 -7.647400 -10.096700 
0.784000 -1.466800 -1.966500 -0.889000 -2.493900 -1.597600 -1.291500 -3.963700 -1.748700 -4.359600 -25.285900 -6.187200 
0.786000 -1.192800 -0.700400 -3.701200 -2.741300 -2.767800 -1.839700 -3.833200 -4.494800 -6.525700 -16.852600 -7.864300 
0.788000 -2.761700 -3.992800 -2.272800 -2.004600 -0.864600 -0.415400 -5.984500 -3.944500 -2.647500 -11.030800 -7.185200 
0.790000 -1.378200 -1.294900 -1.692200 -4.933200 -4.485400 -0.988900 -1.741100 -2.857200 -3.003000 -12.533000 -5.689300 
0.792000 -1.414700 -3.215800 -1.590900 -4.225300 -2.959700 -4.867300 -3.777900 -3.638800 -10.852100 -6.930300 -4.436000 
0.794000 -0.467900 -1.550900 -5.067900 -2.365900 -2.023000 -0.813600 -2.819100 -9.037400 -0.667100 -3.211300 -4.614600 
0.796000 -1.099100 -2.194300 -2.513200 -1.550800 -2.796700 -0.257500 -5.999200 -4.236300 -3.332700 -16.285800 -10.326100 
0.798000 -1.088500 -1.963700 -1.909800 -1.276300 -1.644700 -1.166500 -2.501000 -3.249300 -3.736200 -3.960000 -10.194700 
0.800000 -2.205800 -3.372100 -1.112000 -1.949800 -2.056800 -1.585700 -4.230900 -1.683200 -5.262400 -6.521500 -9.208800 
0.802000 -1.644700 -3.534400 -2.994300 -2.873900 -1.353900 -3.523600 -2.529500 -6.797200 -10.544700 -16.448000 -2.304500 
0.804000 -2.691100 -0.902600 -2.053700 -1.206500 -1.299900 -4.157000 -4.693600 -2.560200 -3.043700 -11.276900 -7.192200 
0.806000 -1.155000 -0.764300 -0.817000 -1.998500 -5.181400 -2.349700 -4.111600 -3.874600 -3.152900 -3.674900 -7.198900 
0.808000 -0.574800 -1.330000 -1.483000 -1.045300 -6.013000 -2.527200 -11.690400 -5.333000 -5.741000 -15.451200 -5.454600 
0.810000 -0.960800 -2.303700 -2.268600 -1.236100 -3.965200 -5.072000 -2.420800 -2.240000 -8.279600 -2.869000 -6.734600 
0.812000 -1.920100 -1.559000 -2.869100 -1.103100 -3.188300 -0.406600 -3.745600 -4.136100 -3.148100 -3.926400 -5.341000 
0.814000 -3.746800 -0.274500 -2.007900 -2.501800 -4.670500 -2.201800 -4.529600 -1.458400 -7.889600 -5.166000 -19.995600 
0.816000 -1.045800 -3.040900 -1.700500 -1.363700 -2.487100 -1.434100 -8.174500 -1.338700 -9.355000 -3.539700 -5.710000 
0.818000 -0.850500 -2.111900 -1.665200 -1.630600 -1.960900 -2.191100 -2.892300 -2.683900 -2.682000 -9.428000 -6.524100 
0.820000 -1.258200 -0.880900 -2.184300 -2.596600 -1.915700 -1.858800 -1.803000 -1.909800 -4.442600 -12.332300 -4.339200 
0.822000 -1.455800 -2.646700 -2.753200 -2.023900 -2.071100 -3.134100 -5.088400 -3.444600 -5.097300 -7.393300 -3.948700 
0.824000 -1.048600 -1.068800 -3.098700 -3.012900 -3.831600 -0.574200 -1.515900 -4.020900 -6.796900 -6.853100 -5.583100 
0.826000 -0.390800 -0.566400 -3.586900 -1.399900 -5.088400 -1.585500 -3.207400 -3.587200 -5.665700 -3.779300 -6.919700 
0.828000 -1.121000 -2.460600 -2.877900 -1.503100 -2.151700 -0.801800 -4.548700 -5.562300 -1.926200 -5.992800 -4.213500 
0.830000 -0.853600 -2.559100 -0.986500 -3.117800 -5.988200 -2.192600 -2.898600 -5.530600 -1.060400 -6.685800 -5.963900 
0.832000 -1.666500 -1.305100 -3.743900 -2.692800 -3.286700 -2.875100 -3.213900 -3.610700 -3.669000 -8.421100 -3.236400 
0.834000 -0.382900 -1.325500 -1.114500 -4.209700 -1.771800 -0.871000 -4.683800 -3.907100 -4.166000 -2.954800 -6.346700 
0.836000 -0.435000 -2.980600 -1.120500 -3.438000 -2.449600 -3.774700 -5.303600 -5.263200 -3.021700 -12.254200 -10.099600 
0.838000 -2.880700 -1.500500 -0.860800 -3.095600 -7.032200 -2.583200 -3.036000 -7.552400 -4.719700 -19.205100 -1.451400 
0.840000 -2.262000 -2.352600 -2.382200 -3.724400 -2.816900 -3.957100 -3.640900 -6.014700 -2.440800 -9.429300 -3.927100 
0.842000 -1.655400 -1.873700 -0.987000 -1.078500 -4.252300 -2.203600 -2.192300 -3.092100 -2.354500 -7.602300 -16.668800 
0.844000 -2.956900 -2.385200 -1.593500 -0.603200 -4.543200 -2.281300 -3.479700 -3.937100 -5.070300 -5.917400 -4.332700 
0.846000 -2.766300 -0.519100 -1.577200 -0.644200 -1.751700 -2.809700 -3.172000 -1.912300 -2.769900 -18.330900 -3.334900 
0.848000 -0.616600 -2.131800 -1.115500 -2.320000 -1.891200 -1.065700 -3.448700 -5.294200 -3.873200 -6.781800 -10.521000 
0.850000 -0.867400 -1.626600 -1.090400 -3.795500 -3.150400 -2.777800 -2.843500 -16.230900 -2.235800 -3.345500 -6.113700 
0.852000 -1.792300 -0.866700 -1.396900 -1.073100 -0.855200 -2.460200 -0.666400 -2.220200 -3.875000 -12.765100 -7.443100 
0.854000 -2.304800 -1.182000 -0.632900 -1.885400 -2.157600 -6.149300 -5.191400 -3.020200 -3.483900 -3.564000 -8.276800 
0.856000 -0.926400 -1.178800 -0.824600 -2.720200 -0.676000 -1.328200 -3.304200 -6.072400 -2.414000 -9.358500 -4.563800 
0.858000 -1.286200 -1.708100 -0.792800 -2.317200 -1.544400 -1.352000 -2.073500 -4.106300 -2.639700 -2.618500 -4.080500 
0.860000 -1.466800 -3.377900 -3.125500 -1.753300 -0.712700 -6.129300 -2.920100 -1.730300 -5.821700 -5.484900 -2.186500 
0.862000 -0.845300 -2.648200 -1.715800 -3.564700 -1.754600 -2.502700 -10.923200 -3.325300 -1.972100 -12.468300 -4.465500 
0.864000 -1.958400 -1.613400 -1.325500 -4.200300 -0.439600 -3.139400 -7.512600 -3.446900 -6.192200 -10.471000 -3.033500 
0.866000 -1.603400 -3.388600 -1.629000 -3.386200 -2.594100 -3.466100 -3.365100 -1.436900 -2.101200 -9.220600 -5.111200 
0.868000 -1.625800 -1.032400 -0.295400 -2.183600 -1.959700 -1.046200 -4.254200 -2.140300 -5.993700 -14.407200 -3.690900 
0.870000 -2.000300 -2.211500 -1.186000 -1.673900 -1.361300 -3.995700 -2.940900 -3.835700 -1.852900 -21.138700 -6.185400 
0.872000 -0.751000 -0.470300 -1.899500 -2.419400 -1.303300 -0.479600 -2.221000 -2.032100 -5.574200 -6.120500 -3.924900 
0.874000 -0.736300 -1.029400 -1.348100 -3.140500 -1.375000 -1.168400 -0.883800 -4.127200 -3.633100 -14.681500 -6.415000 
0.876000 -1.857500 -1.386000 -0.768600 -3.386500 -3.197100 -1.078500 -3.206700 -4.112200 -2.992100 -7.504700 -4.896100 
0.878000 -0.611300 -2.731400 -0.643200 -3.941700 -2.819300 -5.494000 -4.259100 -1.243700 -3.819200 -9.348500 -8.532700 
0.880000 -0.979900 -1.373800 -0.981400 -5.882900 -3.121300 -1.389800 -4.516700 -7.864600 -3.078900 -8.433000 -9.386500 
0.882000 -0.953400 -1.372200 -1.162700 -1.977700 -1.568000 -1.031500 -8.519500 -3.420700 -1.330400 -1.515200 -7.652500 
0.884000 -2.009200 -1.351500 -2.696900 -3.208300 -3.915900 -0.650300 -8.566100 -3.236200 -2.885800 -13.354200 -7.830000 
0.886000 -2.526500 -1.789800 -2.125400 -3.897600 -3.298000 -1.600100 -6.696900 -3.636300 -3.392000 -4.800300 -10.473400 
0.888000 -1.586600 -0.488400 -3.434400 -0.979000 -2.355300 -2.214900 -4.952300 -4.517100 -2.273900 -2.769600 -18.243700 
0.890000 -2.113300 -3.785400 -0.832600 -1.848000 -1.771400 -1.434500 -2.147600 -3.604800 -2.954800 -3.272800 -5.745600 
0.892000 -1.874600 -1.375000 -0.973200 -6.840400 -1.291600 -1.759000 -3.626700 -2.562200 -3.724300 -6.217800 -5.993400 
0.894000 -0.998100 -3.424100 -1.273400 -0.803100 -1.489400 -1.453900 -3.213000 -4.589100 -3.648000 -9.719700 -8.942300 
0.896000 -0.204200 -2.284900 -1.436500 -6.778200 -2.582300 -2.485600 -3.650800 -2.553800 -6.991800 -3.086900 -2.768100 
0.898000 -1.464800 -2.876900 -0.878300 -1.660100 -3.461800 -2.211400 -5.001600 -3.466200 -8.989000 -10.060000 -3.164300 
0.900000 -3.181500 -1.925500 -1.192400 -3.510900 -3.162200 -1.157500 -2.630400 -5.538900 -6.192800 -7.601600 -8.152100 
0.902000 -1.588100 -2.436600 -1.128800 -1.647500 -2.593600 -1.558800 -2.106900 -5.185200 -1.744100 -4.707300 -6.150200 
0.904000 -1.308200 -2.506800 -0.492800 -7.179600 -1.381300 -2.430400 -1.434500 -2.664200 -4.950600 -2.893300 -5.642600 
0.906000 -1.585300 -1.285000 -2.065400 -3.929500 -2.232700 -0.574900 -4.811200 -2.362700 -3.283600 -2.721800 -8.388800 
0.908000 -1.057500 -5.004800 -2.053800 -3.550000 -2.290800 -2.293100 -4.931200 -2.825800 -1.578300 -1.216300 -5.895800 
0.910000 -0.364700 -3.174700 -2.484100 -1.907700 -1.521100 -3.560100 -5.311800 -2.447200 -2.802700 -3.688000 -13.104300 
0.912000 -1.054600 -1.909500 -0.945500 -4.015000 -2.308100 -2.022400 -3.114400 -4.003100 -5.286700 -5.961200 -7.949900 
0.914000 -0.532000 -3.226500 -1.204500 -2.942400 -3.079700 -2.465700 -4.116800 -2.077400 -6.172600 -7.692700 -10.091500 
0.916000 -0.366900 -4.293400 -0.960600 -6.857200 -1.698800 -1.664900 -3.281200 -5.830700 -2.718400 -4.212800 -4.068700 
0.918000 -0.857600 -2.048000 -1.478100 -4.067000 -3.711200 -3.379000 -5.124300 -2.689600 -4.343400 -19.490400 -6.468700 
0.920000 -2.654300 -2.176100 -2.960900 -2.825700 -1.011100 -2.137100 -7.611600 -1.944600 -4.590500 -10.288300 -4.855300 
0.922000 -0.936900 -2.696100 -1.452500 -3.251200 -4.791300 -1.163700 -7.809100 -9.015700 -1.931400 -5.467600 -13.067500 
0.924000 -0.484500 -1.287600 -3.883000 -2.125400 -1.775500 -1.150900 -3.969800 -5.175700 -5.390200 -10.665300 -4.319000 
0.926000 -1.848500 -1.417900 -2.298800 -2.980800 -3.262000 -3.120200 -2.681000 -5.200200 -2.339000 -8.537400 -5.739000 
0.928000 -1.443200 -4.507600 -0.753400 -4.572000 -1.048800 -4.003100 -5.378100 -3.206500 -4.487200 -6.343100 -2.447800 
0.930000 -0.680100 -4.789800 -3.093500 -2.485500 -2.442700 -1.904900 -6.799900 -3.211000 -1.367900 -8.999900 -4.796600 
0.932000 -0.910500 -4.151000 -0.866100 -2.957700 -1.848000 -1.404900 -7.034000 -3.420700 -4.148800 -21.369800 -6.811100 
0.934000 -0.895200 -1.647300 -1.899100 -2.567900 -1.230100 -2.361700 -11.895200 -2.943100 -6.866200 -15.355700 -5.348700 
0.936000 -1.294000 -2.242900 -2.181300 -3.187700 -2.319100 -4.460900 -10.493600 -9.206500 -3.721100 -10.227300 -10.854900 
0.938000 -2.495600 -1.085200 -1.738000 -3.005600 -2.478600 -2.000600 -8.995700 -2.549100 -4.837000 -10.037800 -10.161700 
0.940000 -1.417100 -1.400200 -1.022300 -3.003000 -1.690800 -4.905900 -7.160500 -4.202200 -7.435100 -16.897600 -21.008000 
0.942000 -0.321200 -2.321200 -1.615000 -2.775000 -2.788500 -0.924900 -11.331500 -8.457800 -1.653500 -3.438600 -9.975200 
0.944000 -1.893700 -2.323400 -1.109400 -1.121200 -2.790500 -4.248700 -8.959600 -3.059200 -2.786000 -11.618300 -8.300500 
0.946000 -0.969200 -1.998700 -2.662400 -2.098500 -1.606600 -0.828200 -6.547800 -9.346300 -4.703600 -6.950100 -5.373600 
0.948000 -1.926000 -2.323600 -2.815500 -2.566300 -1.225000 -1.955100 -8.350000 -4.537600 -3.942900 -10.442000 -3.117900 
0.950000 -2.118300 -2.160700 -3.069500 -5.953800 -1.259100 -1.079700 -4.302200 -6.768400 -2.131500 -6.158700 -12.080300 
0.952000 -0.831500 -1.654800 -0.636900 -3.185700 -2.427200 -0.472700 -8.041500 -5.311500 -3.629300 -2.989000 -5.014300 
0.954000 -1.239800 -2.679100 -2.180100 -2.614700 -1.349000 -2.558900 -5.956600 -4.719700 -3.221300 -11.126700 -6.616900 
0.956000 -2.433200 -1.220800 -0.959400 -0.820100 -1.926200 -0.637300 -6.161400 -2.778000 -2.656700 -14.706400 -3.884200 
0.958000 -0.764500 -4.337300 -1.498300 -1.452700 -1.593700 -2.790300 -7.701500 -4.646300 -3.364700 -2.494500 -2.387200 
0.960000 -0.604500 -1.177300 -0.386400 -2.416000 -2.305400 -1.059700 -7.503500 -4.168400 -2.598700 -3.202400 -7.790900 
0.962000 -3.066000 -1.174800 -4.391800 -3.352600 -1.490800 -0.675000 -6.752300 -9.300400 -5.945000 -5.552800 -2.657700 
0.964000 -0.892800 -0.737000 -2.194700 -2.432700 -2.272900 -0.542600 -7.069600 -5.357800 -3.777800 -24.407600 -4.438300 
0.966000 -1.464100 -1.551800 -0.675800 -2.660700 -1.487000 -1.178800 -5.844500 -2.551800 -4.640300 -5.829700 -4.588800 
0.968000 -1.812500 -1.374400 -1.233600 -1.709900 -2.029000 -0.479800 -3.593100 -6.090500 -3.581700 -16.589400 -5.324800 
0.970000 -2.327600 -2.162300 -2.108000 -1.299400 -2.300000 -1.678500 -2.043700 -4.029200 -2.561500 -14.033000 -21.180600 
0.972000 -3.886900 -5.289500 -2.027400 -1.217700 -1.326100 -7.560400 -8.323200 -8.970700 -6.658600 -6.869100 -3.532400 
0.974000 -2.451700 -1.693400 -1.473900 -0.742300 -1.613900 -0.762800 -2.057300 -2.583000 -6.271500 -13.044200 -17.686100 
0.976000 -0.600100 -2.090000 -2.511400 -0.813400 -1.160900 -0.968900 -7.841100 -4.851000 -1.341400 -5.591200 -10.579400 
0.978000 -0.347200 -2.112500 -2.434800 -1.788300 -3.940000 -2.402600 -1.893700 -4.158700 -4.231100 -13.835500 -10.416900 
0.980000 -2.431800 -1.257000 -1.397800 -0.948300 -1.026400 -1.292400 -2.787000 -7.707900 -3.026000 -13.684000 -5.472100 
0.982000 -1.729900 -1.208100 -1.511200 -3.046700 -2.747300 -3.261800 -4.384100 -5.336400 -3.075900 -3.227000 -12.589200 
0.984000 -0.437500 -4.607900 -3.711300 -0.920700 -1.072500 -3.361900 -2.559200 -2.773700 -1.791400 -15.304800 -3.260700 
0.986000 -1.827700 -1.097700 -1.490000 -1.788300 -2.896900 -4.243100 -3.667900 -3.277100 -3.709500 -4.952100 -2.581800 
0.988000 -0.326700 -2.899900 -3.311800 -2.190800 -2.002900 -4.400500 -3.627000 -2.895900 -5.280600 -8.351400 -2.400600 
0.990000 -1.802200 -1.660400 -2.650800 -2.039700 -2.147000 -3.097300 -4.919000 -4.466700 -6.135500 -2.427000 -7.016300 
0.992000 -1.330800 -4.613600 -1.080400 -1.138400 -2.895700 -1.815100 -2.905700 -3.928600 -0.883000 -11.650800 -8.734600 
0.994000 -2.106400 -2.164300 -1.687400 -2.180800 -0.789200 -2.281000 -5.308400 -2.303400 -1.609700 -7.795800 -11.995800 
0.996000 -2.467400 -1.533900 -1.032700 -1.327000 -1.776100 -0.939800 -3.708400 -6.510000 -2.900000 -2.680600 -10.451400 
0.998000 -1.738400 -2.929800 -1.040600 -2.409700 -3.043900 -2.468900 -8.085100 -1.563500 -4.224100 -22.167700 -7.913500 
